timeStamp,elapsed,label,responseCode,responseMessage,success,bytes,sentBytes,grpThreads,allThreads,Latency,IdleTime,Connect
1637865710553,4,Small,200,OK,true,51512,138,1,1,2,0,1
1637865710558,25,Medium,200,OK,true,307513,139,1,1,1,0,0
1637865710583,4,Small-Medium,200,OK,true,102713,139,1,1,1,0,0
1637865710587,2,Small,200,OK,true,51511,138,1,1,1,0,0
1637865710591,2,Small,200,OK,true,51511,138,1,1,1,0,0
1637865710595,3,Small-Medium,200,OK,true,102713,139,1,1,1,0,0
1637865710598,9,Medium,200,OK,true,307513,139,1,1,1,0,0
1637865710607,15,Medium-Large,200,OK,true,512313,139,1,1,2,0,0
1637865710622,3,Small-Medium,200,OK,true,102713,139,1,1,1,0,0
1637865710625,16,Medium-Large,200,OK,true,512313,139,1,1,1,0,0
1637865710641,15,Medium-Large,200,OK,true,512313,139,1,1,2,0,0
1637865710656,9,Medium,200,OK,true,307513,139,1,1,1,0,0
1637865710665,8,Medium,200,OK,true,307513,139,1,1,1,0,0
1637865710674,28,Large,200,OK,true,1048891,137,1,1,1,0,0
1637865710702,2,Small,200,OK,true,51511,138,1,1,1,0,0
1637865710706,9,Medium,200,OK,true,307513,139,1,1,1,0,0
1637865710715,27,Large,200,OK,true,1048891,137,1,1,1,0,0
1637865710742,2,Small,200,OK,true,51511,138,1,1,1,0,0
1637865710746,14,Medium-Large,200,OK,true,512313,139,1,1,1,0,0
1637865710760,3,Small-Medium,200,OK,true,102713,139,1,1,1,0,0
1637865710765,9,Medium,200,OK,true,307513,139,1,1,1,0,0
1637865710774,3,Small-Medium,200,OK,true,102713,139,1,1,1,0,0
1637865710779,1,Small,200,OK,true,51511,138,1,1,0,0,0
1637865710782,4,Small-Medium,200,OK,true,102713,139,1,1,1,0,0
1637865710786,13,Medium-Large,200,OK,true,512313,139,1,1,1,0,0
1637865710799,14,Medium-Large,200,OK,true,512313,139,1,1,1,0,0
1637865710813,2,Small,200,OK,true,51511,138,1,1,1,0,0
1637865710818,13,Medium-Large,200,OK,true,512313,139,1,1,1,0,0
1637865710831,14,Medium-Large,200,OK,true,512313,139,1,1,1,0,0
1637865710845,13,Medium-Large,200,OK,true,512313,139,1,1,1,0,0
1637865710858,28,Large,200,OK,true,1048891,137,1,1,1,0,0
1637865710886,3,Small-Medium,200,OK,true,102713,139,1,1,1,0,0
1637865710889,4,Small-Medium,200,OK,true,102713,139,1,1,1,0,0
1637865710896,26,Large,200,OK,true,1048891,137,1,1,1,0,0
1637865710922,15,Medium-Large,200,OK,true,512313,139,1,1,1,0,0
1637865710938,1,Small,200,OK,true,51511,138,1,1,0,0,0
1637865710942,1,Small,200,OK,true,51511,138,1,1,1,0,0
1637865710945,26,Large,200,OK,true,1048891,137,1,1,1,0,0
1637865710971,2,Small,200,OK,true,51511,138,1,1,1,0,0
1637865710977,27,Large,200,OK,true,1048891,137,1,1,1,0,0
1637865711004,2,Small,200,OK,true,51511,138,1,1,1,0,0
1637865711009,2,Small,200,OK,true,51511,138,1,1,1,0,0
1637865711013,13,Medium-Large,200,OK,true,512313,139,1,1,1,0,0
1637865711026,28,Large,200,OK,true,1048891,137,1,1,1,0,0
1637865711054,31,Large,200,OK,true,1048891,137,1,1,5,0,0
1637865711085,25,Large,200,OK,true,1048891,137,1,1,1,0,0
1637865711110,2,Small,200,OK,true,51511,138,1,1,1,0,0
1637865711114,2,Small,200,OK,true,51511,138,1,1,1,0,0
1637865711118,3,Small-Medium,200,OK,true,102713,139,1,1,1,0,0
1637865711121,23,Large,200,OK,true,1048891,137,1,1,1,0,0
1637865711145,24,Large,200,OK,true,1048891,137,1,1,0,0,0
1637865711169,8,Medium,200,OK,true,307513,139,1,1,1,0,0
1637865711177,2,Small,200,OK,true,51511,138,1,1,1,0,0
1637865711182,3,Small-Medium,200,OK,true,102713,139,1,1,1,0,0
1637865711185,24,Large,200,OK,true,1048891,137,1,1,1,0,0
1637865711209,3,Small-Medium,200,OK,true,102713,139,1,1,1,0,0
1637865711212,24,Large,200,OK,true,1048891,137,1,1,1,0,0
1637865711236,25,Large,200,OK,true,1048891,137,1,1,1,0,0
1637865711261,3,Small-Medium,200,OK,true,102713,139,1,1,1,0,0
1637865711266,2,Small,200,OK,true,51511,138,1,1,1,0,0
1637865711270,1,Small,200,OK,true,51511,138,1,1,0,0,0
1637865711274,7,Medium,200,OK,true,307513,139,1,1,0,0,0
1637865711281,13,Medium-Large,200,OK,true,512313,139,1,1,1,0,0
1637865711294,25,Large,200,OK,true,1048891,137,1,1,1,0,0
1637865711319,3,Small-Medium,200,OK,true,102713,139,1,1,1,0,0
1637865711333,3,Small,200,OK,true,51511,138,1,1,2,0,0
1637865711336,11,Medium-Large,200,OK,true,512313,139,1,1,1,0,0
1637865711348,2,Small-Medium,200,OK,true,102713,139,1,1,0,0,0
1637865711352,1,Small,200,OK,true,51511,138,1,1,1,0,0
1637865711356,1,Small,200,OK,true,51511,138,1,1,0,0,0
1637865711359,12,Medium-Large,200,OK,true,512313,139,1,1,1,0,0
1637865711371,3,Small-Medium,200,OK,true,102713,139,1,1,1,0,0
1637865711376,24,Large,200,OK,true,1048891,137,1,1,1,0,0
1637865711400,13,Medium-Large,200,OK,true,512313,139,1,1,1,0,0
1637865711413,2,Small,200,OK,true,51511,138,1,1,1,0,0
1637865711417,2,Small,200,OK,true,51511,138,1,1,1,0,0
1637865711421,7,Medium,200,OK,true,307513,139,1,1,1,0,0
1637865711429,24,Large,200,OK,true,1048891,137,1,1,0,0,0
1637865711453,1,Small,200,OK,true,51511,138,1,1,1,0,0
1637865711457,12,Medium-Large,200,OK,true,512313,139,1,1,1,0,0
1637865711469,13,Medium-Large,200,OK,true,512313,139,1,1,1,0,0
1637865711482,3,Small-Medium,200,OK,true,102713,139,1,1,1,0,0
1637865711486,8,Medium,200,OK,true,307513,139,1,1,1,0,0
1637865711494,12,Medium-Large,200,OK,true,512313,139,1,1,1,0,0
1637865711506,25,Large,200,OK,true,1048891,137,1,1,1,0,0
1637865711532,1,Small,200,OK,true,51511,138,1,1,1,0,0
1637865711536,12,Medium-Large,200,OK,true,512313,139,1,1,1,0,0
1637865711548,2,Small,200,OK,true,51511,138,1,1,1,0,0
1637865711554,2,Small,200,OK,true,51511,138,1,1,1,0,0
1637865711558,2,Small,200,OK,true,51511,138,1,1,1,0,0
1637865711562,8,Medium,200,OK,true,307513,139,1,1,1,0,0
1637865711570,12,Medium-Large,200,OK,true,512312,139,1,1,1,0,0
1637865711582,2,Small,200,OK,true,51510,138,1,1,2,0,0
1637865711587,8,Medium,200,OK,true,307512,139,1,1,1,0,0
1637865711595,13,Medium-Large,200,OK,true,512312,139,1,1,1,0,0
1637865711608,2,Small,200,OK,true,51510,138,1,1,1,0,0
1637865711613,25,Large,200,OK,true,1048890,137,1,1,1,0,0
1637865711639,3,Small-Medium,200,OK,true,102712,139,1,1,1,0,0
1637865711642,7,Medium,200,OK,true,307512,139,1,1,1,0,0
1637865711649,3,Small-Medium,200,OK,true,102712,139,1,1,1,0,0
1637865711653,3,Small-Medium,200,OK,true,102677,139,1,1,1,0,0
1637865711657,32,Large,200,OK,true,1048892,137,1,1,1,0,0
1637865711690,2,Small-Medium,200,OK,true,102713,139,1,1,1,0,0
1637865711694,10,Medium,200,OK,true,307513,139,1,1,1,0,0
1637865711704,2,Small,200,OK,true,51511,138,1,1,1,0,0
1637865711709,24,Large,200,OK,true,1048891,137,1,1,1,0,0
1637865711733,8,Medium,200,OK,true,307513,139,1,1,1,0,0
1637865711741,25,Large,200,OK,true,1048891,137,1,1,1,0,0
1637865711766,8,Medium,200,OK,true,307513,139,1,1,1,0,0
1637865711774,4,Small-Medium,200,OK,true,102713,139,1,1,2,0,0
1637865711779,3,Small-Medium,200,OK,true,102713,139,1,1,1,0,0
1637865711783,25,Large,200,OK,true,1048891,137,1,1,1,0,0
1637865711808,8,Medium,200,OK,true,307513,139,1,1,1,0,0
1637865711816,7,Medium,200,OK,true,307513,139,1,1,1,0,0
1637865711824,7,Medium,200,OK,true,307513,139,1,1,0,0,0
1637865711831,7,Medium,200,OK,true,307513,139,1,1,1,0,0
1637865711838,7,Medium,200,OK,true,307513,139,1,1,1,0,0
1637865711845,3,Small-Medium,200,OK,true,102713,139,1,1,1,0,0
1637865711850,7,Medium,200,OK,true,307513,139,1,1,0,0,0
1637865711857,8,Medium,200,OK,true,307513,139,1,1,1,0,0
1637865711865,7,Medium,200,OK,true,307513,139,1,1,0,0,0
1637865711872,12,Medium-Large,200,OK,true,512313,139,1,1,1,0,0
1637865711884,12,Medium-Large,200,OK,true,512313,139,1,1,1,0,0
1637865711896,8,Medium,200,OK,true,307513,139,1,1,1,0,0
1637865711904,24,Large,200,OK,true,1048891,137,1,1,1,0,0
1637865711928,8,Medium,200,OK,true,307513,139,1,1,1,0,0
1637865711936,1,Small,200,OK,true,51511,138,1,1,1,0,0
1637865711940,13,Medium-Large,200,OK,true,512313,139,1,1,1,0,0
1637865711953,1,Small,200,OK,true,51511,138,1,1,0,0,0
1637865711956,2,Small,200,OK,true,51511,138,1,1,1,0,0
1637865711961,24,Large,200,OK,true,1048891,137,1,1,1,0,0
1637865711985,13,Medium-Large,200,OK,true,512313,139,1,1,1,0,0
1637865711998,31,Large,200,OK,true,1048891,137,1,1,0,0,0
1637865712029,2,Small,200,OK,true,51511,138,1,1,1,0,0
1637865712033,3,Small-Medium,200,OK,true,102713,139,1,1,1,0,0
1637865712036,11,Medium,200,OK,true,307513,139,1,1,1,0,0
1637865712047,12,Medium-Large,200,OK,true,512313,139,1,1,1,0,0
1637865712060,1,Small,200,OK,true,51511,138,1,1,0,0,0
1637865712063,8,Medium,200,OK,true,307513,139,1,1,1,0,0
1637865712071,2,Small,200,OK,true,51511,138,1,1,1,0,0
1637865712075,3,Small-Medium,200,OK,true,102713,139,1,1,1,0,0
1637865712079,12,Medium-Large,200,OK,true,512313,139,1,1,1,0,0
1637865712092,1,Small,200,OK,true,51511,138,1,1,0,0,0
1637865712096,7,Medium,200,OK,true,307513,139,1,1,1,0,0
1637865712104,11,Medium-Large,200,OK,true,512313,139,1,1,0,0,0
1637865712115,7,Medium,200,OK,true,307513,139,1,1,1,0,0
1637865712123,1,Small,200,OK,true,51511,138,1,1,0,0,0
1637865712127,2,Small,200,OK,true,51511,138,1,1,1,0,0
1637865712131,2,Small,200,OK,true,51511,138,1,1,1,0,0
1637865712135,2,Small,200,OK,true,51511,138,1,1,1,0,0
1637865712139,12,Medium-Large,200,OK,true,512313,139,1,1,1,0,0
1637865712151,7,Medium,200,OK,true,307513,139,1,1,1,0,0
1637865712158,2,Small,200,OK,true,51511,138,1,1,1,0,0
1637865712162,12,Medium-Large,200,OK,true,512313,139,1,1,1,0,0
1637865712174,3,Small-Medium,200,OK,true,102713,139,1,1,1,0,0
1637865712179,12,Medium-Large,200,OK,true,512313,139,1,1,1,0,0
1637865712191,13,Medium-Large,200,OK,true,512313,139,1,1,1,0,0
1637865712204,12,Medium-Large,200,OK,true,512313,139,1,1,1,0,0
1637865712216,24,Large,200,OK,true,1048891,137,1,1,1,0,0
1637865712240,25,Large,200,OK,true,1048891,137,1,1,1,0,0
1637865712265,1,Small,200,OK,true,51511,138,1,1,1,0,0
1637865712268,12,Medium-Large,200,OK,true,512313,139,1,1,1,0,0
1637865712280,2,Small,200,OK,true,51511,138,1,1,1,0,0
1637865712285,11,Medium-Large,200,OK,true,512313,139,1,1,0,0,0
1637865712296,13,Medium-Large,200,OK,true,512313,139,1,1,1,0,0
1637865712309,2,Small,200,OK,true,51511,138,1,1,1,0,0
1637865712313,25,Large,200,OK,true,1048891,137,1,1,1,0,0
1637865712338,24,Large,200,OK,true,1048891,137,1,1,0,0,0
1637865712362,25,Large,200,OK,true,1048891,137,1,1,1,0,0
1637865712387,8,Medium,200,OK,true,307513,139,1,1,1,0,0
1637865712395,2,Small-Medium,200,OK,true,102713,139,1,1,0,0,0
1637865712399,3,Small-Medium,200,OK,true,102713,139,1,1,1,0,0
1637865712404,2,Small-Medium,200,OK,true,102713,139,1,1,0,0,0
1637865712408,7,Medium,200,OK,true,307513,139,1,1,0,0,0
1637865712415,25,Large,200,OK,true,1048891,137,1,1,1,0,0
1637865712440,8,Medium,200,OK,true,307513,139,1,1,1,0,0
1637865712448,3,Small-Medium,200,OK,true,102713,139,1,1,0,0,0
1637865712452,1,Small,200,OK,true,51511,138,1,1,0,0,0
1637865712456,8,Small-Medium,200,OK,true,102713,139,1,1,6,0,0
1637865712464,3,Small-Medium,200,OK,true,102713,139,1,1,1,0,0
1637865712468,3,Small-Medium,200,OK,true,102713,139,1,1,1,0,0
1637865712471,25,Large,200,OK,true,1048891,137,1,1,1,0,0
1637865712496,25,Large,200,OK,true,1048891,137,1,1,1,0,0
1637865712521,8,Medium,200,OK,true,307513,139,1,1,1,0,0
1637865712529,2,Small-Medium,200,OK,true,102713,139,1,1,0,0,0
1637865712534,7,Medium,200,OK,true,307513,139,1,1,0,0,0
1637865712541,3,Small-Medium,200,OK,true,102713,139,1,1,1,0,0
1637865712544,13,Medium-Large,200,OK,true,512313,139,1,1,1,0,0
1637865712557,7,Medium,200,OK,true,307513,139,1,1,0,0,0
1637865712564,7,Medium,200,OK,true,307513,139,1,1,1,0,0
1637865712571,2,Small,200,OK,true,51511,138,1,1,1,0,0
1637865712576,7,Medium,200,OK,true,307513,139,1,1,0,0,0
1637865712583,3,Small-Medium,200,OK,true,102712,139,1,1,1,0,0
1637865712587,3,Small-Medium,200,OK,true,102712,139,1,1,1,0,0
1637865712590,24,Large,200,OK,true,1048890,137,1,1,1,0,0
1637865712614,11,Medium-Large,200,OK,true,512312,139,1,1,0,0,0
1637865712625,2,Small,200,OK,true,51510,138,1,1,1,0,0
1637865712629,26,Large,200,OK,true,1048890,137,1,1,1,0,0
1637865712655,24,Large,200,OK,true,1048890,137,1,1,1,0,0
1637865712680,2,Small-Medium,200,OK,true,102712,139,1,1,0,0,0
1637865712684,2,Small,200,OK,true,51510,138,1,1,1,0,0
1637865712688,12,Medium-Large,200,OK,true,512277,139,1,1,1,0,0
1637865712700,4,Small-Medium,200,OK,true,102714,139,1,1,2,0,1
1637865712704,8,Medium,200,OK,true,307513,139,1,1,1,0,0
1637865712712,24,Large,200,OK,true,1048891,137,1,1,0,0,0
1637865712736,8,Medium,200,OK,true,307513,139,1,1,1,0,0
1637865712744,12,Medium-Large,200,OK,true,512313,139,1,1,1,0,0
1637865712756,3,Small-Medium,200,OK,true,102713,139,1,1,1,0,0
1637865712760,3,Small-Medium,200,OK,true,102713,139,1,1,1,0,0
1637865712763,25,Large,200,OK,true,1048891,137,1,1,1,0,0
1637865712788,1,Small,200,OK,true,51511,138,1,1,1,0,0
1637865712793,2,Small-Medium,200,OK,true,102713,139,1,1,0,0,0
1637865712795,25,Large,200,OK,true,1048891,137,1,1,1,0,0
1637865712821,1,Small,200,OK,true,51511,138,1,1,0,0,0
1637865712826,24,Large,200,OK,true,1048891,137,1,1,0,0,0
1637865712850,2,Small,200,OK,true,51511,138,1,1,1,0,0
1637865712855,3,Small-Medium,200,OK,true,102713,139,1,1,1,0,0
1637865712860,12,Medium-Large,200,OK,true,512313,139,1,1,1,0,0
1637865712872,1,Small,200,OK,true,51511,138,1,1,1,0,0
1637865712876,2,Small,200,OK,true,51511,138,1,1,1,0,0
1637865712880,9,Medium,200,OK,true,307513,139,1,1,1,0,0
1637865712889,8,Medium,200,OK,true,307513,139,1,1,1,0,0
1637865712897,1,Small,200,OK,true,51511,138,1,1,0,0,0
1637865712901,3,Small-Medium,200,OK,true,102713,139,1,1,0,0,0
1637865712904,2,Small-Medium,200,OK,true,102713,139,1,1,0,0,0
1637865712909,1,Small,200,OK,true,51511,138,1,1,0,0,0
1637865712911,12,Medium-Large,200,OK,true,512313,139,1,1,1,0,0
1637865712924,7,Medium,200,OK,true,307513,139,1,1,0,0,0
1637865712931,3,Small-Medium,200,OK,true,102713,139,1,1,1,0,0
1637865712934,12,Medium-Large,200,OK,true,512313,139,1,1,1,0,0
1637865712946,12,Medium-Large,200,OK,true,512313,139,1,1,1,0,0
1637865712958,13,Medium-Large,200,OK,true,512313,139,1,1,1,0,0
1637865712971,3,Small-Medium,200,OK,true,102713,139,1,1,1,0,0
1637865712974,12,Medium-Large,200,OK,true,512313,139,1,1,1,0,0
1637865712986,25,Large,200,OK,true,1048891,137,1,1,1,0,0
1637865713011,13,Medium-Large,200,OK,true,512313,139,1,1,1,0,0
1637865713024,2,Small-Medium,200,OK,true,102713,139,1,1,0,0,0
1637865713028,7,Medium,200,OK,true,307513,139,1,1,0,0,0
1637865713035,2,Small,200,OK,true,51511,138,1,1,1,0,0
1637865713039,2,Small,200,OK,true,51511,138,1,1,1,0,0
1637865713043,24,Large,200,OK,true,1048891,137,1,1,1,0,0
1637865713067,34,Large,200,OK,true,1048891,137,1,1,5,0,0
1637865713101,8,Medium,200,OK,true,307513,139,1,1,1,0,0
1637865713109,12,Medium-Large,200,OK,true,512313,139,1,1,1,0,0
1637865713121,25,Large,200,OK,true,1048891,137,1,1,1,0,0
1637865713146,7,Medium,200,OK,true,307513,139,1,1,1,0,0
1637865713154,2,Small-Medium,200,OK,true,102713,139,1,1,0,0,0
1637865713159,3,Small-Medium,200,OK,true,102713,139,1,1,0,0,0
1637865713162,3,Small-Medium,200,OK,true,102713,139,1,1,0,0,0
1637865713166,8,Medium,200,OK,true,307513,139,1,1,1,0,0
1637865713174,8,Medium,200,OK,true,307513,139,1,1,1,0,0
1637865713182,12,Medium-Large,200,OK,true,512313,139,1,1,1,0,0
1637865713194,9,Medium,200,OK,true,307513,139,1,1,2,0,0
1637865713203,2,Small-Medium,200,OK,true,102713,139,1,1,0,0,0
1637865713207,9,Small,200,OK,true,51511,138,1,1,8,0,0
1637865713216,25,Large,200,OK,true,1048891,137,1,1,1,0,0
1637865713241,3,Small-Medium,200,OK,true,102713,139,1,1,1,0,0
1637865713245,12,Medium-Large,200,OK,true,512313,139,1,1,1,0,0
1637865713258,7,Medium,200,OK,true,307513,139,1,1,0,0,0
1637865713265,24,Large,200,OK,true,1048891,137,1,1,1,0,0
1637865713290,12,Medium-Large,200,OK,true,512313,139,1,1,0,0,0
1637865713302,12,Medium-Large,200,OK,true,512313,139,1,1,1,0,0
1637865713314,2,Small,200,OK,true,51511,138,1,1,1,0,0
1637865713319,1,Small,200,OK,true,51511,138,1,1,0,0,0
1637865713323,12,Medium-Large,200,OK,true,512313,139,1,1,0,0,0
1637865713335,8,Medium,200,OK,true,307513,139,1,1,1,0,0
1637865713343,3,Small-Medium,200,OK,true,102713,139,1,1,1,0,0
1637865713346,12,Medium-Large,200,OK,true,512313,139,1,1,1,0,0
1637865713358,8,Medium,200,OK,true,307513,139,1,1,1,0,0
1637865713366,2,Small,200,OK,true,51511,138,1,1,1,0,0
1637865713370,8,Medium,200,OK,true,307513,139,1,1,1,0,0
1637865713378,8,Medium,200,OK,true,307513,139,1,1,1,0,0
1637865713386,25,Large,200,OK,true,1048891,137,1,1,1,0,0
1637865713411,3,Small-Medium,200,OK,true,102713,139,1,1,1,0,0
1637865713415,13,Medium-Large,200,OK,true,512313,139,1,1,1,0,0
1637865713428,12,Medium-Large,200,OK,true,512313,139,1,1,1,0,0
1637865713440,1,Small,200,OK,true,51511,138,1,1,1,0,0
1637865713445,25,Large,200,OK,true,1048891,137,1,1,0,0,0
1637865713470,12,Medium-Large,200,OK,true,512313,139,1,1,1,0,0
1637865713482,8,Medium,200,OK,true,307513,139,1,1,1,0,0
1637865713490,3,Small-Medium,200,OK,true,102713,139,1,1,1,0,0
1637865713494,2,Small,200,OK,true,51511,138,1,1,1,0,0
1637865713498,13,Medium-Large,200,OK,true,512313,139,1,1,1,0,0
1637865713511,7,Medium,200,OK,true,307513,139,1,1,0,0,0
1637865713518,24,Large,200,OK,true,1048891,137,1,1,1,0,0
1637865713542,12,Medium-Large,200,OK,true,512313,139,1,1,1,0,0
1637865713554,2,Small,200,OK,true,51511,138,1,1,1,0,0
1637865713559,2,Small,200,OK,true,51511,138,1,1,1,0,0
1637865713564,12,Medium-Large,200,OK,true,512313,139,1,1,1,0,0
1637865713576,2,Small,200,OK,true,51511,138,1,1,1,0,0
1637865713580,2,Small,200,OK,true,51511,138,1,1,1,0,0
1637865713584,13,Medium-Large,200,OK,true,512313,139,1,1,1,0,0
1637865713597,28,Large,200,OK,true,1048891,137,1,1,1,0,0
1637865713626,7,Medium,200,OK,true,307512,139,1,1,0,0,0
1637865713634,1,Small,200,OK,true,51510,138,1,1,0,0,0
1637865713638,13,Medium-Large,200,OK,true,512312,139,1,1,1,0,0
1637865713651,12,Medium-Large,200,OK,true,512312,139,1,1,1,0,0
1637865713663,12,Medium-Large,200,OK,true,512312,139,1,1,1,0,0
1637865713675,12,Medium-Large,200,OK,true,512312,139,1,1,1,0,0
1637865713687,8,Medium,200,OK,true,307512,139,1,1,1,0,0
1637865713695,1,Small,200,OK,true,51510,138,1,1,1,0,0
1637865713699,3,Small-Medium,200,OK,true,102712,139,1,1,1,0,0
1637865713702,2,Small,200,OK,true,51475,138,1,1,1,0,0
1637865713707,4,Small-Medium,200,OK,true,102714,139,1,1,2,0,1
1637865713711,3,Small-Medium,200,OK,true,102713,139,1,1,1,0,0
1637865713716,8,Medium,200,OK,true,307513,139,1,1,1,0,0
1637865713724,7,Medium,200,OK,true,307513,139,1,1,1,0,0
1637865713731,12,Medium-Large,200,OK,true,512313,139,1,1,1,0,0
1637865713743,12,Medium-Large,200,OK,true,512313,139,1,1,1,0,0
1637865713755,3,Small-Medium,200,OK,true,102713,139,1,1,1,0,0
1637865713760,25,Large,200,OK,true,1048891,137,1,1,1,0,0
1637865713785,15,Medium,200,OK,true,307513,139,1,1,8,0,0
1637865713800,3,Small-Medium,200,OK,true,102713,139,1,1,1,0,0
1637865713804,3,Small-Medium,200,OK,true,102713,139,1,1,1,0,0
1637865713809,8,Medium,200,OK,true,307513,139,1,1,1,0,0
1637865713817,30,Large,200,OK,true,1048891,137,1,1,1,0,0
1637865713847,24,Large,200,OK,true,1048891,137,1,1,1,0,0
1637865713872,12,Medium-Large,200,OK,true,512313,139,1,1,0,0,0
1637865713884,24,Large,200,OK,true,1048891,137,1,1,1,0,0
1637865713908,13,Medium-Large,200,OK,true,512313,139,1,1,2,0,0
1637865713921,12,Medium-Large,200,OK,true,512313,139,1,1,1,0,0
1637865713933,12,Medium-Large,200,OK,true,512313,139,1,1,1,0,0
1637865713945,12,Medium-Large,200,OK,true,512313,139,1,1,1,0,0
1637865713957,13,Medium-Large,200,OK,true,512313,139,1,1,1,0,0
1637865713970,1,Small,200,OK,true,51511,138,1,1,1,0,0
1637865713974,2,Small,200,OK,true,51511,138,1,1,1,0,0
1637865713978,12,Medium-Large,200,OK,true,512313,139,1,1,1,0,0
1637865713991,26,Large,200,OK,true,1048891,137,1,1,0,0,0
1637865714017,1,Small,200,OK,true,51511,138,1,1,0,0,0
1637865714020,2,Small,200,OK,true,51511,138,1,1,1,0,0
1637865714025,23,Large,200,OK,true,1048891,137,1,1,0,0,0
1637865714048,2,Small,200,OK,true,51511,138,1,1,1,0,0
1637865714053,12,Medium-Large,200,OK,true,512313,139,1,1,1,0,0
1637865714065,3,Small-Medium,200,OK,true,102713,139,1,1,1,0,0
1637865714069,2,Small,200,OK,true,51511,138,1,1,1,0,0
1637865714073,3,Small-Medium,200,OK,true,102713,139,1,1,1,0,0
1637865714076,3,Small-Medium,200,OK,true,102713,139,1,1,1,0,0
1637865714081,7,Medium,200,OK,true,307513,139,1,1,1,0,0
1637865714089,12,Medium-Large,200,OK,true,512313,139,1,1,0,0,0
1637865714101,8,Medium,200,OK,true,307513,139,1,1,1,0,0
1637865714109,7,Medium,200,OK,true,307513,139,1,1,1,0,0
1637865714116,2,Small,200,OK,true,51511,138,1,1,1,0,0
1637865714120,2,Small,200,OK,true,51511,138,1,1,1,0,0
1637865714124,3,Small-Medium,200,OK,true,102713,139,1,1,1,0,0
1637865714127,2,Small,200,OK,true,51511,138,1,1,1,0,0
1637865714132,2,Small,200,OK,true,51511,138,1,1,1,0,0
1637865714136,7,Medium,200,OK,true,307513,139,1,1,1,0,0
1637865714144,24,Large,200,OK,true,1048891,137,1,1,0,0,0
1637865714168,2,Small,200,OK,true,51511,138,1,1,1,0,0
1637865714173,25,Large,200,OK,true,1048891,137,1,1,1,0,0
1637865714198,24,Large,200,OK,true,1048891,137,1,1,1,0,0
1637865714223,12,Medium-Large,200,OK,true,512313,139,1,1,0,0,0
1637865714235,12,Medium-Large,200,OK,true,512313,139,1,1,1,0,0
1637865714247,8,Medium,200,OK,true,307513,139,1,1,1,0,0
1637865714255,2,Small,200,OK,true,51511,138,1,1,1,0,0
1637865714260,3,Small-Medium,200,OK,true,102713,139,1,1,1,0,0
1637865714265,1,Small,200,OK,true,51511,138,1,1,1,0,0
1637865714268,12,Medium-Large,200,OK,true,512313,139,1,1,0,0,0
1637865714280,2,Small,200,OK,true,51511,138,1,1,1,0,0
1637865714284,8,Medium,200,OK,true,307513,139,1,1,1,0,0
1637865714292,7,Medium,200,OK,true,307513,139,1,1,1,0,0
1637865714299,3,Small-Medium,200,OK,true,102713,139,1,1,1,0,0
1637865714304,2,Small,200,OK,true,51511,138,1,1,1,0,0
1637865714308,1,Small,200,OK,true,51511,138,1,1,1,0,0
1637865714313,1,Small,200,OK,true,51511,138,1,1,1,0,0
1637865714316,2,Small-Medium,200,OK,true,102713,139,1,1,0,0,0
1637865714321,7,Medium,200,OK,true,307513,139,1,1,0,0,0
1637865714328,13,Medium-Large,200,OK,true,512313,139,1,1,1,0,0
1637865714341,25,Large,200,OK,true,1048891,137,1,1,1,0,0
1637865714366,12,Medium-Large,200,OK,true,512313,139,1,1,1,0,0
1637865714378,25,Large,200,OK,true,1048891,137,1,1,1,0,0
1637865714403,28,Large,200,OK,true,1048891,137,1,1,1,0,0
1637865714431,3,Small-Medium,200,OK,true,102713,139,1,1,1,0,0
1637865714436,3,Small-Medium,200,OK,true,102713,139,1,1,1,0,0
1637865714439,23,Large,200,OK,true,1048891,137,1,1,0,0,0
1637865714462,13,Medium-Large,200,OK,true,512313,139,1,1,1,0,0
1637865714475,2,Small,200,OK,true,51511,138,1,1,1,0,0
1637865714479,2,Small,200,OK,true,51511,138,1,1,1,0,0
1637865714483,13,Medium-Large,200,OK,true,512313,139,1,1,1,0,0
1637865714496,25,Large,200,OK,true,1048891,137,1,1,1,0,0
1637865714521,25,Large,200,OK,true,1048891,137,1,1,1,0,0
1637865714547,12,Medium-Large,200,OK,true,512313,139,1,1,0,0,0
1637865714559,1,Small,200,OK,true,51511,138,1,1,1,0,0
1637865714563,25,Large,200,OK,true,1048891,137,1,1,1,0,0
1637865714588,12,Medium-Large,200,OK,true,512313,139,1,1,1,0,0
1637865714600,24,Large,200,OK,true,1048891,137,1,1,1,0,0
1637865714624,7,Medium,200,OK,true,307513,139,1,1,1,0,0
1637865714631,3,Small-Medium,200,OK,true,102713,139,1,1,1,0,0
1637865714635,13,Medium-Large,200,OK,true,512313,139,1,1,1,0,0
1637865714648,2,Small,200,OK,true,51511,138,1,1,1,0,0
1637865714653,2,Small,200,OK,true,51511,138,1,1,1,0,0
1637865714657,25,Large,200,OK,true,1048891,137,1,1,1,0,0
1637865714682,2,Small,200,OK,true,51511,138,1,1,1,0,0
1637865714687,7,Medium,200,OK,true,307513,139,1,1,1,0,0
1637865714695,1,Small,200,OK,true,51510,138,1,1,0,0,0
1637865714700,12,Medium-Large,200,OK,true,512312,139,1,1,1,0,0
1637865714712,12,Medium-Large,200,OK,true,512312,139,1,1,1,0,0
1637865714724,7,Medium,200,OK,true,307512,139,1,1,1,0,0
1637865714731,8,Medium,200,OK,true,307512,139,1,1,1,0,0
1637865714739,3,Small-Medium,200,OK,true,102712,139,1,1,1,0,0
1637865714744,2,Small-Medium,200,OK,true,102712,139,1,1,0,0,0
1637865714747,8,Medium,200,OK,true,307512,139,1,1,0,0,0
1637865714755,2,Small-Medium,200,OK,true,102712,139,1,1,0,0,0
1637865714759,2,Small,200,OK,true,51475,138,1,1,1,0,0
1637865714763,3,Small,200,OK,true,51512,138,1,1,2,0,1
1637865714767,3,Small-Medium,200,OK,true,102713,139,1,1,1,0,0
1637865714770,25,Large,200,OK,true,1048891,137,1,1,1,0,0
1637865714795,8,Medium,200,OK,true,307513,139,1,1,1,0,0
1637865714803,3,Small-Medium,200,OK,true,102713,139,1,1,1,0,0
1637865714807,25,Large,200,OK,true,1048891,137,1,1,1,0,0
1637865714832,2,Small,200,OK,true,51511,138,1,1,1,0,0
1637865714836,8,Medium,200,OK,true,307513,139,1,1,1,0,0
1637865714844,24,Large,200,OK,true,1048891,137,1,1,1,0,0
1637865714868,2,Small,200,OK,true,51511,138,1,1,1,0,0
1637865714873,1,Small,200,OK,true,51511,138,1,1,0,0,0
1637865714876,3,Small-Medium,200,OK,true,102713,139,1,1,1,0,0
1637865714880,24,Large,200,OK,true,1048891,137,1,1,0,0,0
1637865714904,12,Medium-Large,200,OK,true,512313,139,1,1,1,0,0
1637865714916,1,Small,200,OK,true,51511,138,1,1,1,0,0
1637865714920,3,Small-Medium,200,OK,true,102713,139,1,1,1,0,0
1637865714924,3,Small-Medium,200,OK,true,102713,139,1,1,1,0,0
1637865714928,3,Small-Medium,200,OK,true,102713,139,1,1,1,0,0
1637865714931,13,Medium-Large,200,OK,true,512313,139,1,1,1,0,0
1637865714944,23,Large,200,OK,true,1048891,137,1,1,0,0,0
1637865714967,2,Small,200,OK,true,51511,138,1,1,1,0,0
1637865714972,12,Medium-Large,200,OK,true,512313,139,1,1,1,0,0
1637865714984,10,Small-Medium,200,OK,true,102713,139,1,1,8,0,0
1637865714994,23,Large,200,OK,true,1048891,137,1,1,1,0,0
1637865715017,8,Medium,200,OK,true,307513,139,1,1,1,0,0
1637865715025,25,Large,200,OK,true,1048891,137,1,1,1,0,0
1637865715050,2,Small,200,OK,true,51511,138,1,1,1,0,0
1637865715054,24,Large,200,OK,true,1048891,137,1,1,1,0,0
1637865715078,2,Small,200,OK,true,51511,138,1,1,1,0,0
1637865715083,1,Small,200,OK,true,51511,138,1,1,1,0,0
1637865715087,24,Large,200,OK,true,1048891,137,1,1,0,0,0
1637865715112,1,Small,200,OK,true,51511,138,1,1,1,0,0
1637865715116,3,Small-Medium,200,OK,true,102713,139,1,1,1,0,0
1637865715119,8,Medium,200,OK,true,307513,139,1,1,1,0,0
1637865715127,21,Medium-Large,200,OK,true,512313,139,1,1,10,0,0
1637865715148,3,Small-Medium,200,OK,true,102713,139,1,1,1,0,0
1637865715153,25,Large,200,OK,true,1048891,137,1,1,1,0,0
1637865715178,12,Medium-Large,200,OK,true,512313,139,1,1,1,0,0
1637865715190,2,Small,200,OK,true,51511,138,1,1,1,0,0
1637865715195,3,Small-Medium,200,OK,true,102713,139,1,1,1,0,0
1637865715198,2,Small,200,OK,true,51511,138,1,1,1,0,0
1637865715202,3,Small-Medium,200,OK,true,102713,139,1,1,1,0,0
1637865715207,2,Small,200,OK,true,51511,138,1,1,1,0,0
1637865715211,3,Small-Medium,200,OK,true,102713,139,1,1,1,0,0
1637865715214,2,Small,200,OK,true,51511,138,1,1,1,0,0
1637865715218,2,Small,200,OK,true,51511,138,1,1,1,0,0
1637865715223,3,Small-Medium,200,OK,true,102713,139,1,1,1,0,0
1637865715226,31,Large,200,OK,true,1048891,137,1,1,1,0,0
1637865715257,25,Large,200,OK,true,1048891,137,1,1,1,0,0
1637865715282,20,Medium-Large,200,OK,true,512313,139,1,1,1,0,0
1637865715302,13,Medium,200,OK,true,307513,139,1,1,7,0,0
1637865715316,1,Small,200,OK,true,51511,138,1,1,0,0,0
1637865715320,25,Large,200,OK,true,1048891,137,1,1,1,0,0
1637865715345,3,Small-Medium,200,OK,true,102713,139,1,1,1,0,0
1637865715349,2,Small,200,OK,true,51511,138,1,1,1,0,0
1637865715353,8,Medium,200,OK,true,307513,139,1,1,1,0,0
1637865715361,1,Small,200,OK,true,51511,138,1,1,0,0,0
1637865715365,2,Small,200,OK,true,51511,138,1,1,1,0,0
1637865715370,3,Small-Medium,200,OK,true,102713,139,1,1,0,0,0
1637865715373,1,Small,200,OK,true,51511,138,1,1,1,0,0
1637865715377,3,Small-Medium,200,OK,true,102713,139,1,1,0,0,0
1637865715381,8,Medium,200,OK,true,307513,139,1,1,1,0,0
1637865715389,8,Medium,200,OK,true,307513,139,1,1,1,0,0
1637865715397,2,Small,200,OK,true,51511,138,1,1,1,0,0
1637865715401,25,Large,200,OK,true,1048891,137,1,1,1,0,0
1637865715426,25,Large,200,OK,true,1048891,137,1,1,1,0,0
1637865715452,12,Medium-Large,200,OK,true,512313,139,1,1,0,0,0
1637865715464,3,Small-Medium,200,OK,true,102713,139,1,1,1,0,0
1637865715468,4,Small-Medium,200,OK,true,102713,139,1,1,1,0,0
1637865715473,1,Small,200,OK,true,51511,138,1,1,0,0,0
1637865715477,2,Small-Medium,200,OK,true,102713,139,1,1,0,0,0
1637865715480,2,Small-Medium,200,OK,true,102713,139,1,1,0,0,0
1637865715484,24,Large,200,OK,true,1048891,137,1,1,1,0,0
1637865715508,2,Small,200,OK,true,51511,138,1,1,1,0,0
1637865715513,7,Medium,200,OK,true,307513,139,1,1,1,0,0
1637865715520,3,Small-Medium,200,OK,true,102713,139,1,1,1,0,0
1637865715524,25,Large,200,OK,true,1048891,137,1,1,1,0,0
1637865715549,25,Large,200,OK,true,1048891,137,1,1,1,0,0
1637865715574,25,Large,200,OK,true,1048891,137,1,1,1,0,0
1637865715599,13,Medium-Large,200,OK,true,512313,139,1,1,0,0,0
1637865715612,2,Small,200,OK,true,51511,138,1,1,1,0,0
1637865715616,2,Small,200,OK,true,51511,138,1,1,1,0,0
1637865715620,16,Medium-Large,200,OK,true,512313,139,1,1,1,0,0
1637865715636,12,Medium-Large,200,OK,true,512313,139,1,1,1,0,0
1637865715648,26,Large,200,OK,true,1048891,137,1,1,1,0,0
1637865715674,3,Small-Medium,200,OK,true,102713,139,1,1,0,0,0
1637865715677,1,Small,200,OK,true,51511,138,1,1,1,0,0
1637865715681,3,Small-Medium,200,OK,true,102713,139,1,1,1,0,0
1637865715684,8,Medium,200,OK,true,307513,139,1,1,1,0,0
1637865715692,7,Medium,200,OK,true,307513,139,1,1,1,0,0
1637865715699,12,Medium-Large,200,OK,true,512313,139,1,1,1,0,0
1637865715711,8,Medium,200,OK,true,307512,139,1,1,1,0,0
1637865715719,24,Large,200,OK,true,1048890,137,1,1,1,0,0
1637865715743,3,Small-Medium,200,OK,true,102712,139,1,1,1,0,0
1637865715748,1,Small,200,OK,true,51510,138,1,1,0,0,0
1637865715752,12,Medium-Large,200,OK,true,512312,139,1,1,0,0,0
1637865715764,13,Medium-Large,200,OK,true,512312,139,1,1,1,0,0
1637865715777,8,Medium,200,OK,true,307512,139,1,1,0,0,0
1637865715785,7,Medium,200,OK,true,307512,139,1,1,0,0,0
1637865715792,24,Large,200,OK,true,1048890,137,1,1,1,0,0
1637865715816,12,Medium-Large,200,OK,true,512277,139,1,1,1,0,0
1637865715828,4,Small-Medium,200,OK,true,102714,139,1,1,2,0,1
1637865715832,12,Medium-Large,200,OK,true,512313,139,1,1,1,0,0
1637865715844,8,Medium,200,OK,true,307513,139,1,1,1,0,0
1637865715852,8,Medium,200,OK,true,307513,139,1,1,1,0,0
1637865715860,1,Small,200,OK,true,51511,138,1,1,0,0,0
1637865715864,25,Large,200,OK,true,1048891,137,1,1,1,0,0
1637865715889,24,Large,200,OK,true,1048891,137,1,1,0,0,0
1637865715913,26,Large,200,OK,true,1048891,137,1,1,1,0,0
1637865715939,13,Medium-Large,200,OK,true,512313,139,1,1,1,0,0
1637865715952,8,Medium,200,OK,true,307513,139,1,1,1,0,0
1637865715960,2,Small-Medium,200,OK,true,102713,139,1,1,0,0,0
1637865715964,25,Large,200,OK,true,1048891,137,1,1,1,0,0
1637865715989,24,Large,200,OK,true,1048891,137,1,1,1,0,0
1637865716013,18,Medium-Large,200,OK,true,512313,139,1,1,1,0,0
1637865716031,3,Small-Medium,200,OK,true,102713,139,1,1,1,0,0
1637865716036,3,Small-Medium,200,OK,true,102713,139,1,1,0,0,0
1637865716039,7,Medium,200,OK,true,307513,139,1,1,0,0,0
1637865716047,12,Medium-Large,200,OK,true,512313,139,1,1,0,0,0
1637865716059,3,Small-Medium,200,OK,true,102713,139,1,1,1,0,0
1637865716062,2,Small,200,OK,true,51511,138,1,1,1,0,0
1637865716068,3,Small-Medium,200,OK,true,102713,139,1,1,1,0,0
1637865716071,2,Small,200,OK,true,51511,138,1,1,1,0,0
1637865716076,24,Large,200,OK,true,1048891,137,1,1,0,0,0
1637865716100,2,Small,200,OK,true,51511,138,1,1,1,0,0
1637865716105,3,Small-Medium,200,OK,true,102713,139,1,1,1,0,0
1637865716108,2,Small,200,OK,true,51511,138,1,1,1,0,0
1637865716113,7,Medium,200,OK,true,307513,139,1,1,1,0,0
1637865716120,25,Large,200,OK,true,1048891,137,1,1,2,0,0
1637865716146,32,Medium-Large,200,OK,true,512313,139,1,1,0,0,0
1637865716178,7,Medium,200,OK,true,307513,139,1,1,1,0,0
1637865716186,7,Medium,200,OK,true,307513,139,1,1,0,0,0
1637865716193,7,Medium,200,OK,true,307513,139,1,1,1,0,0
1637865716200,24,Large,200,OK,true,1048891,137,1,1,1,0,0
1637865716224,2,Small,200,OK,true,51511,138,1,1,1,0,0
1637865716229,7,Medium,200,OK,true,307513,139,1,1,1,0,0
1637865716236,2,Small,200,OK,true,51511,138,1,1,1,0,0
1637865716241,3,Small-Medium,200,OK,true,102713,139,1,1,0,0,0
1637865716244,1,Small,200,OK,true,51511,138,1,1,0,0,0
1637865716248,25,Large,200,OK,true,1048891,137,1,1,1,0,0
1637865716273,24,Large,200,OK,true,1048891,137,1,1,1,0,0
1637865716298,2,Small-Medium,200,OK,true,102713,139,1,1,0,0,0
1637865716302,2,Small,200,OK,true,51511,138,1,1,1,0,0
1637865716306,13,Medium-Large,200,OK,true,512313,139,1,1,1,0,0
1637865716319,12,Medium-Large,200,OK,true,512313,139,1,1,1,0,0
1637865716331,3,Small-Medium,200,OK,true,102713,139,1,1,1,0,0
1637865716335,2,Small,200,OK,true,51511,138,1,1,1,0,0
1637865716339,2,Small,200,OK,true,51511,138,1,1,1,0,0
1637865716343,3,Small-Medium,200,OK,true,102713,139,1,1,1,0,0
1637865716346,2,Small,200,OK,true,51511,138,1,1,1,0,0
1637865716350,12,Medium-Large,200,OK,true,512313,139,1,1,1,0,0
1637865716362,12,Medium-Large,200,OK,true,512313,139,1,1,1,0,0
1637865716374,25,Medium-Large,200,OK,true,512313,139,1,1,1,0,0
1637865716399,1,Small,200,OK,true,51511,138,1,1,1,0,0
1637865716403,2,Small,200,OK,true,51511,138,1,1,1,0,0
1637865716407,8,Medium,200,OK,true,307513,139,1,1,1,0,0
1637865716415,1,Small,200,OK,true,51511,138,1,1,0,0,0
1637865716420,2,Small-Medium,200,OK,true,102713,139,1,1,0,0,0
1637865716423,3,Small-Medium,200,OK,true,102713,139,1,1,1,0,0
1637865716427,13,Medium-Large,200,OK,true,512313,139,1,1,1,0,0
1637865716440,2,Small-Medium,200,OK,true,102713,139,1,1,0,0,0
1637865716444,12,Medium-Large,200,OK,true,512313,139,1,1,1,0,0
1637865716456,12,Medium-Large,200,OK,true,512313,139,1,1,1,0,0
1637865716468,12,Medium-Large,200,OK,true,512313,139,1,1,1,0,0
1637865716480,12,Medium-Large,200,OK,true,512313,139,1,1,1,0,0
1637865716492,7,Medium,200,OK,true,307513,139,1,1,1,0,0
1637865716499,8,Medium,200,OK,true,307513,139,1,1,1,0,0
1637865716507,2,Small-Medium,200,OK,true,102713,139,1,1,0,0,0
1637865716511,8,Medium,200,OK,true,307513,139,1,1,1,0,0
1637865716519,7,Medium,200,OK,true,307513,139,1,1,1,0,0
1637865716526,2,Small,200,OK,true,51511,138,1,1,1,0,0
1637865716530,7,Medium,200,OK,true,307513,139,1,1,1,0,0
1637865716538,10,Medium,200,OK,true,307513,139,1,1,4,0,0
1637865716549,7,Medium,200,OK,true,307513,139,2,2,0,0,0
1637865716555,6,Small-Medium,200,OK,true,102714,139,2,2,1,0,1
1637865716556,41,Large,200,OK,true,1048891,137,2,2,1,0,0
1637865716562,48,Large,200,OK,true,1048891,137,2,2,1,0,0
1637865716598,22,Medium-Large,200,OK,true,512313,139,2,2,2,0,0
1637865716611,22,Medium-Large,200,OK,true,512313,139,2,2,1,0,0
1637865716620,14,Medium,200,OK,true,307513,139,2,2,2,0,0
1637865716634,15,Medium,200,OK,true,307513,139,2,2,3,0,0
1637865716649,5,Small,200,OK,true,51511,138,2,2,3,0,0
1637865716657,14,Medium,200,OK,true,307513,139,2,2,3,0,0
1637865716634,39,Large,200,OK,true,1048891,137,2,2,0,0,0
1637865716671,13,Medium,200,OK,true,307513,139,2,2,1,0,0
1637865716673,12,Medium,200,OK,true,307513,139,2,2,3,0,0
1637865716684,23,Medium-Large,200,OK,true,512313,139,2,2,2,0,0
1637865716686,21,Medium-Large,200,OK,true,512313,139,2,2,2,0,0
1637865716707,4,Small-Medium,200,OK,true,102713,139,2,2,1,0,0
1637865716717,5,Small-Medium,200,OK,true,102713,139,2,2,1,0,0
1637865716724,4,Small,200,OK,true,51511,138,2,2,2,0,0
1637865716707,29,Large,200,OK,true,1048891,137,2,2,3,0,0
1637865716732,4,Small,200,OK,true,51511,138,2,2,2,0,0
1637865716736,2,Small,200,OK,true,51511,138,2,2,1,0,0
1637865716740,9,Medium,200,OK,true,307513,139,2,2,1,0,0
1637865716745,5,Small-Medium,200,OK,true,102713,139,2,2,2,0,0
1637865716749,2,Small,200,OK,true,51511,138,2,2,1,0,0
1637865716754,19,Medium-Large,200,OK,true,512313,139,2,2,1,0,0
1637865716759,19,Medium-Large,200,OK,true,512313,139,2,2,2,0,0
1637865716773,12,Medium,200,OK,true,307513,139,2,2,2,0,0
1637865716785,5,Small-Medium,200,OK,true,102713,139,2,2,2,0,0
1637865716779,12,Medium,200,OK,true,307513,139,2,2,2,0,0
1637865716791,3,Small-Medium,200,OK,true,102713,139,2,2,1,0,0
1637865716794,3,Small-Medium,200,OK,true,102713,139,2,2,1,0,0
1637865716800,12,Medium,200,OK,true,307513,139,2,2,1,0,0
1637865716802,13,Medium,200,OK,true,307513,139,2,2,2,0,0
1637865716815,4,Small,200,OK,true,51511,138,2,2,2,0,0
1637865716812,9,Medium,200,OK,true,307512,139,2,2,2,0,0
1637865716822,1,Small,200,OK,true,51510,138,2,2,0,0,0
1637865716823,2,Small,200,OK,true,51511,138,2,2,1,0,0
1637865716830,2,Small,200,OK,true,51510,138,2,2,1,0,0
1637865716831,2,Small,200,OK,true,51511,138,2,2,1,0,0
1637865716837,14,Medium,200,OK,true,307512,139,2,2,1,0,0
1637865716851,4,Small-Medium,200,OK,true,102712,139,2,2,1,0,0
1637865716838,38,Medium-Large,200,OK,true,512313,139,2,2,2,0,0
1637865716876,56,Large,200,OK,true,1048890,137,2,2,1,0,0
1637865716876,57,Large,200,OK,true,1048891,137,2,2,3,0,0
1637865716933,22,Medium-Large,200,OK,true,512313,139,2,2,2,0,0
1637865716955,3,Small,200,OK,true,51511,138,2,2,1,0,0
1637865716963,4,Small,200,OK,true,51511,138,2,2,2,0,0
1637865716932,37,Large,200,OK,true,1048890,137,2,2,2,0,0
1637865716969,13,Medium,200,OK,true,307512,139,2,2,1,0,0
1637865716971,12,Medium,200,OK,true,307513,139,2,2,2,0,0
1637865716983,5,Small-Medium,200,OK,true,102713,139,2,2,2,0,0
1637865716982,10,Medium,200,OK,true,307512,139,2,2,1,0,0
1637865716992,4,Small,200,OK,true,51475,138,2,2,3,0,0
1637865716992,4,Small-Medium,200,OK,true,102713,139,2,2,1,0,0
1637865717001,7,Small,200,OK,true,51512,138,2,2,4,0,2
1637865717008,8,Small-Medium,200,OK,true,102713,139,2,2,2,0,0
1637865716999,31,Large,200,OK,true,1048891,137,2,2,1,0,0
1637865717030,4,Small-Medium,200,OK,true,102713,139,2,2,2,0,0
1637865717018,21,Medium-Large,200,OK,true,512313,139,2,2,2,0,0
1637865717039,23,Medium-Large,200,OK,true,512313,139,2,2,3,0,0
1637865717062,26,Medium,200,OK,true,307513,139,2,2,2,0,0
1637865717038,53,Large,200,OK,true,1048891,137,2,2,2,0,0
1637865717088,3,Small,200,OK,true,51511,138,2,2,2,0,0
1637865717091,9,Medium,200,OK,true,307513,139,2,2,2,0,0
1637865717097,45,Large,200,OK,true,1048891,137,2,2,4,0,0
1637865717100,44,Large,200,OK,true,1048891,137,2,2,2,0,0
1637865717144,6,Small-Medium,200,OK,true,102713,139,2,2,2,0,0
1637865717152,5,Small-Medium,200,OK,true,102713,139,2,2,2,0,0
1637865717142,17,Medium-Large,200,OK,true,512313,139,2,2,2,0,0
1637865717160,4,Small,200,OK,true,51511,138,2,2,2,0,0
1637865717159,8,Medium,200,OK,true,307513,139,2,2,1,0,0
1637865717168,1,Small,200,OK,true,51511,138,2,2,1,0,0
1637865717168,8,Medium,200,OK,true,307513,139,2,2,2,0,0
1637865717176,4,Small-Medium,200,OK,true,102713,139,2,2,1,0,0
1637865717176,5,Small-Medium,200,OK,true,102713,139,2,2,2,0,0
1637865717186,4,Small,200,OK,true,51511,138,2,2,2,0,0
1637865717185,29,Medium-Large,200,OK,true,512313,139,2,2,0,0,0
1637865717214,4,Small,200,OK,true,51511,138,2,2,2,0,0
1637865717223,5,Small-Medium,200,OK,true,102713,139,2,2,1,0,0
1637865717193,37,Large,200,OK,true,1048891,137,2,2,6,0,0
1637865717230,4,Small-Medium,200,OK,true,102713,139,2,2,1,0,0
1637865717232,3,Small-Medium,200,OK,true,102713,139,2,2,1,0,0
1637865717239,13,Medium,200,OK,true,307513,139,2,2,2,0,0
1637865717252,21,Medium-Large,200,OK,true,512313,139,2,2,1,0,0
1637865717238,47,Large,200,OK,true,1048891,137,2,2,1,0,0
1637865717285,5,Small-Medium,200,OK,true,102713,139,2,2,2,0,0
1637865717294,12,Medium,200,OK,true,307513,139,2,2,2,0,0
1637865717274,41,Large,200,OK,true,1048891,137,2,2,1,0,0
1637865717307,11,Medium,200,OK,true,307513,139,2,2,1,0,0
1637865717314,4,Small,200,OK,true,51511,138,2,2,2,0,0
1637865717322,24,Medium-Large,200,OK,true,512313,139,2,2,2,0,0
1637865717318,38,Large,200,OK,true,1048891,137,2,2,0,0,0
1637865717346,14,Medium,200,OK,true,307513,139,2,2,2,0,0
1637865717356,5,Small-Medium,200,OK,true,102713,139,2,2,2,0,0
1637865717364,4,Small,200,OK,true,51511,138,2,2,2,0,0
1637865717360,13,Medium-Large,200,OK,true,512313,139,2,2,1,0,0
1637865717372,4,Small-Medium,200,OK,true,102713,139,2,2,1,0,0
1637865717373,4,Small-Medium,200,OK,true,102713,139,2,2,2,0,0
1637865717380,2,Small,200,OK,true,51511,138,2,2,1,0,0
1637865717382,2,Small-Medium,200,OK,true,102713,139,2,2,0,0,0
1637865717391,4,Small,200,OK,true,51511,138,2,2,2,0,0
1637865717398,5,Small,200,OK,true,51511,138,2,2,2,0,0
1637865717388,33,Large,200,OK,true,1048891,137,2,2,0,0,0
1637865717406,21,Medium-Large,200,OK,true,512313,139,2,2,2,0,0
1637865717427,5,Small-Medium,200,OK,true,102713,139,2,2,1,0,0
1637865717422,11,Medium,200,OK,true,307513,139,2,2,1,0,0
1637865717435,23,Medium,200,OK,true,307513,139,2,2,13,0,0
1637865717433,29,Medium,200,OK,true,307513,139,2,2,16,0,0
1637865717458,5,Small,200,OK,true,51511,138,2,2,3,0,0
1637865717466,3,Small,200,OK,true,51511,138,2,2,1,0,0
1637865717462,13,Medium-Large,200,OK,true,512313,139,2,2,1,0,0
1637865717475,1,Small,200,OK,true,51511,138,2,2,0,0,0
1637865717475,16,Medium-Large,200,OK,true,512313,139,2,2,2,0,0
1637865717491,14,Medium,200,OK,true,307513,139,2,2,3,0,0
1637865717506,4,Small,200,OK,true,51511,138,2,2,2,0,0
1637865717482,35,Large,200,OK,true,1048891,137,2,2,2,0,0
1637865717515,22,Medium-Large,200,OK,true,512313,139,2,2,2,0,0
1637865717517,22,Medium-Large,200,OK,true,512313,139,2,2,2,0,0
1637865717539,5,Small-Medium,200,OK,true,102713,139,2,2,2,0,0
1637865717547,11,Medium,200,OK,true,307513,139,2,2,2,0,0
1637865717537,21,Medium-Large,200,OK,true,512313,139,2,2,2,0,0
1637865717558,22,Medium-Large,200,OK,true,512313,139,2,2,1,0,0
1637865717559,49,Large,200,OK,true,1048891,137,2,2,2,0,0
1637865717580,42,Large,200,OK,true,1048891,137,2,2,2,0,0
1637865717608,21,Medium-Large,200,OK,true,512313,139,2,2,2,0,0
1637865717622,12,Medium,200,OK,true,307513,139,2,2,2,0,0
1637865717634,14,Medium,200,OK,true,307513,139,2,2,1,0,0
1637865717648,5,Small-Medium,200,OK,true,102713,139,2,2,2,0,0
1637865717657,4,Small,200,OK,true,51511,138,2,2,2,0,0
1637865717630,35,Large,200,OK,true,1048891,137,2,2,2,0,0
1637865717665,5,Small,200,OK,true,51511,138,2,2,3,0,0
1637865717674,21,Medium-Large,200,OK,true,512313,139,2,2,2,0,0
1637865717695,6,Small-Medium,200,OK,true,102713,139,2,2,1,0,0
1637865717665,36,Large,200,OK,true,1048891,137,2,2,1,0,0
1637865717701,3,Small-Medium,200,OK,true,102713,139,2,2,1,0,0
1637865717710,21,Medium-Large,200,OK,true,512313,139,2,2,2,0,0
1637865717703,42,Large,200,OK,true,1048891,137,2,2,2,0,0
1637865717745,4,Small,200,OK,true,51511,138,2,2,2,0,0
1637865717731,39,Large,200,OK,true,1048891,137,2,2,1,0,0
1637865717753,21,Medium-Large,200,OK,true,512313,139,2,2,2,0,0
1637865717770,26,Medium-Large,200,OK,true,512313,139,2,2,2,0,0
1637865717796,3,Small,200,OK,true,51511,138,2,2,1,0,0
1637865717774,27,Medium-Large,200,OK,true,512313,139,2,2,3,0,0
1637865717805,3,Small,200,OK,true,51511,138,2,2,1,0,0
1637865717812,6,Small-Medium,200,OK,true,102713,139,2,2,2,0,0
1637865717801,34,Large,200,OK,true,1048891,137,2,2,0,0,0
1637865717835,13,Medium,200,OK,true,307513,139,2,2,2,0,0
1637865717820,45,Large,200,OK,true,1048891,137,2,2,2,0,0
1637865717848,42,Large,200,OK,true,1048891,137,2,2,2,0,0
1637865717891,5,Small-Medium,200,OK,true,102713,139,2,2,2,0,0
1637865717865,41,Large,200,OK,true,1048891,137,2,2,1,0,0
1637865717906,5,Small-Medium,200,OK,true,102713,139,2,2,2,0,0
1637865717899,40,Large,200,OK,true,1048891,137,2,2,2,0,0
1637865717939,21,Medium-Large,200,OK,true,512313,139,2,2,2,0,0
1637865717915,46,Large,200,OK,true,1048891,137,2,2,2,0,0
1637865717960,22,Medium-Large,200,OK,true,512313,139,2,2,1,0,0
1637865717961,21,Medium-Large,200,OK,true,512313,139,2,2,2,0,0
1637865717982,4,Small-Medium,200,OK,true,102713,139,2,2,1,0,0
1637865717982,4,Small,200,OK,true,51511,138,2,2,2,0,0
1637865717990,24,Medium-Large,200,OK,true,512313,139,2,2,1,0,0
1637865717991,44,Large,200,OK,true,1048891,137,2,2,2,0,0
1637865718014,41,Large,200,OK,true,1048891,137,2,2,1,0,0
1637865718055,14,Medium,200,OK,true,307513,139,2,2,2,0,0
1637865718070,4,Small,200,OK,true,51511,138,2,2,2,0,0
1637865718035,41,Large,200,OK,true,1048891,137,2,2,2,0,0
1637865718077,8,Small-Medium,200,OK,true,102713,139,2,2,4,0,0
1637865718085,6,Small-Medium,200,OK,true,102713,139,2,2,3,0,0
1637865718093,14,Medium,200,OK,true,307513,139,2,2,3,0,0
1637865718107,4,Small,200,OK,true,51511,138,2,2,2,0,0
1637865718076,35,Large,200,OK,true,1048891,137,2,2,1,0,0
1637865718116,4,Small,200,OK,true,51511,138,2,2,2,0,0
1637865718123,6,Small-Medium,200,OK,true,102713,139,2,2,2,0,0
1637865718111,33,Large,200,OK,true,1048891,137,2,2,1,0,0
1637865718144,6,Small-Medium,200,OK,true,102713,139,2,2,2,0,0
1637865718131,20,Medium-Large,200,OK,true,512313,139,2,2,2,0,0
1637865718154,20,Medium-Large,200,OK,true,512313,139,2,2,1,0,0
1637865718174,4,Small,200,OK,true,51511,138,2,2,2,0,0
1637865718151,37,Large,200,OK,true,1048891,137,2,2,1,0,0
1637865718183,45,Large,200,OK,true,1048891,137,2,2,2,0,0
1637865718188,45,Large,200,OK,true,1048891,137,2,2,2,0,0
1637865718233,4,Small,200,OK,true,51511,138,2,2,2,0,0
1637865718242,22,Medium-Large,200,OK,true,512313,139,2,2,1,0,0
1637865718228,38,Large,200,OK,true,1048891,137,2,2,2,0,0
1637865718265,20,Medium-Large,200,OK,true,512313,139,2,2,1,0,0
1637865718266,22,Medium-Large,200,OK,true,512313,139,2,2,2,0,0
1637865718285,4,Small-Medium,200,OK,true,102713,139,2,2,1,0,0
1637865718293,4,Small,200,OK,true,51510,138,2,2,2,0,0
1637865718288,13,Medium-Large,200,OK,true,512313,139,2,2,1,0,0
1637865718301,3,Small,200,OK,true,51511,138,2,2,1,0,0
1637865718301,40,Large,200,OK,true,1048890,137,2,2,2,0,0
1637865718309,43,Large,200,OK,true,1048891,137,2,2,2,0,0
1637865718341,22,Medium-Large,200,OK,true,512312,139,2,2,2,0,0
1637865718352,12,Medium,200,OK,true,307513,139,2,2,3,0,0
1637865718363,3,Small,200,OK,true,51510,138,2,2,2,0,0
1637865718365,2,Small,200,OK,true,51511,138,2,2,1,0,0
1637865718371,10,Medium,200,OK,true,307512,139,2,2,1,0,0
1637865718382,5,Small-Medium,200,OK,true,102712,139,2,2,2,0,0
1637865718390,4,Small,200,OK,true,51510,138,2,2,2,0,0
1637865718398,6,Small-Medium,200,OK,true,102712,139,2,2,3,0,0
1637865718373,32,Large,200,OK,true,1048891,137,2,2,2,0,0
1637865718406,4,Small,200,OK,true,51510,138,2,2,2,0,0
1637865718405,8,Medium,200,OK,true,307513,139,2,2,1,0,0
1637865718413,3,Small-Medium,200,OK,true,102713,139,2,2,1,0,0
1637865718421,6,Small-Medium,200,OK,true,102713,139,2,2,2,0,0
1637865718415,15,Medium-Large,200,OK,true,512277,139,2,2,2,0,0
1637865718429,3,Small,200,OK,true,51511,138,2,2,2,0,0
1637865718430,3,Small,200,OK,true,51512,138,2,2,2,0,1
1637865718437,4,Small,200,OK,true,51511,138,2,2,2,0,0
1637865718436,9,Medium,200,OK,true,307513,139,2,2,1,0,0
1637865718445,12,Medium,200,OK,true,307513,139,2,2,1,0,0
1637865718446,13,Medium,200,OK,true,307513,139,2,2,2,0,0
1637865718458,11,Medium,200,OK,true,307513,139,2,2,1,0,0
1637865718459,23,Medium-Large,200,OK,true,512313,139,2,2,3,0,0
1637865718482,4,Small-Medium,200,OK,true,102713,139,2,2,1,0,0
1637865718490,5,Small-Medium,200,OK,true,102713,139,2,2,2,0,0
1637865718498,4,Small,200,OK,true,51511,138,2,2,1,0,0
1637865718469,35,Large,200,OK,true,1048891,137,2,2,2,0,0
1637865718507,20,Medium-Large,200,OK,true,512313,139,2,2,1,0,0
1637865718527,4,Small,200,OK,true,51511,138,2,2,2,0,0
1637865718504,39,Large,200,OK,true,1048891,137,2,2,1,0,0
1637865718543,25,Medium-Large,200,OK,true,512313,139,2,2,2,0,0
1637865718536,40,Large,200,OK,true,1048891,137,2,2,2,0,0
1637865718569,25,Medium-Large,200,OK,true,512313,139,2,2,2,0,0
1637865718576,20,Medium-Large,200,OK,true,512313,139,2,2,1,0,0
1637865718594,14,Medium,200,OK,true,307513,139,2,2,2,0,0
1637865718596,26,Medium-Large,200,OK,true,512313,139,2,2,2,0,0
1637865718608,17,Medium,200,OK,true,307513,139,2,2,2,0,0
1637865718622,4,Small,200,OK,true,51511,138,2,2,4,0,0
1637865718631,21,Medium-Large,200,OK,true,512313,139,2,2,2,0,0
1637865718652,5,Small-Medium,200,OK,true,102713,139,2,2,2,0,0
1637865718625,38,Large,200,OK,true,1048891,137,2,2,2,0,0
1637865718663,4,Small,200,OK,true,51511,138,2,2,1,0,0
1637865718661,16,Medium-Large,200,OK,true,512313,139,2,2,2,0,0
1637865718677,4,Small,200,OK,true,51511,138,2,2,2,0,0
1637865718672,10,Medium,200,OK,true,307513,139,2,2,1,0,0
1637865718685,22,Medium-Large,200,OK,true,512313,139,2,2,2,0,0
1637865718682,44,Large,200,OK,true,1048891,137,2,2,1,0,0
1637865718707,40,Large,200,OK,true,1048891,137,2,2,1,0,0
1637865718726,58,Large,200,OK,true,1048891,137,2,2,2,0,0
1637865718747,41,Large,200,OK,true,1048891,137,2,2,2,0,0
1637865718784,5,Small-Medium,200,OK,true,102713,139,2,2,2,0,0
1637865718789,15,Medium-Large,200,OK,true,512313,139,2,2,0,0,0
1637865718804,21,Medium-Large,200,OK,true,512313,139,2,2,2,0,0
1637865718795,45,Large,200,OK,true,1048890,137,2,2,1,0,0
1637865718840,24,Medium-Large,200,OK,true,512312,139,2,2,2,0,0
1637865718825,41,Large,200,OK,true,1048891,137,2,2,1,0,0
1637865718866,4,Small,200,OK,true,51511,138,2,2,2,0,0
1637865718876,22,Medium-Large,200,OK,true,512313,139,2,2,1,0,0
1637865718865,40,Large,200,OK,true,1048890,137,2,2,1,0,0
1637865718898,11,Medium,200,OK,true,307513,139,2,2,2,0,0
1637865718905,4,Small,200,OK,true,51510,138,2,2,2,0,0
1637865718909,8,Medium,200,OK,true,307513,139,2,2,1,0,0
1637865718917,5,Small-Medium,200,OK,true,102713,139,2,2,2,0,0
1637865718915,43,Large,200,OK,true,1048890,137,2,2,1,0,0
1637865718925,41,Large,200,OK,true,1048891,137,2,2,2,0,0
1637865718958,25,Medium-Large,200,OK,true,512312,139,2,2,2,0,0
1637865718983,18,Medium,200,OK,true,307512,139,2,2,1,0,0
1637865718966,42,Large,200,OK,true,1048891,137,2,2,2,0,0
1637865719008,5,Small-Medium,200,OK,true,102713,139,2,2,2,0,0
1637865719001,17,Medium-Large,200,OK,true,512312,139,2,2,2,0,0
1637865719016,3,Small,200,OK,true,51511,138,2,2,2,0,0
1637865719018,3,Small-Medium,200,OK,true,102712,139,2,2,1,0,0
1637865719024,13,Medium,200,OK,true,307513,139,2,2,1,0,0
1637865719026,12,Medium,200,OK,true,307477,139,2,2,2,0,0
1637865719038,7,Small,200,OK,true,51512,138,2,2,4,0,2
1637865719037,33,Large,200,OK,true,1048891,137,2,2,1,0,0
1637865719046,28,Medium-Large,200,OK,true,512313,139,2,2,2,0,0
1637865719070,5,Small-Medium,200,OK,true,102713,139,2,2,3,0,0
1637865719074,9,Medium,200,OK,true,307513,139,2,2,1,0,0
1637865719083,6,Small-Medium,200,OK,true,102713,139,2,2,2,0,0
1637865719091,15,Medium,200,OK,true,307513,139,2,2,2,0,0
1637865719080,37,Large,200,OK,true,1048891,137,2,2,1,0,0
1637865719106,12,Medium,200,OK,true,307513,139,2,2,2,0,0
1637865719119,3,Small,200,OK,true,51511,138,2,2,1,0,0
1637865719117,8,Medium,200,OK,true,307513,139,2,2,2,0,0
1637865719126,2,Small-Medium,200,OK,true,102713,139,2,2,0,0,0
1637865719127,11,Medium,200,OK,true,307513,139,2,2,4,0,0
1637865719134,22,Medium-Large,200,OK,true,512313,139,2,2,2,0,0
1637865719156,12,Medium,200,OK,true,307513,139,2,2,2,0,0
1637865719168,4,Small,200,OK,true,51511,138,2,2,2,0,0
1637865719139,41,Large,200,OK,true,1048891,137,2,2,1,0,0
1637865719176,20,Medium-Large,200,OK,true,512313,139,2,2,2,0,0
1637865719196,15,Medium,200,OK,true,307513,139,2,2,3,0,0
1637865719180,44,Large,200,OK,true,1048891,137,2,2,1,0,0
1637865719211,19,Medium-Large,200,OK,true,512313,139,2,2,2,0,0
1637865719230,12,Medium,200,OK,true,307513,139,2,2,2,0,0
1637865719242,5,Small-Medium,200,OK,true,102713,139,2,2,2,0,0
1637865719224,24,Medium-Large,200,OK,true,512313,139,2,2,2,0,0
1637865719251,5,Small-Medium,200,OK,true,102713,139,2,2,1,0,0
1637865719258,24,Medium-Large,200,OK,true,512313,139,2,2,5,0,0
1637865719248,45,Large,200,OK,true,1048891,137,2,2,0,0,0
1637865719293,15,Medium,200,OK,true,307513,139,2,2,2,0,0
1637865719282,27,Medium-Large,200,OK,true,512313,139,2,2,1,0,0
1637865719309,13,Medium,200,OK,true,307513,139,2,2,0,0,0
1637865719309,21,Medium-Large,200,OK,true,512313,139,2,2,2,0,0
1637865719323,22,Medium-Large,200,OK,true,512313,139,2,2,1,0,0
1637865719330,21,Medium-Large,200,OK,true,512313,139,2,2,2,0,0
1637865719351,4,Small,200,OK,true,51511,138,2,2,2,0,0
1637865719360,2,Small,200,OK,true,51511,138,2,2,1,0,0
1637865719345,29,Large,200,OK,true,1048891,137,2,2,2,0,0
1637865719368,7,Small-Medium,200,OK,true,102713,139,2,2,5,0,0
1637865719374,3,Small-Medium,200,OK,true,102713,139,2,2,2,0,0
1637865719377,3,Small-Medium,200,OK,true,102713,139,2,2,1,0,0
1637865719384,4,Small,200,OK,true,51511,138,2,2,2,0,0
1637865719392,5,Small-Medium,200,OK,true,102713,139,2,2,2,0,0
1637865719382,31,Large,200,OK,true,1048891,137,2,2,1,0,0
1637865719413,17,Medium,200,OK,true,307513,139,2,2,2,0,0
1637865719430,3,Small,200,OK,true,51511,138,2,2,1,0,0
1637865719400,40,Large,200,OK,true,1048891,137,2,2,7,0,0
1637865719438,3,Small,200,OK,true,51511,138,2,2,2,0,0
1637865719440,9,Medium,200,OK,true,307513,139,2,2,1,0,0
1637865719446,23,Medium-Large,200,OK,true,512313,139,2,2,1,0,0
1637865719449,21,Medium-Large,200,OK,true,512313,139,2,2,2,0,0
1637865719469,16,Medium,200,OK,true,307513,139,2,2,1,0,0
1637865719485,17,Medium,200,OK,true,307513,139,2,2,3,0,0
1637865719470,39,Large,200,OK,true,1048891,137,2,2,1,0,0
1637865719509,13,Medium,200,OK,true,307513,139,2,2,2,0,0
1637865719502,21,Medium-Large,200,OK,true,512313,139,2,2,3,0,0
1637865719523,3,Small,200,OK,true,51511,138,2,2,1,0,0
1637865719522,5,Small-Medium,200,OK,true,102713,139,2,2,2,0,0
1637865719531,19,Medium-Large,200,OK,true,512313,139,2,2,1,0,0
1637865719550,24,Medium-Large,200,OK,true,512313,139,2,2,4,0,0
1637865719532,49,Large,200,OK,true,1048891,137,2,2,2,0,0
1637865719574,11,Medium,200,OK,true,307513,139,2,2,1,0,0
1637865719585,5,Small-Medium,200,OK,true,102713,139,2,2,2,0,0
1637865719593,4,Small,200,OK,true,51511,138,2,2,2,0,0
1637865719601,5,Small-Medium,200,OK,true,102713,139,2,2,2,0,0
1637865719581,33,Large,200,OK,true,1048891,137,2,2,2,0,0
1637865719614,7,Small-Medium,200,OK,true,102713,139,2,2,2,0,0
1637865719609,17,Medium-Large,200,OK,true,512313,139,2,2,2,0,0
1637865719623,10,Medium,200,OK,true,307513,139,2,2,2,0,0
1637865719633,14,Medium,200,OK,true,307513,139,2,2,2,0,0
1637865719648,3,Small,200,OK,true,51511,138,2,2,1,0,0
1637865719656,5,Small-Medium,200,OK,true,102713,139,2,2,1,0,0
1637865719627,39,Large,200,OK,true,1048891,137,2,2,3,0,0
1637865719665,4,Small-Medium,200,OK,true,102713,139,2,2,0,0,0
1637865719666,8,Medium,200,OK,true,307513,139,2,2,2,0,0
1637865719674,24,Medium-Large,200,OK,true,512313,139,2,2,2,0,0
1637865719698,3,Small,200,OK,true,51511,138,2,2,1,0,0
1637865719672,49,Large,200,OK,true,1048891,137,2,2,3,0,0
1637865719721,17,Medium,200,OK,true,307513,139,2,2,3,0,0
1637865719739,6,Small-Medium,200,OK,true,102713,139,2,2,2,0,0
1637865719706,41,Large,200,OK,true,1048891,137,2,2,2,0,0
1637865719746,1,Small,200,OK,true,51511,138,2,2,0,0,0
1637865719747,2,Small,200,OK,true,51511,138,2,2,1,0,0
1637865719754,13,Medium,200,OK,true,307513,139,2,2,1,0,0
1637865719767,16,Medium,200,OK,true,307513,139,2,2,1,0,0
1637865719755,41,Large,200,OK,true,1048891,137,2,2,2,0,0
1637865719783,50,Large,200,OK,true,1048891,137,2,2,3,0,0
1637865719796,42,Large,200,OK,true,1048891,137,2,2,1,0,0
1637865719838,13,Medium,200,OK,true,307513,139,2,2,2,0,0
1637865719851,4,Small,200,OK,true,51511,138,2,2,2,0,0
1637865719859,3,Small,200,OK,true,51511,138,2,2,1,0,0
1637865719833,34,Large,200,OK,true,1048891,137,2,2,2,0,0
1637865719868,20,Medium-Large,200,OK,true,512313,139,2,2,2,0,0
1637865719867,23,Medium-Large,200,OK,true,512313,139,2,2,1,0,0
1637865719888,4,Small-Medium,200,OK,true,102713,139,2,2,2,0,0
1637865719890,8,Medium,200,OK,true,307513,139,2,2,2,0,0
1637865719897,4,Small-Medium,200,OK,true,102713,139,2,2,1,0,0
1637865719898,3,Small,200,OK,true,51511,138,2,2,2,0,0
1637865719906,2,Small-Medium,200,OK,true,102713,139,2,2,0,0,0
1637865719913,6,Small-Medium,200,OK,true,102713,139,2,2,2,0,0
1637865719908,40,Large,200,OK,true,1048891,137,2,2,1,0,0
1637865719921,40,Large,200,OK,true,1048891,137,2,2,2,0,0
1637865719948,15,Medium,200,OK,true,307513,139,2,2,2,0,0
1637865719963,14,Medium,200,OK,true,307513,139,2,2,1,0,0
1637865719961,43,Large,200,OK,true,1048891,137,2,2,2,0,0
1637865720005,3,Small,200,OK,true,51511,138,2,2,1,0,0
1637865719977,42,Large,200,OK,true,1048891,137,2,2,2,0,0
1637865720019,5,Small-Medium,200,OK,true,102713,139,2,2,1,0,0
1637865720013,13,Medium,200,OK,true,307513,139,2,2,2,0,0
1637865720026,1,Small,200,OK,true,51511,138,2,2,1,0,0
1637865720029,8,Medium,200,OK,true,307513,139,2,2,1,0,0
1637865720034,4,Small,200,OK,true,51510,138,2,2,3,0,0
1637865720038,7,Medium,200,OK,true,307513,139,2,2,0,0,0
1637865720042,4,Small,200,OK,true,51510,138,2,2,2,0,0
1637865720050,21,Medium-Large,200,OK,true,512312,139,2,2,2,0,0
1637865720046,42,Large,200,OK,true,1048891,137,2,2,0,0,0
1637865720071,43,Large,200,OK,true,1048890,137,2,2,2,0,0
1637865720114,4,Small,200,OK,true,51510,138,2,2,2,0,0
1637865720089,41,Large,200,OK,true,1048891,137,2,2,1,0,0
1637865720122,13,Medium,200,OK,true,307512,139,2,2,3,0,0
1637865720130,6,Small-Medium,200,OK,true,102713,139,2,2,3,0,0
1637865720139,4,Small,200,OK,true,51511,138,2,2,2,0,0
1637865720135,9,Medium,200,OK,true,307512,139,2,2,1,0,0
1637865720147,26,Medium-Large,200,OK,true,512313,139,2,2,2,0,0
1637865720144,36,Large,200,OK,true,1048890,137,2,2,0,0,0
1637865720180,5,Small-Medium,200,OK,true,102712,139,2,2,2,0,0
1637865720189,23,Medium-Large,200,OK,true,512277,139,2,2,2,0,0
1637865720173,40,Large,200,OK,true,1048891,137,2,2,2,0,0
1637865720213,2,Small,200,OK,true,51511,138,2,2,1,0,0
1637865720213,4,Small,200,OK,true,51512,138,2,2,3,0,1
1637865720222,4,Small,200,OK,true,51511,138,2,2,2,0,0
1637865720230,15,Medium,200,OK,true,307513,139,2,2,2,0,0
1637865720220,35,Large,200,OK,true,1048891,137,2,2,1,0,0
1637865720255,4,Small,200,OK,true,51511,138,2,2,2,0,0
1637865720263,4,Small-Medium,200,OK,true,102713,139,2,2,1,0,0
1637865720271,4,Small-Medium,200,OK,true,102713,139,2,2,1,0,0
1637865720246,32,Large,200,OK,true,1048891,137,2,2,1,0,0
1637865720280,3,Small,200,OK,true,51511,138,2,2,1,0,0
1637865720287,13,Medium,200,OK,true,307513,139,2,2,2,0,0
1637865720300,12,Medium,200,OK,true,307513,139,2,2,1,0,0
1637865720312,8,Small-Medium,200,OK,true,102713,139,2,2,2,0,0
1637865720278,43,Large,200,OK,true,1048891,137,2,2,1,0,0
1637865720321,14,Medium,200,OK,true,307513,139,2,2,1,0,0
1637865720335,5,Small-Medium,200,OK,true,102713,139,2,2,2,0,0
1637865720322,39,Large,200,OK,true,1048891,137,2,2,2,0,0
1637865720361,22,Medium-Large,200,OK,true,512313,139,2,2,2,0,0
1637865720343,48,Large,200,OK,true,1048891,137,2,2,3,0,0
1637865720391,4,Small,200,OK,true,51511,138,2,2,2,0,0
1637865720383,16,Medium-Large,200,OK,true,512313,139,2,2,2,0,0
1637865720399,5,Small-Medium,200,OK,true,102713,139,2,2,2,0,0
1637865720399,9,Medium,200,OK,true,307513,139,2,2,1,0,0
1637865720408,1,Small,200,OK,true,51511,138,2,2,0,0,0
1637865720408,8,Medium,200,OK,true,307513,139,2,2,1,0,0
1637865720415,13,Medium,200,OK,true,307513,139,2,2,1,0,0
1637865720429,3,Small,200,OK,true,51511,138,2,2,1,0,0
1637865720437,5,Small-Medium,200,OK,true,102713,139,2,2,1,0,0
1637865720416,34,Large,200,OK,true,1048891,137,2,2,2,0,0
1637865720450,5,Small-Medium,200,OK,true,102713,139,2,2,2,0,0
1637865720446,10,Medium,200,OK,true,307513,139,2,2,1,0,0
1637865720458,5,Small,200,OK,true,51511,138,2,2,2,0,0
1637865720456,16,Medium-Large,200,OK,true,512313,139,2,2,1,0,0
1637865720472,10,Small,200,OK,true,51511,138,2,2,8,0,0
1637865720466,27,Medium-Large,200,OK,true,512313,139,2,2,2,0,0
1637865720482,39,Large,200,OK,true,1048891,137,2,2,2,0,0
1637865720522,14,Medium,200,OK,true,307513,139,2,2,1,0,0
1637865720493,46,Large,200,OK,true,1048891,137,2,2,2,0,0
1637865720536,23,Medium-Large,200,OK,true,512313,139,2,2,1,0,0
1637865720559,12,Medium,200,OK,true,307513,139,2,2,1,0,0
1637865720571,12,Medium,200,OK,true,307513,139,2,2,1,0,0
1637865720539,48,Large,200,OK,true,1048891,137,2,2,1,0,0
1637865720583,4,Small-Medium,200,OK,true,102713,139,2,2,2,0,0
1637865720587,2,Small,200,OK,true,51511,138,2,2,1,0,0
1637865720591,18,Medium-Large,200,OK,true,512313,139,2,2,1,0,0
1637865720595,14,Medium,200,OK,true,307513,139,2,2,2,0,0
1637865720609,5,Small,200,OK,true,51511,138,2,2,3,0,0
1637865720609,9,Medium,200,OK,true,307513,139,2,2,1,0,0
1637865720617,6,Small-Medium,200,OK,true,102713,139,2,2,3,0,0
1637865720618,18,Medium-Large,200,OK,true,512313,139,2,2,0,0,0
1637865720636,4,Small-Medium,200,OK,true,102713,139,2,2,1,0,0
1637865720644,14,Medium,200,OK,true,307513,139,2,2,2,0,0
1637865720659,3,Small,200,OK,true,51511,138,2,2,1,0,0
1637865720625,40,Large,200,OK,true,1048891,137,2,2,2,0,0
1637865720667,21,Medium-Large,200,OK,true,512313,139,2,2,2,0,0
1637865720665,23,Medium-Large,200,OK,true,512313,139,2,2,0,0,0
1637865720688,14,Medium,200,OK,true,307513,139,2,2,1,0,0
1637865720688,21,Medium-Large,200,OK,true,512313,139,2,2,2,0,0
1637865720709,4,Small,200,OK,true,51511,138,2,2,2,0,0
1637865720702,12,Medium,200,OK,true,307513,139,2,2,1,0,0
1637865720714,2,Small-Medium,200,OK,true,102713,139,2,2,0,0,0
1637865720718,10,Medium,200,OK,true,307513,139,2,2,1,0,0
1637865720728,12,Medium,200,OK,true,307513,139,2,2,2,0,0
1637865720722,23,Medium-Large,200,OK,true,512313,139,2,2,2,0,0
1637865720745,14,Medium,200,OK,true,307513,139,2,2,2,0,0
1637865720759,3,Small,200,OK,true,51511,138,2,2,1,0,0
1637865720741,37,Large,200,OK,true,1048891,137,2,2,1,0,0
1637865720778,5,Small-Medium,200,OK,true,102713,139,2,2,2,0,0
1637865720767,18,Medium-Large,200,OK,true,512313,139,2,2,2,0,0
1637865720786,4,Small,200,OK,true,51511,138,2,2,2,0,0
1637865720794,12,Medium,200,OK,true,307513,139,2,2,2,0,0
1637865720806,2,Small,200,OK,true,51511,138,2,2,1,0,0
1637865720785,33,Large,200,OK,true,1048891,137,2,2,1,0,0
1637865720814,4,Small-Medium,200,OK,true,102713,139,2,2,1,0,0
1637865720818,9,Medium,200,OK,true,307513,139,2,2,1,0,0
1637865720823,12,Medium,200,OK,true,307513,139,2,2,1,0,0
1637865720827,15,Medium,200,OK,true,307513,139,2,2,2,0,0
1637865720836,11,Medium,200,OK,true,307513,139,2,2,1,0,0
1637865720847,11,Medium,200,OK,true,307513,139,2,2,1,0,0
1637865720842,17,Medium,200,OK,true,307512,139,2,2,2,0,0
1637865720858,1,Small,200,OK,true,51511,138,2,2,1,0,0
1637865720859,3,Small-Medium,200,OK,true,102712,139,2,2,1,0,0
1637865720867,4,Small,200,OK,true,51510,138,2,2,2,0,0
1637865720866,15,Medium-Large,200,OK,true,512313,139,2,2,1,0,0
1637865720882,12,Medium,200,OK,true,307513,139,2,2,1,0,0
1637865720875,46,Large,200,OK,true,1048890,137,2,2,2,0,0
1637865720895,42,Large,200,OK,true,1048891,137,2,2,2,0,0
1637865720938,4,Small,200,OK,true,51511,138,2,2,2,0,0
1637865720946,22,Medium,200,OK,true,307513,139,2,2,2,0,0
1637865720922,47,Large,200,OK,true,1048890,137,2,2,1,0,0
1637865720968,4,Small-Medium,200,OK,true,102713,139,2,2,1,0,0
1637865720969,3,Small,200,OK,true,51510,138,2,2,2,0,0
1637865720976,20,Medium-Large,200,OK,true,512313,139,2,2,1,0,0
1637865720977,25,Medium-Large,200,OK,true,512312,139,2,2,3,0,0
1637865721002,5,Small-Medium,200,OK,true,102712,139,2,2,2,0,0
1637865720996,13,Medium,200,OK,true,307513,139,2,2,2,0,0
1637865721009,19,Medium-Large,200,OK,true,512313,139,2,2,1,0,0
1637865721028,5,Small-Medium,200,OK,true,102713,139,2,2,2,0,0
1637865721037,9,Small,200,OK,true,51511,138,2,2,6,0,0
1637865721011,51,Large,200,OK,true,1048890,137,2,2,1,0,0
1637865721046,39,Large,200,OK,true,1048891,137,2,2,1,0,0
1637865721063,23,Medium-Large,200,OK,true,512277,139,2,2,2,0,0
1637865721085,2,Small,200,OK,true,51511,138,2,2,2,0,0
1637865721093,7,Small-Medium,200,OK,true,102713,139,2,2,3,0,0
1637865721086,47,Large,200,OK,true,1048892,137,2,2,2,0,1
1637865721101,40,Large,200,OK,true,1048891,137,2,2,3,0,0
1637865721133,12,Medium,200,OK,true,307513,139,2,2,1,0,0
1637865721142,3,Small,200,OK,true,51511,138,2,2,1,0,0
1637865721145,2,Small,200,OK,true,51511,138,2,2,1,0,0
1637865721153,14,Medium,200,OK,true,307513,139,2,2,2,0,0
1637865721150,38,Large,200,OK,true,1048891,137,2,2,1,0,0
1637865721168,47,Large,200,OK,true,1048891,137,2,2,2,0,0
1637865721188,45,Large,200,OK,true,1048891,137,2,2,2,0,0
1637865721233,12,Medium,200,OK,true,307513,139,2,2,2,0,0
1637865721215,47,Large,200,OK,true,1048891,137,2,2,2,0,0
1637865721262,6,Small-Medium,200,OK,true,102713,139,2,2,2,0,0
1637865721270,5,Small-Medium,200,OK,true,102713,139,2,2,2,0,0
1637865721245,37,Large,200,OK,true,1048891,137,2,2,2,0,0
1637865721278,20,Medium-Large,200,OK,true,512313,139,2,2,2,0,0
1637865721298,15,Medium,200,OK,true,307513,139,2,2,2,0,0
1637865721313,3,Small,200,OK,true,51511,138,2,2,1,0,0
1637865721321,3,Small,200,OK,true,51511,138,2,2,1,0,0
1637865721282,44,Large,200,OK,true,1048891,137,2,2,2,0,0
1637865721326,2,Small,200,OK,true,51511,138,2,2,1,0,0
1637865721329,3,Small-Medium,200,OK,true,102713,139,2,2,1,0,0
1637865721336,3,Small-Medium,200,OK,true,102713,139,2,2,0,0,0
1637865721338,3,Small-Medium,200,OK,true,102713,139,2,2,1,0,0
1637865721343,2,Small,200,OK,true,51511,138,2,2,1,0,0
1637865721345,3,Small-Medium,200,OK,true,102713,139,2,2,1,0,0
1637865721353,4,Small,200,OK,true,51511,138,2,2,2,0,0
1637865721351,9,Medium,200,OK,true,307513,139,2,2,1,0,0
1637865721360,21,Medium-Large,200,OK,true,512313,139,2,2,0,0,0
1637865721381,27,Medium,200,OK,true,307513,139,2,2,2,0,0
1637865721408,6,Small-Medium,200,OK,true,102713,139,2,2,2,0,0
1637865721361,55,Large,200,OK,true,1048891,137,2,2,1,0,0
1637865721416,11,Medium,200,OK,true,307513,139,2,2,1,0,0
1637865721419,44,Large,200,OK,true,1048891,137,2,2,2,0,0
1637865721428,46,Large,200,OK,true,1048891,137,2,2,2,0,0
1637865721463,12,Medium,200,OK,true,307513,139,2,2,2,0,0
1637865721474,2,Small,200,OK,true,51511,138,2,2,2,0,0
1637865721476,2,Small,200,OK,true,51511,138,2,2,1,0,0
1637865721483,3,Small-Medium,200,OK,true,102713,139,2,2,1,0,0
1637865721484,9,Medium,200,OK,true,307513,139,2,2,2,0,0
1637865721493,7,Small,200,OK,true,51511,138,2,2,5,0,0
1637865721491,48,Large,200,OK,true,1048891,137,2,2,4,0,0
1637865721540,2,Small,200,OK,true,51511,138,2,2,2,0,0
1637865721502,41,Large,200,OK,true,1048891,137,2,2,2,0,0
1637865721543,3,Small-Medium,200,OK,true,102713,139,2,2,1,0,0
1637865721547,2,Small,200,OK,true,51511,138,2,2,1,0,0
1637865721551,2,Small-Medium,200,OK,true,102713,139,2,2,0,0,0
1637865721555,42,Large,200,OK,true,1048891,137,2,2,1,0,0
1637865721559,46,Large,200,OK,true,1048891,137,2,2,2,0,0
1637865721597,45,Large,200,OK,true,1048891,137,2,2,2,0,0
1637865721605,47,Large,200,OK,true,1048891,137,2,2,2,0,0
1637865721652,5,Small,200,OK,true,51511,138,2,2,3,0,0
1637865721642,38,Large,200,OK,true,1048891,137,2,2,1,0,0
1637865721660,21,Medium-Large,200,OK,true,512313,139,2,2,2,0,0
1637865721681,5,Small,200,OK,true,51511,138,2,2,3,0,0
1637865721690,4,Small,200,OK,true,51511,138,2,2,2,0,0
1637865721680,14,Medium-Large,200,OK,true,512313,139,2,2,1,0,0
1637865721694,10,Medium,200,OK,true,307513,139,2,2,1,0,0
1637865721704,4,Small,200,OK,true,51511,138,2,2,2,0,0
1637865721713,5,Small-Medium,200,OK,true,102713,139,2,2,2,0,0
1637865721720,15,Medium,200,OK,true,307513,139,2,2,2,0,0
1637865721698,38,Large,200,OK,true,1048891,137,2,2,2,0,0
1637865721735,2,Small,200,OK,true,51511,138,2,2,1,0,0
1637865721736,18,Small-Medium,200,OK,true,102713,139,2,2,2,0,0
1637865721754,6,Small-Medium,200,OK,true,102712,139,2,2,3,0,0
1637865721754,19,Medium-Large,200,OK,true,512313,139,2,2,1,0,0
1637865721762,12,Medium,200,OK,true,307512,139,2,2,2,0,0
1637865721773,14,Medium,200,OK,true,307513,139,2,2,1,0,0
1637865721775,43,Large,200,OK,true,1048890,137,2,2,1,0,0
1637865721818,5,Small-Medium,200,OK,true,102712,139,2,2,2,0,0
1637865721826,4,Small-Medium,200,OK,true,102712,139,2,2,2,0,0
1637865721787,43,Large,200,OK,true,1048891,137,2,2,3,0,0
1637865721830,43,Large,200,OK,true,1048891,137,2,2,1,0,0
1637865721835,40,Large,200,OK,true,1048890,137,2,2,2,0,0
1637865721874,5,Small-Medium,200,OK,true,102713,139,2,2,1,0,0
1637865721882,3,Small,200,OK,true,51511,138,2,2,2,0,0
1637865721875,15,Medium-Large,200,OK,true,512312,139,2,2,3,0,0
1637865721890,12,Small-Medium,200,OK,true,102712,139,2,2,2,0,0
1637865721889,30,Medium-Large,200,OK,true,512313,139,2,2,1,0,0
1637865721919,5,Small-Medium,200,OK,true,102713,139,2,2,2,0,0
1637865721927,5,Small-Medium,200,OK,true,102713,139,2,2,2,0,0
1637865721902,41,Large,200,OK,true,1048890,137,2,2,1,0,0
1637865721943,3,Small,200,OK,true,51475,138,2,2,1,0,0
1637865721935,32,Large,200,OK,true,1048891,137,2,2,2,0,0
1637865721952,54,Large,200,OK,true,1048892,137,2,2,3,0,1
1637865722006,6,Small-Medium,200,OK,true,102713,139,2,2,2,0,0
1637865721967,45,Large,200,OK,true,1048891,137,2,2,4,0,0
1637865722012,1,Small,200,OK,true,51511,138,2,2,0,0,0
1637865722014,44,Large,200,OK,true,1048891,137,2,2,1,0,0
1637865722020,43,Large,200,OK,true,1048891,137,2,2,2,0,0
1637865722063,6,Small-Medium,200,OK,true,102713,139,2,2,2,0,0
1637865722058,13,Medium,200,OK,true,307513,139,2,2,2,0,0
1637865722072,45,Large,200,OK,true,1048891,137,2,2,2,0,0
1637865722071,47,Large,200,OK,true,1048891,137,2,2,1,0,0
1637865722117,2,Small,200,OK,true,51511,138,2,2,1,0,0
1637865722125,5,Small-Medium,200,OK,true,102713,139,2,2,2,0,0
1637865722132,7,Small-Medium,200,OK,true,102713,139,2,2,2,0,0
1637865722141,6,Small-Medium,200,OK,true,102713,139,2,2,2,0,0
1637865722118,32,Large,200,OK,true,1048891,137,2,2,1,0,0
1637865722150,3,Small,200,OK,true,51511,138,2,2,2,0,0
1637865722148,20,Medium-Large,200,OK,true,512313,139,2,2,2,0,0
1637865722168,5,Small-Medium,200,OK,true,102713,139,2,2,2,0,0
1637865722158,43,Large,200,OK,true,1048891,137,2,2,2,0,0
1637865722201,5,Small-Medium,200,OK,true,102713,139,2,2,2,0,0
1637865722176,41,Large,200,OK,true,1048891,137,2,2,2,0,0
1637865722210,11,Medium,200,OK,true,307513,139,2,2,1,0,0
1637865722218,4,Small,200,OK,true,51511,138,2,2,2,0,0
1637865722226,4,Small,200,OK,true,51511,138,2,2,2,0,0
1637865722222,13,Medium-Large,200,OK,true,512313,139,2,2,1,0,0
1637865722235,13,Medium,200,OK,true,307513,139,2,2,1,0,0
1637865722248,3,Small,200,OK,true,51511,138,2,2,1,0,0
1637865722256,4,Small,200,OK,true,51511,138,2,2,2,0,0
1637865722234,32,Large,200,OK,true,1048891,137,2,2,1,0,0
1637865722266,15,Medium,200,OK,true,307513,139,2,2,2,0,0
1637865722264,21,Medium-Large,200,OK,true,512313,139,2,2,2,0,0
1637865722281,14,Medium,200,OK,true,307513,139,2,2,1,0,0
1637865722295,29,Medium-Large,200,OK,true,512313,139,2,2,3,0,0
1637865722285,43,Large,200,OK,true,1048891,137,2,2,2,0,0
1637865722330,21,Medium-Large,200,OK,true,512313,139,2,2,1,0,0
1637865722325,27,Medium-Large,200,OK,true,512313,139,2,2,2,0,0
1637865722352,5,Small,200,OK,true,51511,138,2,2,3,0,0
1637865722351,40,Large,200,OK,true,1048891,137,2,2,2,0,0
1637865722360,51,Large,200,OK,true,1048891,137,2,2,3,0,0
1637865722411,16,Medium,200,OK,true,307513,139,2,2,3,0,0
1637865722391,45,Large,200,OK,true,1048891,137,2,2,2,0,0
1637865722437,10,Small,200,OK,true,51511,138,2,2,6,0,0
1637865722427,51,Large,200,OK,true,1048891,137,2,2,2,0,0
1637865722478,5,Small-Medium,200,OK,true,102713,139,2,2,1,0,0
1637865722447,40,Large,200,OK,true,1048891,137,2,2,2,0,0
1637865722486,14,Medium,200,OK,true,307513,139,2,2,1,0,0
1637865722487,13,Medium,200,OK,true,307513,139,2,2,2,0,0
1637865722500,2,Small,200,OK,true,51511,138,2,2,1,0,0
1637865722500,17,Medium-Large,200,OK,true,512313,139,2,2,2,0,0
1637865722517,6,Small-Medium,200,OK,true,102713,139,2,2,2,0,0
1637865722508,18,Medium-Large,200,OK,true,512313,139,2,2,2,0,0
1637865722526,17,Small-Medium,200,OK,true,102713,139,2,2,1,0,0
1637865722543,8,Small-Medium,200,OK,true,102713,139,2,2,2,0,0
1637865722551,39,Medium-Large,200,OK,true,512313,139,3,3,3,0,0
1637865722591,6,Small,200,OK,true,51511,138,3,3,3,0,0
1637865722526,76,Large,200,OK,true,1048891,137,3,3,2,0,0
1637865722554,53,Large,200,OK,true,1048892,137,3,3,5,0,3
1637865722602,6,Small-Medium,200,OK,true,102713,139,3,3,2,0,0
1637865722603,5,Small,200,OK,true,51511,138,3,3,3,0,0
1637865722607,4,Small-Medium,200,OK,true,102713,139,3,3,1,0,0
1637865722615,21,Medium,200,OK,true,307513,139,3,3,2,0,0
1637865722619,18,Medium,200,OK,true,307513,139,3,3,3,0,0
1637865722614,37,Medium-Large,200,OK,true,512313,139,3,3,1,0,0
1637865722637,15,Medium,200,OK,true,307513,139,3,3,3,0,0
1637865722636,22,Medium,200,OK,true,307513,139,3,3,2,0,0
1637865722652,16,Medium,200,OK,true,307513,139,3,3,4,0,0
1637865722651,22,Medium,200,OK,true,307513,139,3,3,3,0,0
1637865722658,21,Medium,200,OK,true,307513,139,3,3,3,0,0
1637865722674,10,Small-Medium,200,OK,true,102713,139,3,3,3,0,0
1637865722668,52,Large,200,OK,true,1048891,137,3,3,3,0,0
1637865722679,42,Medium-Large,200,OK,true,512313,139,3,3,4,0,0
1637865722720,3,Small,200,OK,true,51511,138,3,3,2,0,0
1637865722722,13,Medium,200,OK,true,307513,139,3,3,2,0,0
1637865722733,4,Small,200,OK,true,51511,138,3,3,2,0,0
1637865722735,6,Small-Medium,200,OK,true,102713,139,3,3,2,0,0
1637865722686,59,Large,200,OK,true,1048891,137,3,3,3,0,0
1637865722746,26,Medium-Large,200,OK,true,512313,139,3,3,2,0,0
1637865722748,40,Medium,200,OK,true,307513,139,3,3,2,0,0
1637865722772,17,Small-Medium,200,OK,true,102713,139,3,3,16,0,0
1637865722790,10,Small,200,OK,true,51511,138,3,3,10,0,0
1637865722788,12,Small,200,OK,true,51511,138,3,3,2,0,0
1637865722802,19,Medium,200,OK,true,307513,139,3,3,4,0,0
1637865722745,79,Large,200,OK,true,1048891,137,3,3,1,0,0
1637865722821,7,Small-Medium,200,OK,true,102713,139,3,3,3,0,0
1637865722824,5,Small,200,OK,true,51511,138,3,3,3,0,0
1637865722801,59,Large,200,OK,true,1048891,137,3,3,3,0,0
1637865722836,25,Medium,200,OK,true,307513,139,3,3,3,0,0
1637865722861,6,Small,200,OK,true,51511,138,3,3,3,0,0
1637865722833,49,Large,200,OK,true,1048891,137,3,3,2,0,0
1637865722873,9,Small-Medium,200,OK,true,102713,139,3,3,3,0,0
1637865722885,11,Small-Medium,200,OK,true,102713,139,3,3,4,0,0
1637865722896,26,Medium,200,OK,true,307513,139,3,3,3,0,0
1637865722860,63,Large,200,OK,true,1048891,137,3,3,2,0,0
1637865722923,6,Small,200,OK,true,51511,138,3,3,3,0,0
1637865722882,55,Large,200,OK,true,1048891,137,3,3,5,0,0
1637865722937,7,Small-Medium,200,OK,true,102713,139,3,3,2,0,0
1637865722937,17,Medium,200,OK,true,307513,139,3,3,4,0,0
1637865722954,6,Small-Medium,200,OK,true,102713,139,3,3,3,0,0
1637865722949,18,Medium,200,OK,true,307513,139,3,3,3,0,0
1637865722922,67,Large,200,OK,true,1048891,137,3,3,2,0,0
1637865722968,54,Medium-Large,200,OK,true,512313,139,3,3,2,0,0
1637865722966,63,Large,200,OK,true,1048891,137,3,3,2,0,0
1637865723023,9,Small-Medium,200,OK,true,102713,139,3,3,2,0,0
1637865723029,47,Large,200,OK,true,1048891,137,3,3,2,0,0
1637865722989,87,Large,200,OK,true,1048891,137,3,3,3,0,0
1637865723036,41,Medium-Large,200,OK,true,512313,139,3,3,3,0,0
1637865723076,2,Small,200,OK,true,51511,138,3,3,1,0,0
1637865723077,15,Medium,200,OK,true,307513,139,3,3,2,0,0
1637865723077,16,Medium,200,OK,true,307512,139,3,3,3,0,0
1637865723088,6,Small-Medium,200,OK,true,102713,139,3,3,3,0,0
1637865723093,7,Small-Medium,200,OK,true,102712,139,3,3,3,0,0
1637865723105,6,Small,200,OK,true,51510,138,3,3,3,0,0
1637865723093,22,Medium-Large,200,OK,true,512313,139,3,3,1,0,0
1637865723118,6,Small,200,OK,true,51510,138,3,3,3,0,0
1637865723100,25,Medium-Large,200,OK,true,512313,139,3,3,2,0,0
1637865723125,15,Medium,200,OK,true,307513,139,3,3,2,0,0
1637865723140,6,Small-Medium,200,OK,true,102713,139,3,3,3,0,0
1637865723129,34,Medium-Large,200,OK,true,512312,139,3,3,4,0,0
1637865723152,15,Medium,200,OK,true,307513,139,3,3,3,0,0
1637865723163,5,Small,200,OK,true,51510,138,3,3,3,0,0
1637865723115,62,Large,200,OK,true,1048891,137,3,3,2,0,0
1637865723175,4,Small,200,OK,true,51510,138,3,3,2,0,0
1637865723177,7,Small-Medium,200,OK,true,102713,139,3,3,2,0,0
1637865723189,13,Small-Medium,200,OK,true,102713,139,3,3,4,0,0
1637865723187,24,Medium,200,OK,true,307512,139,3,3,3,0,0
1637865723202,10,Small-Medium,200,OK,true,102713,139,3,3,3,0,0
1637865723167,47,Large,200,OK,true,1048891,137,3,3,3,0,0
1637865723214,7,Small-Medium,200,OK,true,102713,139,3,3,2,0,0
1637865723214,9,Small-Medium,200,OK,true,102713,139,3,3,4,0,0
1637865723212,13,Medium,200,OK,true,307512,139,3,3,1,0,0
1637865723226,14,Small-Medium,200,OK,true,102713,139,3,3,8,0,0
1637865723226,16,Medium,200,OK,true,307513,139,3,3,3,0,0
1637865723242,12,Small-Medium,200,OK,true,102713,139,3,3,4,0,0
1637865723225,32,Medium-Large,200,OK,true,512277,139,3,3,1,0,0
1637865723254,5,Small,200,OK,true,51511,138,3,3,3,0,0
1637865723267,5,Small,200,OK,true,51511,138,3,3,2,0,0
1637865723257,28,Medium,200,OK,true,307514,139,3,3,4,0,2
1637865723240,50,Large,200,OK,true,1048891,137,3,3,2,0,0
1637865723280,17,Medium,200,OK,true,307513,139,3,3,3,0,0
1637865723297,5,Small,200,OK,true,51511,138,3,3,2,0,0
1637865723290,15,Medium,200,OK,true,307513,139,3,3,3,0,0
1637865723285,21,Medium,200,OK,true,307513,139,3,3,2,0,0
1637865723305,2,Small,200,OK,true,51511,138,3,3,1,0,0
1637865723309,22,Medium-Large,200,OK,true,512313,139,3,3,1,0,0
1637865723318,41,Medium-Large,200,OK,true,512313,139,3,3,3,0,0
1637865723306,73,Large,200,OK,true,1048891,137,3,3,1,0,0
1637865723331,49,Large,200,OK,true,1048891,137,3,3,3,0,0
1637865723379,7,Small-Medium,200,OK,true,102713,139,3,3,2,0,0
1637865723380,8,Small-Medium,200,OK,true,102713,139,3,3,3,0,0
1637865723391,9,Small-Medium,200,OK,true,102713,139,3,3,2,0,0
1637865723392,14,Medium,200,OK,true,307513,139,3,3,2,0,0
1637865723404,6,Small,200,OK,true,51511,138,3,3,3,0,0
1637865723359,60,Large,200,OK,true,1048891,137,3,3,2,0,0
1637865723415,10,Small-Medium,200,OK,true,102713,139,3,3,4,0,0
1637865723427,9,Small-Medium,200,OK,true,102713,139,3,3,3,0,0
1637865723439,11,Small-Medium,200,OK,true,102713,139,3,3,3,0,0
1637865723406,50,Large,200,OK,true,1048891,137,3,3,3,0,0
1637865723451,10,Small-Medium,200,OK,true,102713,139,3,3,3,0,0
1637865723456,5,Small,200,OK,true,51511,138,3,3,3,0,0
1637865723463,7,Small-Medium,200,OK,true,102713,139,3,3,2,0,0
1637865723475,8,Small-Medium,200,OK,true,102713,139,3,3,3,0,0
1637865723419,64,Large,200,OK,true,1048891,137,3,3,2,0,0
1637865723488,5,Small,200,OK,true,51511,138,3,3,2,0,0
1637865723499,6,Small,200,OK,true,51511,138,3,3,3,0,0
1637865723469,44,Large,200,OK,true,1048891,137,3,3,2,0,0
1637865723483,34,Medium-Large,200,OK,true,512313,139,3,3,2,0,0
1637865723513,25,Medium-Large,200,OK,true,512313,139,3,3,3,0,0
1637865723517,27,Medium,200,OK,true,307513,139,3,3,3,0,0
1637865723544,10,Small-Medium,200,OK,true,102713,139,3,3,3,0,0
1637865723557,9,Small-Medium,200,OK,true,102713,139,3,3,3,0,0
1637865723538,32,Medium-Large,200,OK,true,512313,139,3,3,6,0,0
1637865723570,4,Small,200,OK,true,51511,138,3,3,1,0,0
1637865723511,77,Large,200,OK,true,1048891,137,3,3,3,0,0
1637865723581,9,Small-Medium,200,OK,true,102713,139,3,3,4,0,0
1637865723570,25,Medium-Large,200,OK,true,512313,139,3,3,4,0,0
1637865723595,16,Medium,200,OK,true,307513,139,3,3,3,0,0
1637865723611,3,Small,200,OK,true,51511,138,3,3,1,0,0
1637865723589,31,Medium-Large,200,OK,true,512313,139,3,3,2,0,0
1637865723620,4,Small,200,OK,true,51511,138,3,3,2,0,0
1637865723623,15,Medium,200,OK,true,307513,139,3,3,3,0,0
1637865723638,12,Medium,200,OK,true,307513,139,3,3,1,0,0
1637865723593,63,Large,200,OK,true,1048891,137,3,3,2,0,0
1637865723632,25,Medium,200,OK,true,307513,139,3,3,4,0,0
1637865723650,16,Medium,200,OK,true,307513,139,3,3,2,0,0
1637865723666,6,Small-Medium,200,OK,true,102713,139,3,3,2,0,0
1637865723657,19,Medium,200,OK,true,307513,139,3,3,1,0,0
1637865723676,5,Small-Medium,200,OK,true,102713,139,3,3,2,0,0
1637865723657,28,Medium-Large,200,OK,true,512313,139,3,3,3,0,0
1637865723679,23,Medium-Large,200,OK,true,512313,139,3,3,2,0,0
1637865723685,42,Medium-Large,200,OK,true,512313,139,3,3,2,0,0
1637865723702,26,Medium-Large,200,OK,true,512313,139,3,3,2,0,0
1637865723728,6,Small,200,OK,true,51511,138,3,3,3,0,0
1637865723728,19,Medium,200,OK,true,307513,139,3,3,5,0,0
1637865723747,8,Small-Medium,200,OK,true,102713,139,3,3,3,0,0
1637865723689,68,Large,200,OK,true,1048891,137,3,3,2,0,0
1637865723759,8,Small,200,OK,true,51511,138,3,3,5,0,0
1637865723757,17,Medium,200,OK,true,307513,139,3,3,2,0,0
1637865723739,69,Large,200,OK,true,1048891,137,3,3,4,0,0
1637865723772,54,Large,200,OK,true,1048891,137,3,3,3,0,0
1637865723808,25,Medium,200,OK,true,307513,139,3,3,3,0,0
1637865723834,6,Small,200,OK,true,51511,138,3,3,3,0,0
1637865723826,26,Medium-Large,200,OK,true,512313,139,3,3,2,0,0
1637865723774,80,Large,200,OK,true,1048891,137,3,3,4,0,0
1637865723846,19,Medium,200,OK,true,307513,139,3,3,3,0,0
1637865723854,26,Medium,200,OK,true,307513,139,3,3,3,0,0
1637865723852,50,Large,200,OK,true,1048891,137,3,3,2,0,0
1637865723902,5,Small,200,OK,true,51511,138,3,3,2,0,0
1637865723880,38,Medium-Large,200,OK,true,512313,139,3,3,3,0,0
1637865723914,10,Small-Medium,200,OK,true,102713,139,3,3,5,0,0
1637865723926,6,Small-Medium,200,OK,true,102713,139,3,3,2,0,0
1637865723918,17,Medium,200,OK,true,307513,139,3,3,2,0,0
1637865723866,70,Large,200,OK,true,1048891,137,3,3,2,0,0
1637865723935,17,Medium,200,OK,true,307513,139,3,3,1,0,0
1637865723939,18,Medium,200,OK,true,307513,139,3,3,3,0,0
1637865723953,8,Small-Medium,200,OK,true,102713,139,3,3,2,0,0
1637865723936,30,Medium-Large,200,OK,true,512313,139,3,3,2,0,0
1637865723966,14,Small,200,OK,true,51511,138,3,3,3,0,0
1637865723957,31,Medium-Large,200,OK,true,512313,139,3,3,2,0,0
1637865723981,27,Medium,200,OK,true,307513,139,3,3,2,0,0
1637865723988,23,Medium-Large,200,OK,true,512313,139,3,3,2,0,0
1637865724011,27,Medium-Large,200,OK,true,512313,139,3,3,4,0,0
1637865724039,5,Small,200,OK,true,51511,138,3,3,3,0,0
1637865723965,84,Large,200,OK,true,1048891,137,3,3,3,0,0
1637865724050,3,Small,200,OK,true,51511,138,3,3,1,0,0
1637865724062,9,Small-Medium,200,OK,true,102713,139,3,3,2,0,0
1637865724008,64,Large,200,OK,true,1048891,137,3,3,3,0,0
1637865724051,46,Large,200,OK,true,1048891,137,3,3,2,0,0
1637865724073,25,Medium,200,OK,true,307513,139,3,3,3,0,0
1637865724097,7,Small,200,OK,true,51511,138,3,3,3,0,0
1637865724110,32,Medium-Large,200,OK,true,512313,139,3,3,6,0,0
1637865724074,74,Large,200,OK,true,1048891,137,3,3,8,0,0
1637865724142,27,Medium-Large,200,OK,true,512313,139,3,3,2,0,0
1637865724098,73,Large,200,OK,true,1048891,137,3,3,3,0,0
1637865724171,6,Small-Medium,200,OK,true,102713,139,3,3,2,0,0
1637865724149,61,Large,200,OK,true,1048891,137,3,3,2,0,0
1637865724184,26,Medium,200,OK,true,307513,139,3,3,3,0,0
1637865724169,62,Large,200,OK,true,1048891,137,3,3,8,0,0
1637865724210,22,Medium,200,OK,true,307513,139,3,3,2,0,0
1637865724210,25,Medium,200,OK,true,307513,139,3,3,5,0,0
1637865724232,5,Small,200,OK,true,51511,138,3,3,3,0,0
1637865724235,7,Small-Medium,200,OK,true,102713,139,3,3,2,0,0
1637865724232,16,Medium-Large,200,OK,true,512313,139,3,3,1,0,0
1637865724247,22,Medium,200,OK,true,307513,139,3,3,2,0,0
1637865724249,23,Medium-Large,200,OK,true,512313,139,3,3,1,0,0
1637865724244,37,Medium-Large,200,OK,true,512313,139,3,3,4,0,0
1637865724269,13,Small-Medium,200,OK,true,102713,139,3,3,7,0,0
1637865724281,27,Medium,200,OK,true,307513,139,3,3,2,0,0
1637865724309,5,Small,200,OK,true,51511,138,3,3,2,0,0
1637865724282,59,Medium-Large,200,OK,true,512313,139,3,3,3,0,0
1637865724320,22,Small-Medium,200,OK,true,102713,139,3,3,4,0,0
1637865724272,70,Large,200,OK,true,1048891,137,3,3,2,0,0
1637865724342,6,Small,200,OK,true,51511,138,3,3,3,0,0
1637865724341,21,Medium,200,OK,true,307513,139,3,3,2,0,0
1637865724342,28,Medium-Large,200,OK,true,512313,139,3,3,2,0,0
1637865724356,20,Medium,200,OK,true,307513,139,3,3,7,0,0
1637865724376,7,Small-Medium,200,OK,true,102713,139,3,3,3,0,0
1637865724363,21,Medium,200,OK,true,307513,139,3,3,3,0,0
1637865724370,14,Small-Medium,200,OK,true,102713,139,3,3,7,0,0
1637865724384,3,Small-Medium,200,OK,true,102713,139,3,3,1,0,0
1637865724384,4,Small,200,OK,true,51511,138,3,3,3,0,0
1637865724388,3,Small-Medium,200,OK,true,102713,139,3,3,1,0,0
1637865724398,12,Small,200,OK,true,51511,138,3,3,8,0,0
1637865724397,28,Medium-Large,200,OK,true,512313,139,3,3,0,0,0
1637865724410,26,Medium,200,OK,true,307513,139,3,3,3,0,0
1637865724436,8,Small-Medium,200,OK,true,102713,139,3,3,3,0,0
1637865724400,51,Large,200,OK,true,1048891,137,3,3,2,0,0
1637865724425,32,Medium-Large,200,OK,true,512313,139,3,3,2,0,0
1637865724452,10,Small,200,OK,true,51511,138,3,3,6,0,0
1637865724448,24,Medium-Large,200,OK,true,512313,139,3,3,4,0,0
1637865724464,10,Small,200,OK,true,51511,138,3,3,8,0,0
1637865724477,26,Medium-Large,200,OK,true,512313,139,3,3,3,0,0
1637865724503,7,Small,200,OK,true,51511,138,3,3,4,0,0
1637865724458,61,Large,200,OK,true,1048891,137,3,3,3,0,0
1637865724517,23,Medium-Large,200,OK,true,512313,139,3,3,2,0,0
1637865724519,23,Medium,200,OK,true,307513,139,3,3,3,0,0
1637865724472,70,Large,200,OK,true,1048891,137,3,3,3,0,0
1637865724543,5,Small,200,OK,true,51511,138,3,3,2,0,0
1637865724542,8,Small-Medium,200,OK,true,102713,139,3,3,3,0,0
1637865724541,15,Medium-Large,200,OK,true,512313,139,3,3,1,0,0
1637865724557,4,Small,200,OK,true,51511,138,3,3,1,0,0
1637865724555,7,Small,200,OK,true,51511,138,3,3,5,0,0
1637865724568,5,Small,200,OK,true,51511,138,3,3,2,0,0
1637865724567,16,Medium,200,OK,true,307513,139,3,3,5,0,0
1637865724580,7,Small-Medium,200,OK,true,102713,139,3,3,3,0,0
1637865724592,5,Small,200,OK,true,51511,138,3,3,2,0,0
1637865724555,43,Large,200,OK,true,1048891,137,3,3,2,0,0
1637865724583,20,Medium-Large,200,OK,true,512313,139,3,3,2,0,0
1637865724605,6,Small,200,OK,true,51511,138,3,3,3,0,0
1637865724598,27,Medium-Large,200,OK,true,512313,139,3,3,4,0,0
1637865724616,16,Medium,200,OK,true,307513,139,3,3,3,0,0
1637865724604,33,Medium-Large,200,OK,true,512313,139,3,3,1,0,0
1637865724625,21,Medium,200,OK,true,307513,139,3,3,2,0,0
1637865724632,15,Medium,200,OK,true,307513,139,3,3,2,0,0
1637865724647,4,Small,200,OK,true,51510,138,3,3,2,0,0
1637865724647,19,Medium,200,OK,true,307512,139,3,3,4,0,0
1637865724659,35,Medium-Large,200,OK,true,512312,139,3,3,3,0,0
1637865724637,75,Large,200,OK,true,1048891,137,3,3,5,0,0
1637865724694,26,Medium-Large,200,OK,true,512312,139,3,3,2,0,0
1637865724720,25,Medium-Large,200,OK,true,512312,139,3,3,2,0,0
1637865724745,7,Small-Medium,200,OK,true,102712,139,3,3,2,0,0
1637865724666,88,Large,200,OK,true,1048890,137,3,3,2,0,0
1637865724758,6,Small,200,OK,true,51510,138,3,3,3,0,0
1637865724712,72,Large,200,OK,true,1048891,137,3,3,3,0,0
1637865724754,40,Medium-Large,200,OK,true,512312,139,3,3,2,0,0
1637865724794,6,Small,200,OK,true,51510,138,3,3,3,0,0
1637865724784,21,Medium,200,OK,true,307513,139,3,3,3,0,0
1637865724808,6,Small,200,OK,true,51510,138,3,3,3,0,0
1637865724771,51,Large,200,OK,true,1048890,137,3,3,1,0,0
1637865724822,17,Medium,200,OK,true,307512,139,3,3,3,0,0
1637865724819,21,Medium,200,OK,true,307512,139,3,3,2,0,0
1637865724805,83,Large,200,OK,true,1048891,137,3,3,2,0,0
1637865724839,51,Large,200,OK,true,1048890,137,3,3,2,0,0
1637865724890,26,Medium-Large,200,OK,true,512277,139,3,3,1,0,0
1637865724888,30,Medium,200,OK,true,307513,139,3,3,8,0,0
1637865724840,80,Large,200,OK,true,1048890,137,3,3,3,0,0
1637865724918,29,Medium-Large,200,OK,true,512313,139,3,3,1,0,0
1637865724947,10,Small-Medium,200,OK,true,102713,139,3,3,5,0,0
1637865724920,55,Large,200,OK,true,1048890,137,3,3,2,0,0
1637865724959,19,Medium,200,OK,true,307513,139,3,3,2,0,0
1637865724978,5,Small,200,OK,true,51511,138,3,3,1,0,0
1637865724975,10,Small-Medium,200,OK,true,102712,139,3,3,6,0,0
1637865724916,71,Large,200,OK,true,1048892,137,3,3,3,0,2
1637865724987,4,Small-Medium,200,OK,true,102713,139,3,3,1,0,0
1637865724987,5,Small-Medium,200,OK,true,102677,139,3,3,3,0,0
1637865724999,4,Small,200,OK,true,51511,138,3,3,2,0,0
1637865725011,7,Small-Medium,200,OK,true,102713,139,3,3,2,0,0
1637865724990,43,Large,200,OK,true,1048891,137,3,3,2,0,0
1637865724999,36,Medium,200,OK,true,307514,139,3,3,5,0,2
1637865725036,10,Small-Medium,200,OK,true,102713,139,3,3,2,0,0
1637865725033,14,Medium,200,OK,true,307513,139,3,3,1,0,0
1637865725048,4,Small,200,OK,true,51511,138,3,3,1,0,0
1637865725023,34,Medium-Large,200,OK,true,512313,139,3,3,10,0,0
1637865725059,21,Medium,200,OK,true,307513,139,3,3,3,0,0
1637865725048,37,Medium-Large,200,OK,true,512313,139,3,3,6,0,0
1637865725080,17,Medium,200,OK,true,307513,139,3,3,2,0,0
1637865725085,29,Medium-Large,200,OK,true,512313,139,3,3,3,0,0
1637865725057,61,Large,200,OK,true,1048891,137,3,3,1,0,0
1637865725114,7,Small-Medium,200,OK,true,102713,139,3,3,3,0,0
1637865725098,25,Medium,200,OK,true,307513,139,3,3,6,0,0
1637865725124,3,Small,200,OK,true,51511,138,3,3,1,0,0
1637865725118,19,Medium-Large,200,OK,true,512313,139,3,3,2,0,0
1637865725126,60,Large,200,OK,true,1048891,137,3,3,3,0,0
1637865725186,9,Small-Medium,200,OK,true,102713,139,3,3,3,0,0
1637865725136,66,Large,200,OK,true,1048891,137,3,3,2,0,0
1637865725138,69,Large,200,OK,true,1048891,137,3,3,5,0,0
1637865725202,19,Medium,200,OK,true,307513,139,3,3,3,0,0
1637865725221,16,Small-Medium,200,OK,true,102713,139,3,3,9,0,0
1637865725237,8,Small-Medium,200,OK,true,102713,139,3,3,2,0,0
1637865725249,6,Small,200,OK,true,51511,138,3,3,3,0,0
1637865725198,64,Large,200,OK,true,1048891,137,3,3,3,0,0
1637865725207,57,Large,200,OK,true,1048891,137,3,3,3,0,0
1637865725262,4,Small,200,OK,true,51511,138,3,3,1,0,0
1637865725264,5,Small,200,OK,true,51511,138,3,3,3,0,0
1637865725262,16,Medium-Large,200,OK,true,512313,139,3,3,2,0,0
1637865725273,9,Small-Medium,200,OK,true,102713,139,3,3,5,0,0
1637865725276,8,Small-Medium,200,OK,true,102713,139,3,3,3,0,0
1637865725278,6,Small-Medium,200,OK,true,102713,139,3,3,3,0,0
1637865725288,9,Small-Medium,200,OK,true,102713,139,3,3,2,0,0
1637865725301,8,Small-Medium,200,OK,true,102713,139,3,3,2,0,0
1637865725285,26,Medium-Large,200,OK,true,512313,139,3,3,1,0,0
1637865725312,38,Medium-Large,200,OK,true,512313,139,3,3,4,0,0
1637865725290,63,Large,200,OK,true,1048891,137,3,3,4,0,0
1637865725353,9,Small-Medium,200,OK,true,102713,139,3,3,3,0,0
1637865725311,63,Large,200,OK,true,1048891,137,3,3,1,0,0
1637865725350,79,Large,200,OK,true,1048891,137,3,3,3,0,0
1637865725429,7,Small-Medium,200,OK,true,102713,139,3,3,3,0,0
1637865725365,72,Large,200,OK,true,1048891,137,3,3,3,0,0
1637865725437,5,Small-Medium,200,OK,true,102713,139,3,3,2,0,0
1637865725374,80,Large,200,OK,true,1048891,137,3,3,5,0,0
1637865725449,22,Medium,200,OK,true,307513,139,3,3,3,0,0
1637865725441,60,Large,200,OK,true,1048891,137,3,3,3,0,0
1637865725471,34,Medium-Large,200,OK,true,512313,139,3,3,2,0,0
1637865725505,7,Small,200,OK,true,51511,138,3,3,3,0,0
1637865725454,64,Large,200,OK,true,1048891,137,3,3,2,0,0
1637865725517,29,Medium-Large,200,OK,true,512313,139,3,3,2,0,0
1637865725518,33,Medium-Large,200,OK,true,512313,139,3,3,3,0,0
1637865725547,5,Small,200,OK,true,51511,138,3,3,2,0,0
1637865725551,5,Small-Medium,200,OK,true,102713,139,3,3,2,0,0
1637865725501,57,Large,200,OK,true,1048891,137,3,3,2,0,0
1637865725558,6,Small-Medium,200,OK,true,102713,139,3,3,1,0,0
1637865725558,15,Medium,200,OK,true,307513,139,3,3,2,0,0
1637865725570,10,Small-Medium,200,OK,true,102713,139,3,3,3,0,0
1637865725563,26,Medium-Large,200,OK,true,512313,139,3,3,2,0,0
1637865725589,8,Small-Medium,200,OK,true,102713,139,3,3,2,0,0
1637865725583,20,Medium,200,OK,true,307513,139,3,3,2,0,0
1637865725573,58,Large,200,OK,true,1048891,137,3,3,3,0,0
1637865725603,35,Medium-Large,200,OK,true,512313,139,3,3,3,0,0
1637865725601,67,Large,200,OK,true,1048891,137,3,3,2,0,0
1637865725668,33,Medium-Large,200,OK,true,512313,139,3,3,3,0,0
1637865725631,70,Large,200,OK,true,1048891,137,3,3,3,0,0
1637865725638,70,Large,200,OK,true,1048891,137,3,3,3,0,0
1637865725702,7,Small-Medium,200,OK,true,102713,139,3,3,1,0,0
1637865725709,3,Small,200,OK,true,51511,138,3,3,1,0,0
1637865725720,6,Small,200,OK,true,51511,138,3,3,4,0,0
1637865725715,35,Medium-Large,200,OK,true,512313,139,3,3,1,0,0
1637865725701,51,Large,200,OK,true,1048891,137,3,3,5,0,0
1637865725753,10,Small-Medium,200,OK,true,102713,139,3,3,2,0,0
1637865725732,33,Medium-Large,200,OK,true,512313,139,3,3,3,0,0
1637865725765,14,Small-Medium,200,OK,true,102713,139,3,3,8,0,0
1637865725750,34,Medium-Large,200,OK,true,512313,139,3,3,3,0,0
1637865725779,6,Small,200,OK,true,51511,138,3,3,4,0,0
1637865725764,28,Medium-Large,200,OK,true,512313,139,3,3,3,0,0
1637865725792,7,Small-Medium,200,OK,true,102713,139,3,3,2,0,0
1637865725792,9,Small-Medium,200,OK,true,102713,139,3,3,5,0,0
1637865725784,20,Medium-Large,200,OK,true,512313,139,3,3,1,0,0
1637865725804,2,Small,200,OK,true,51511,138,3,3,1,0,0
1637865725804,6,Small-Medium,200,OK,true,102713,139,3,3,3,0,0
1637865725816,8,Small,200,OK,true,51510,138,3,3,4,0,0
1637865725828,6,Small,200,OK,true,51510,138,3,3,3,0,0
1637865725804,45,Large,200,OK,true,1048891,137,3,3,4,0,0
1637865725841,19,Medium,200,OK,true,307512,139,3,3,2,0,0
1637865725861,8,Small-Medium,200,OK,true,102712,139,3,3,2,0,0
1637865725816,59,Large,200,OK,true,1048891,137,3,3,2,0,0
1637865725873,8,Small-Medium,200,OK,true,102712,139,3,3,2,0,0
1637865725875,9,Small,200,OK,true,51511,138,3,3,7,0,0
1637865725849,58,Large,200,OK,true,1048891,137,3,3,3,0,0
1637865725887,35,Medium-Large,200,OK,true,512313,139,3,3,3,0,0
1637865725922,20,Medium,200,OK,true,307513,139,3,3,2,0,0
1637865725885,64,Large,200,OK,true,1048890,137,3,3,2,0,0
1637865725942,7,Small-Medium,200,OK,true,102713,139,3,3,2,0,0
1637865725949,16,Medium,200,OK,true,307512,139,3,3,2,0,0
1637865725907,63,Large,200,OK,true,1048891,137,3,3,2,0,0
1637865725955,23,Medium,200,OK,true,307513,139,3,3,3,0,0
1637865725965,29,Medium-Large,200,OK,true,512312,139,3,3,3,0,0
1637865725994,34,Medium-Large,200,OK,true,512312,139,3,3,2,0,0
1637865726029,3,Small,200,OK,true,51475,138,3,3,2,0,0
1637865725971,63,Large,200,OK,true,1048891,137,3,3,2,0,0
1637865725978,61,Large,200,OK,true,1048891,137,3,3,2,0,0
1637865726039,5,Small-Medium,200,OK,true,102713,139,3,3,2,0,0
1637865726034,12,Medium,200,OK,true,307513,139,3,3,2,0,0
1637865726041,7,Small-Medium,200,OK,true,102714,139,3,3,4,0,3
1637865726048,1,Small,200,OK,true,51511,138,3,3,1,0,0
1637865726051,3,Small-Medium,200,OK,true,102713,139,3,3,1,0,0
1637865726059,4,Small-Medium,200,OK,true,102713,139,3,3,1,0,0
1637865726063,3,Small,200,OK,true,51511,138,3,3,1,0,0
1637865726053,16,Medium-Large,200,OK,true,512313,139,3,3,2,0,0
1637865726069,1,Small,200,OK,true,51511,138,3,3,0,0,0
1637865726081,6,Small,200,OK,true,51511,138,3,3,3,0,0
1637865726075,24,Medium-Large,200,OK,true,512313,139,3,3,2,0,0
1637865726099,4,Small,200,OK,true,51511,138,3,3,2,0,0
1637865726093,17,Medium,200,OK,true,307513,139,3,3,3,0,0
1637865726111,7,Small-Medium,200,OK,true,102713,139,3,3,2,0,0
1637865726071,49,Large,200,OK,true,1048891,137,3,3,1,0,0
1637865726123,5,Small,200,OK,true,51511,138,3,3,2,0,0
1637865726120,13,Medium,200,OK,true,307513,139,3,3,2,0,0
1637865726135,7,Small,200,OK,true,51511,138,3,3,4,0,0
1637865726147,8,Small-Medium,200,OK,true,102713,139,3,3,3,0,0
1637865726111,49,Large,200,OK,true,1048891,137,3,3,3,0,0
1637865726134,30,Medium-Large,200,OK,true,512313,139,3,3,1,0,0
1637865726164,11,Small-Medium,200,OK,true,102713,139,3,3,6,0,0
1637865726159,29,Medium-Large,200,OK,true,512313,139,3,3,1,0,0
1637865726188,6,Small,200,OK,true,51511,138,3,3,3,0,0
1637865726176,30,Medium-Large,200,OK,true,512313,139,3,3,3,0,0
1637865726201,6,Small-Medium,200,OK,true,102713,139,3,3,2,0,0
1637865726160,61,Large,200,OK,true,1048891,137,3,3,5,0,0
1637865726214,10,Small-Medium,200,OK,true,102713,139,3,3,2,0,0
1637865726206,19,Medium,200,OK,true,307513,139,3,3,3,0,0
1637865726224,8,Small-Medium,200,OK,true,102713,139,3,3,3,0,0
1637865726221,17,Medium,200,OK,true,307513,139,3,3,2,0,0
1637865726225,32,Medium-Large,200,OK,true,512313,139,3,3,3,0,0
1637865726238,21,Medium,200,OK,true,307513,139,3,3,3,0,0
1637865726257,9,Small-Medium,200,OK,true,102713,139,3,3,4,0,0
1637865726269,7,Small,200,OK,true,51511,138,3,3,3,0,0
1637865726237,59,Large,200,OK,true,1048891,137,3,3,2,0,0
1637865726259,73,Large,200,OK,true,1048891,137,3,3,4,0,0
1637865726332,7,Small,200,OK,true,51511,138,3,3,3,0,0
1637865726281,69,Large,200,OK,true,1048891,137,3,3,2,0,0
1637865726344,6,Small,200,OK,true,51511,138,3,3,3,0,0
1637865726350,5,Small-Medium,200,OK,true,102713,139,3,3,2,0,0
1637865726296,60,Large,200,OK,true,1048891,137,3,3,3,0,0
1637865726356,32,Medium-Large,200,OK,true,512313,139,3,3,2,0,0
1637865726388,5,Small,200,OK,true,51511,138,3,3,2,0,0
1637865726362,37,Medium-Large,200,OK,true,512313,139,3,3,3,0,0
1637865726399,6,Small-Medium,200,OK,true,102713,139,3,3,1,0,0
1637865726356,51,Large,200,OK,true,1048891,137,3,3,1,0,0
1637865726400,28,Medium-Large,200,OK,true,512313,139,3,3,3,0,0
1637865726411,20,Medium,200,OK,true,307513,139,3,3,3,0,0
1637865726428,4,Small,200,OK,true,51511,138,3,3,3,0,0
1637865726407,29,Medium-Large,200,OK,true,512313,139,3,3,1,0,0
1637865726436,4,Small,200,OK,true,51511,138,3,3,2,0,0
1637865726431,21,Medium-Large,200,OK,true,512313,139,3,3,2,0,0
1637865726453,4,Small,200,OK,true,51511,138,3,3,2,0,0
1637865726448,16,Medium,200,OK,true,307513,139,3,3,2,0,0
1637865726441,23,Medium-Large,200,OK,true,512313,139,3,3,1,0,0
1637865726464,6,Small,200,OK,true,51511,138,3,3,3,0,0
1637865726464,17,Medium,200,OK,true,307513,139,3,3,3,0,0
1637865726476,8,Small-Medium,200,OK,true,102713,139,3,3,3,0,0
1637865726488,9,Small-Medium,200,OK,true,102713,139,3,3,3,0,0
1637865726501,4,Small,200,OK,true,51511,138,3,3,2,0,0
1637865726464,51,Large,200,OK,true,1048891,137,3,3,1,0,0
1637865726512,8,Small-Medium,200,OK,true,102713,139,3,3,3,0,0
1637865726524,5,Small,200,OK,true,51511,138,3,3,2,0,0
1637865726481,51,Large,200,OK,true,1048891,137,3,3,2,0,0
1637865726536,18,Medium,200,OK,true,307513,139,3,3,2,0,0
1637865726515,56,Large,200,OK,true,1048891,137,3,3,3,0,0
1637865726554,30,Medium-Large,200,OK,true,512313,139,3,3,2,0,0
1637865726584,7,Small-Medium,200,OK,true,102713,139,3,3,3,0,0
1637865726532,64,Large,200,OK,true,1048891,137,3,3,2,0,0
1637865726596,6,Small-Medium,200,OK,true,102713,139,3,3,2,0,0
1637865726596,15,Medium,200,OK,true,307513,139,3,3,2,0,0
1637865726611,5,Small,200,OK,true,51511,138,3,3,2,0,0
1637865726572,57,Large,200,OK,true,1048891,137,3,3,3,0,0
1637865726624,7,Small-Medium,200,OK,true,102713,139,3,3,3,0,0
1637865726608,27,Medium-Large,200,OK,true,512313,139,3,3,3,0,0
1637865726629,16,Medium,200,OK,true,307513,139,3,3,3,0,0
1637865726635,10,Small-Medium,200,OK,true,102713,139,3,3,4,0,0
1637865726635,17,Medium,200,OK,true,307513,139,3,3,2,0,0
1637865726647,5,Small,200,OK,true,51511,138,3,3,3,0,0
1637865726652,16,Medium,200,OK,true,307513,139,3,3,1,0,0
1637865726668,33,Medium-Large,200,OK,true,512313,139,3,3,3,0,0
1637865726645,59,Large,200,OK,true,1048891,137,3,3,2,0,0
1637865726701,9,Small-Medium,200,OK,true,102713,139,3,3,3,0,0
1637865726705,6,Small-Medium,200,OK,true,102713,139,3,3,3,0,0
1637865726659,56,Large,200,OK,true,1048891,137,3,3,2,0,0
1637865726713,19,Medium,200,OK,true,307513,139,3,3,2,0,0
1637865726732,6,Small,200,OK,true,51511,138,3,3,3,0,0
1637865726717,27,Medium-Large,200,OK,true,512313,139,3,3,4,0,0
1637865726746,6,Small,200,OK,true,51511,138,3,3,3,0,0
1637865726744,15,Medium,200,OK,true,307513,139,3,3,2,0,0
1637865726757,4,Small,200,OK,true,51511,138,3,3,3,0,0
1637865726715,52,Large,200,OK,true,1048891,137,3,3,1,0,0
1637865726759,39,Medium-Large,200,OK,true,512313,139,3,3,5,0,0
1637865726798,8,Small-Medium,200,OK,true,102713,139,3,3,2,0,0
1637865726769,40,Medium-Large,200,OK,true,512313,139,3,3,3,0,0
1637865726809,6,Small-Medium,200,OK,true,102713,139,3,3,2,0,0
1637865726767,53,Large,200,OK,true,1048891,137,3,3,2,0,0
1637865726821,6,Small-Medium,200,OK,true,102713,139,3,3,1,0,0
1637865726810,19,Medium,200,OK,true,307513,139,3,3,3,0,0
1637865726821,8,Small-Medium,200,OK,true,102713,139,3,3,3,0,0
1637865726829,2,Small,200,OK,true,51511,138,3,3,1,0,0
1637865726833,1,Small,200,OK,true,51511,138,3,3,0,0,0
1637865726844,7,Small,200,OK,true,51511,138,3,3,3,0,0
1637865726833,60,Large,200,OK,true,1048891,137,3,3,2,0,0
1637865726856,38,Medium-Large,200,OK,true,512313,139,3,3,4,0,0
1637865726841,55,Large,200,OK,true,1048891,137,3,3,2,0,0
1637865726893,6,Small-Medium,200,OK,true,102713,139,3,3,1,0,0
1637865726905,5,Small,200,OK,true,51511,138,3,3,2,0,0
1637865726917,6,Small,200,OK,true,51511,138,3,3,3,0,0
1637865726929,6,Small,200,OK,true,51511,138,3,3,4,0,0
1637865726894,58,Large,200,OK,true,1048891,137,3,3,3,0,0
1637865726897,57,Large,200,OK,true,1048891,137,3,3,6,0,0
1637865726952,19,Medium,200,OK,true,307513,139,3,3,2,0,0
1637865726941,34,Medium-Large,200,OK,true,512313,139,3,3,3,0,0
1637865726971,6,Small-Medium,200,OK,true,102713,139,3,3,2,0,0
1637865726975,4,Small,200,OK,true,51511,138,3,3,2,0,0
1637865726983,5,Small-Medium,200,OK,true,102713,139,3,3,2,0,0
1637865726954,51,Large,200,OK,true,1048891,137,3,3,3,0,0
1637865726996,24,Medium,200,OK,true,307513,139,3,3,2,0,0
1637865727005,25,Medium-Large,200,OK,true,512313,139,3,3,3,0,0
1637865727030,8,Small-Medium,200,OK,true,102713,139,3,3,3,0,0
1637865727042,9,Small-Medium,200,OK,true,102713,139,3,3,3,0,0
1637865726988,66,Large,200,OK,true,1048891,137,3,3,2,0,0
1637865727054,6,Small-Medium,200,OK,true,102713,139,3,3,2,0,0
1637865727066,9,Small-Medium,200,OK,true,102713,139,3,3,3,0,0
1637865727020,56,Large,200,OK,true,1048891,137,3,3,3,0,0
1637865727054,29,Medium-Large,200,OK,true,512313,139,3,3,4,0,0
1637865727079,8,Small-Medium,200,OK,true,102713,139,3,3,2,0,0
1637865727076,27,Medium-Large,200,OK,true,512313,139,3,3,2,0,0
1637865727083,37,Medium-Large,200,OK,true,512313,139,3,3,3,0,0
1637865727090,31,Medium-Large,200,OK,true,512313,139,3,3,3,0,0
1637865727103,28,Medium-Large,200,OK,true,512313,139,3,3,2,0,0
1637865727131,5,Small,200,OK,true,51511,138,3,3,2,0,0
1637865727120,18,Medium,200,OK,true,307513,139,3,3,2,0,0
1637865727143,6,Small,200,OK,true,51511,138,3,3,3,0,0
1637865727138,14,Medium,200,OK,true,307513,139,3,3,2,0,0
1637865727153,18,Medium,200,OK,true,307513,139,3,3,1,0,0
1637865727121,60,Large,200,OK,true,1048891,137,3,3,3,0,0
1637865727155,30,Medium-Large,200,OK,true,512313,139,3,3,3,0,0
1637865727181,6,Small-Medium,200,OK,true,102713,139,3,3,2,0,0
1637865727171,33,Medium-Large,200,OK,true,512313,139,3,3,6,0,0
1637865727204,19,Medium,200,OK,true,307513,139,3,3,3,0,0
1637865727223,7,Small-Medium,200,OK,true,102713,139,3,3,2,0,0
1637865727236,5,Small,200,OK,true,51511,138,3,3,3,0,0
1637865727185,57,Large,200,OK,true,1048891,137,3,3,2,0,0
1637865727193,61,Large,200,OK,true,1048891,137,3,3,2,0,0
1637865727248,21,Medium,200,OK,true,307513,139,3,3,3,0,0
1637865727270,11,Small-Medium,200,OK,true,102713,139,3,3,7,0,0
1637865727255,32,Medium-Large,200,OK,true,512313,139,3,3,2,0,0
1637865727242,58,Large,200,OK,true,1048891,137,3,3,2,0,0
1637865727287,18,Medium,200,OK,true,307513,139,3,3,2,0,0
1637865727305,10,Small,200,OK,true,51511,138,3,3,6,0,0
1637865727282,34,Medium-Large,200,OK,true,512313,139,3,3,2,0,0
1637865727316,4,Small,200,OK,true,51511,138,3,3,2,0,0
1637865727300,22,Medium-Large,200,OK,true,512313,139,3,3,2,0,0
1637865727318,4,Small,200,OK,true,51511,138,3,3,2,0,0
1637865727328,5,Small-Medium,200,OK,true,102713,139,3,3,1,0,0
1637865727330,5,Small,200,OK,true,51511,138,3,3,3,0,0
1637865727322,14,Medium-Large,200,OK,true,512313,139,3,3,0,0,0
1637865727336,2,Small,200,OK,true,51511,138,3,3,1,0,0
1637865727339,3,Small-Medium,200,OK,true,102713,139,3,3,1,0,0
1637865727342,2,Small,200,OK,true,51511,138,3,3,1,0,0
1637865727350,4,Small,200,OK,true,51511,138,3,3,2,0,0
1637865727348,11,Medium,200,OK,true,307513,139,3,3,1,0,0
1637865727353,11,Medium,200,OK,true,307513,139,3,3,2,0,0
1637865727363,4,Small,200,OK,true,51511,138,3,3,2,0,0
1637865727366,15,Medium,200,OK,true,307513,139,3,3,2,0,0
1637865727381,19,Medium,200,OK,true,307513,139,3,3,2,0,0
1637865727361,56,Large,200,OK,true,1048891,137,3,3,2,0,0
1637865727417,8,Small-Medium,200,OK,true,102713,139,3,3,2,0,0
1637865727400,33,Medium-Large,200,OK,true,512313,139,3,3,3,0,0
1637865727375,64,Large,200,OK,true,1048891,137,3,3,2,0,0
1637865727433,36,Medium-Large,200,OK,true,512313,139,3,3,5,0,0
1637865727429,70,Large,200,OK,true,1048891,137,3,3,3,0,0
1637865727469,37,Medium-Large,200,OK,true,512313,139,3,3,3,0,0
1637865727439,70,Large,200,OK,true,1048891,137,3,3,3,0,0
1637865727506,22,Medium,200,OK,true,307512,139,3,3,3,0,0
1637865727509,22,Medium,200,OK,true,307512,139,3,3,3,0,0
1637865727531,20,Medium,200,OK,true,307512,139,3,3,3,0,0
1637865727499,63,Large,200,OK,true,1048891,137,3,3,2,0,0
1637865727562,7,Small-Medium,200,OK,true,102713,139,3,3,2,0,0
1637865727575,5,Small,200,OK,true,51511,138,3,3,2,0,0
1637865727551,31,Medium-Large,200,OK,true,512312,139,3,3,3,0,0
1637865727528,56,Large,200,OK,true,1048890,137,3,3,3,0,0
1637865727582,29,Medium-Large,200,OK,true,512312,139,3,3,2,0,0
1637865727611,37,Medium-Large,200,OK,true,512312,139,3,3,2,0,0
1637865727584,67,Large,200,OK,true,1048890,137,3,3,2,0,0
1637865727588,65,Large,200,OK,true,1048891,137,3,3,2,0,0
1637865727652,8,Small-Medium,200,OK,true,102712,139,3,3,2,0,0
1637865727648,17,Medium,200,OK,true,307512,139,3,3,2,0,0
1637865727665,20,Medium,200,OK,true,307512,139,3,3,3,0,0
1637865727686,5,Small,200,OK,true,51510,138,3,3,2,0,0
1637865727665,30,Medium-Large,200,OK,true,512312,139,3,3,1,0,0
1637865727698,5,Small,200,OK,true,51510,138,3,3,3,0,0
1637865727653,55,Large,200,OK,true,1048891,137,3,3,3,0,0
1637865727708,30,Medium-Large,200,OK,true,512313,139,3,3,1,0,0
1637865727711,31,Medium-Large,200,OK,true,512277,139,3,3,2,0,0
1637865727695,58,Large,200,OK,true,1048890,137,3,3,2,0,0
1637865727743,11,Small,200,OK,true,51512,138,3,3,5,0,2
1637865727753,7,Small-Medium,200,OK,true,102712,139,3,3,2,0,0
1637865727754,8,Small-Medium,200,OK,true,102713,139,3,3,2,0,0
1637865727738,24,Medium-Large,200,OK,true,512313,139,3,3,2,0,0
1637865727763,1,Small,200,OK,true,51511,138,3,3,0,0,0
1637865727766,19,Medium,200,OK,true,307513,139,3,3,2,0,0
1637865727765,24,Medium-Large,200,OK,true,512312,139,3,3,1,0,0
1637865727789,8,Small-Medium,200,OK,true,102712,139,3,3,3,0,0
1637865727775,60,Large,200,OK,true,1048891,137,3,3,3,0,0
1637865727835,7,Small-Medium,200,OK,true,102713,139,3,3,2,0,0
1637865727785,63,Large,200,OK,true,1048891,137,3,3,2,0,0
1637865727847,5,Small,200,OK,true,51511,138,3,3,2,0,0
1637865727801,60,Large,200,OK,true,1048855,137,3,3,3,0,0
1637865727859,4,Small,200,OK,true,51511,138,3,3,2,0,0
1637865727848,15,Medium,200,OK,true,307513,139,3,3,2,0,0
1637865727864,13,Small-Medium,200,OK,true,102713,139,3,3,1,0,0
1637865727861,23,Medium,200,OK,true,307514,139,3,3,3,0,2
1637865727884,6,Small,200,OK,true,51511,138,3,3,3,0,0
1637865727877,26,Medium-Large,200,OK,true,512313,139,3,3,2,0,0
1637865727903,6,Small-Medium,200,OK,true,102713,139,3,3,2,0,0
1637865727897,21,Medium,200,OK,true,307513,139,3,3,3,0,0
1637865727918,6,Small,200,OK,true,51511,138,3,3,3,0,0
1637865727877,55,Large,200,OK,true,1048891,137,3,3,3,0,0
1637865727932,6,Small,200,OK,true,51511,138,3,3,4,0,0
1637865727930,22,Medium,200,OK,true,307513,139,3,3,3,0,0
1637865727952,4,Small,200,OK,true,51511,138,3,3,2,0,0
1637865727945,16,Medium,200,OK,true,307513,139,3,3,2,0,0
1637865727917,46,Large,200,OK,true,1048891,137,3,3,1,0,0
1637865727962,4,Small-Medium,200,OK,true,102713,139,3,3,1,0,0
1637865727964,6,Small,200,OK,true,51511,138,3,3,4,0,0
1637865727974,5,Small,200,OK,true,51511,138,3,3,2,0,0
1637865727963,42,Large,200,OK,true,1048891,137,3,3,2,0,0
1637865728005,3,Small,200,OK,true,51511,138,3,3,1,0,0
1637865727976,35,Medium-Large,200,OK,true,512313,139,3,3,3,0,0
1637865727986,57,Large,200,OK,true,1048891,137,3,3,2,0,0
1637865728044,5,Small,200,OK,true,51511,138,3,3,2,0,0
1637865728017,34,Medium-Large,200,OK,true,512313,139,3,3,3,0,0
1637865728011,53,Large,200,OK,true,1048891,137,3,3,2,0,0
1637865728064,18,Medium,200,OK,true,307513,139,3,3,2,0,0
1637865728051,33,Medium-Large,200,OK,true,512313,139,3,3,4,0,0
1637865728082,7,Small-Medium,200,OK,true,102713,139,3,3,2,0,0
1637865728084,6,Small,200,OK,true,51511,138,3,3,4,0,0
1637865728056,34,Medium-Large,200,OK,true,512313,139,3,3,4,0,0
1637865728090,2,Small,200,OK,true,51511,138,3,3,1,0,0
1637865728097,5,Small,200,OK,true,51511,138,3,3,2,0,0
1637865728093,15,Medium-Large,200,OK,true,512313,139,3,3,1,0,0
1637865728102,13,Medium,200,OK,true,307513,139,3,3,2,0,0
1637865728109,6,Small,200,OK,true,51511,138,3,3,3,0,0
1637865728115,3,Small,200,OK,true,51511,138,3,3,2,0,0
1637865728129,16,Medium,200,OK,true,307513,139,3,3,2,0,0
1637865728121,29,Medium-Large,200,OK,true,512313,139,3,3,2,0,0
1637865728109,57,Large,200,OK,true,1048891,137,3,3,1,0,0
1637865728166,32,Medium-Large,200,OK,true,512313,139,3,3,3,0,0
1637865728150,60,Large,200,OK,true,1048891,137,3,3,2,0,0
1637865728145,68,Large,200,OK,true,1048891,137,3,3,2,0,0
1637865728198,18,Medium,200,OK,true,307513,139,3,3,2,0,0
1637865728210,9,Small-Medium,200,OK,true,102713,139,3,3,3,0,0
1637865728213,7,Small-Medium,200,OK,true,102713,139,3,3,3,0,0
1637865728216,4,Small-Medium,200,OK,true,102713,139,3,3,2,0,0
1637865728222,31,Medium-Large,200,OK,true,512313,139,3,3,1,0,0
1637865728225,30,Medium-Large,200,OK,true,512313,139,3,3,2,0,0
1637865728253,10,Small-Medium,200,OK,true,102713,139,3,3,5,0,0
1637865728255,10,Small-Medium,200,OK,true,102713,139,3,3,6,0,0
1637865728228,50,Large,200,OK,true,1048891,137,3,3,3,0,0
1637865728267,20,Medium,200,OK,true,307513,139,3,3,3,0,0
1637865728265,35,Medium-Large,200,OK,true,512313,139,3,3,2,0,0
1637865728278,63,Large,200,OK,true,1048891,137,3,3,2,0,0
1637865728341,15,Medium,200,OK,true,307513,139,3,3,2,0,0
1637865728287,71,Large,200,OK,true,1048891,137,3,3,3,0,0
1637865728300,70,Large,200,OK,true,1048891,137,3,3,3,0,0
1637865728358,19,Medium,200,OK,true,307513,139,3,3,2,0,0
1637865728356,31,Medium-Large,200,OK,true,512313,139,3,3,2,0,0
1637865728377,20,Medium,200,OK,true,307513,139,3,3,3,0,0
1637865728370,32,Medium-Large,200,OK,true,512312,139,3,3,3,0,0
1637865728387,20,Medium,200,OK,true,307513,139,3,3,2,0,0
1637865728407,21,Medium,200,OK,true,307513,139,3,3,2,0,0
1637865728397,33,Medium-Large,200,OK,true,512313,139,3,3,2,0,0
1637865728402,40,Medium-Large,200,OK,true,512312,139,3,3,3,0,0
1637865728442,10,Small-Medium,200,OK,true,102712,139,3,3,2,0,0
1637865728430,25,Medium,200,OK,true,307513,139,3,3,3,0,0
1637865728428,34,Medium-Large,200,OK,true,512313,139,3,3,3,0,0
1637865728456,6,Small,200,OK,true,51510,138,3,3,2,0,0
1637865728467,6,Small,200,OK,true,51510,138,3,3,3,0,0
1637865728479,7,Small-Medium,200,OK,true,102712,139,3,3,3,0,0
1637865728462,29,Medium-Large,200,OK,true,512313,139,3,3,4,0,0
1637865728455,48,Large,200,OK,true,1048891,137,3,3,1,0,0
1637865728491,16,Medium,200,OK,true,307512,139,3,3,2,0,0
1637865728491,23,Medium,200,OK,true,307513,139,3,3,4,0,0
1637865728514,32,Medium-Large,200,OK,true,512313,139,3,3,2,0,0
1637865728547,17,Medium,200,OK,true,307513,139,4,4,2,0,0
1637865728555,14,Small-Medium,200,OK,true,102714,139,4,4,6,0,3
1637865728503,72,Large,200,OK,true,1048891,137,4,4,3,0,0
1637865728507,69,Large,200,OK,true,1048890,137,4,4,3,0,0
1637865728576,9,Small-Medium,200,OK,true,102712,139,4,4,3,0,0
1637865728564,26,Medium,200,OK,true,307513,139,4,4,3,0,0
1637865728575,20,Medium,200,OK,true,307513,139,4,4,3,0,0
1637865728592,11,Small-Medium,200,OK,true,102677,139,4,4,4,0,0
1637865728570,40,Medium-Large,200,OK,true,512313,139,4,4,2,0,0
1637865728610,10,Small-Medium,200,OK,true,102713,139,4,4,3,0,0
1637865728590,35,Medium-Large,200,OK,true,512313,139,4,4,2,0,0
1637865728625,8,Small-Medium,200,OK,true,102713,139,4,4,2,0,0
1637865728627,9,Small-Medium,200,OK,true,102713,139,4,4,4,0,0
1637865728643,7,Small,200,OK,true,51511,138,4,4,4,0,0
1637865728641,10,Small-Medium,200,OK,true,102713,139,4,4,4,0,0
1637865728595,64,Large,200,OK,true,1048891,137,4,4,4,0,0
1637865728659,6,Small,200,OK,true,51511,138,4,4,3,0,0
1637865728657,10,Small-Medium,200,OK,true,102713,139,4,4,3,0,0
1637865728608,66,Large,200,OK,true,1048892,137,4,4,8,0,3
1637865728674,7,Small,200,OK,true,51511,138,4,4,3,0,0
1637865728675,10,Small-Medium,200,OK,true,102713,139,4,4,4,0,0
1637865728659,30,Medium-Large,200,OK,true,512313,139,4,4,4,0,0
1637865728689,5,Small,200,OK,true,51511,138,4,4,2,0,0
1637865728691,16,Small-Medium,200,OK,true,102713,139,4,4,6,0,0
1637865728707,18,Small-Medium,200,OK,true,102713,139,4,4,4,0,0
1637865728691,34,Medium,200,OK,true,307513,139,4,4,4,0,0
1637865728725,12,Small-Medium,200,OK,true,102713,139,4,4,5,0,0
1637865728673,65,Large,200,OK,true,1048891,137,4,4,2,0,0
1637865728738,24,Medium,200,OK,true,307513,139,4,4,2,0,0
1637865728762,9,Small-Medium,200,OK,true,102713,139,4,4,3,0,0
1637865728778,9,Small-Medium,200,OK,true,102713,139,4,4,3,0,0
1637865728707,81,Large,200,OK,true,1048891,137,4,4,3,0,0
1637865728725,85,Large,200,OK,true,1048891,137,4,4,2,0,0
1637865728743,82,Large,200,OK,true,1048891,137,4,4,4,0,0
1637865728794,41,Medium-Large,200,OK,true,512313,139,4,4,3,0,0
1637865728835,7,Small,200,OK,true,51511,138,4,4,3,0,0
1637865728811,38,Medium-Large,200,OK,true,512313,139,4,4,3,0,0
1637865728851,9,Small-Medium,200,OK,true,102713,139,4,4,3,0,0
1637865728788,80,Large,200,OK,true,1048891,137,4,4,2,0,0
1637865728868,8,Small,200,OK,true,51511,138,4,4,4,0,0
1637865728825,95,Large,200,OK,true,1048891,137,4,4,5,0,0
1637865728920,9,Small-Medium,200,OK,true,102713,139,4,4,2,0,0
1637865728849,87,Large,200,OK,true,1048891,137,4,4,3,0,0
1637865728936,5,Small,200,OK,true,51511,138,4,4,2,0,0
1637865728936,7,Small,200,OK,true,51511,138,4,4,3,0,0
1637865728868,79,Large,200,OK,true,1048891,137,4,4,3,0,0
1637865728953,10,Small-Medium,200,OK,true,102713,139,4,4,3,0,0
1637865728884,83,Large,200,OK,true,1048891,137,4,4,3,0,0
1637865728952,22,Medium,200,OK,true,307513,139,4,4,2,0,0
1637865728968,7,Small,200,OK,true,51511,138,4,4,4,0,0
1637865728947,34,Medium-Large,200,OK,true,512313,139,4,4,2,0,0
1637865728984,9,Small-Medium,200,OK,true,102713,139,4,4,3,0,0
1637865729000,7,Small,200,OK,true,51511,138,4,4,4,0,0
1637865728967,42,Medium-Large,200,OK,true,512313,139,4,4,3,0,0
1637865728974,35,Medium-Large,200,OK,true,512313,139,4,4,2,0,0
1637865729009,7,Small,200,OK,true,51511,138,4,4,3,0,0
1637865729025,13,Small-Medium,200,OK,true,102713,139,4,4,2,0,0
1637865729009,42,Medium-Large,200,OK,true,512313,139,4,4,1,0,0
1637865728981,73,Large,200,OK,true,1048891,137,4,4,2,0,0
1637865729016,44,Medium-Large,200,OK,true,512313,139,4,4,2,0,0
1637865729052,9,Small-Medium,200,OK,true,102713,139,4,4,3,0,0
1637865729054,9,Small-Medium,200,OK,true,102713,139,4,4,3,0,0
1637865729042,23,Medium,200,OK,true,307513,139,4,4,4,0,0
1637865729065,21,Medium,200,OK,true,307513,139,4,4,2,0,0
1637865729068,26,Medium,200,OK,true,307513,139,4,4,3,0,0
1637865729060,35,Medium-Large,200,OK,true,512313,139,4,4,2,0,0
1637865729070,46,Medium-Large,200,OK,true,512313,139,4,4,3,0,0
1637865729095,27,Medium,200,OK,true,307513,139,4,4,4,0,0
1637865729116,6,Small,200,OK,true,51511,138,4,4,3,0,0
1637865729122,6,Small,200,OK,true,51511,138,4,4,4,0,0
1637865729094,37,Medium-Large,200,OK,true,512313,139,4,4,3,0,0
1637865729132,7,Small-Medium,200,OK,true,102713,139,4,4,2,0,0
1637865729086,67,Large,200,OK,true,1048891,137,4,4,3,0,0
1637865729133,26,Medium,200,OK,true,307513,139,4,4,3,0,0
1637865729153,9,Small-Medium,200,OK,true,102713,139,4,4,4,0,0
1637865729138,38,Medium-Large,200,OK,true,512313,139,4,4,2,0,0
1637865729169,44,Medium-Large,200,OK,true,512313,139,4,4,3,0,0
1637865729148,99,Large,200,OK,true,1048891,137,4,4,2,0,0
1637865729159,90,Large,200,OK,true,1048891,137,4,4,3,0,0
1637865729176,94,Large,200,OK,true,1048891,137,4,4,3,0,0
1637865729250,25,Medium,200,OK,true,307513,139,4,4,2,0,0
1637865729248,48,Medium-Large,200,OK,true,512313,139,4,4,2,0,0
1637865729270,28,Medium,200,OK,true,307513,139,4,4,4,0,0
1637865729213,92,Large,200,OK,true,1048891,137,4,4,13,0,0
1637865729275,45,Medium-Large,200,OK,true,512313,139,4,4,3,0,0
1637865729298,31,Medium,200,OK,true,307513,139,4,4,4,0,0
1637865729320,10,Small,200,OK,true,51511,138,4,4,9,0,0
1637865729329,31,Medium,200,OK,true,307513,139,4,4,4,0,0
1637865729360,9,Small-Medium,200,OK,true,102713,139,4,4,2,0,0
1637865729336,39,Medium-Large,200,OK,true,512313,139,4,4,4,0,0
1637865729297,83,Large,200,OK,true,1048891,137,4,4,2,0,0
1637865729375,6,Small,200,OK,true,51511,138,4,4,3,0,0
1637865729376,9,Small-Medium,200,OK,true,102713,139,4,4,3,0,0
1637865729306,81,Large,200,OK,true,1048891,137,4,4,2,0,0
1637865729380,7,Small-Medium,200,OK,true,102713,139,4,4,3,0,0
1637865729387,3,Small-Medium,200,OK,true,102713,139,4,4,1,0,0
1637865729392,6,Small,200,OK,true,51511,138,4,4,3,0,0
1637865729397,6,Small-Medium,200,OK,true,102713,139,4,4,2,0,0
1637865729391,18,Medium-Large,200,OK,true,512313,139,4,4,1,0,0
1637865729413,6,Small,200,OK,true,51511,138,4,4,4,0,0
1637865729409,19,Medium,200,OK,true,307513,139,4,4,2,0,0
1637865729403,28,Medium-Large,200,OK,true,512313,139,4,4,2,0,0
1637865729429,7,Small,200,OK,true,51511,138,4,4,3,0,0
1637865729431,10,Small-Medium,200,OK,true,102713,139,4,4,5,0,0
1637865729409,77,Large,200,OK,true,1048891,137,4,4,3,0,0
1637865729445,45,Medium-Large,200,OK,true,512313,139,4,4,2,0,0
1637865729449,42,Medium-Large,200,OK,true,512313,139,4,4,4,0,0
1637865729487,7,Small-Medium,200,OK,true,102713,139,4,4,3,0,0
1637865729491,9,Small-Medium,200,OK,true,102713,139,4,4,4,0,0
1637865729429,71,Large,200,OK,true,1048891,137,4,4,2,0,0
1637865729500,6,Small-Medium,200,OK,true,102713,139,4,4,3,0,0
1637865729503,4,Small,200,OK,true,51511,138,4,4,3,0,0
1637865729490,18,Medium,200,OK,true,307513,139,4,4,3,0,0
1637865729507,12,Small,200,OK,true,51511,138,4,4,12,0,0
1637865729519,18,Medium,200,OK,true,307513,139,4,4,1,0,0
1637865729519,21,Medium,200,OK,true,307513,139,4,4,3,0,0
1637865729508,97,Large,200,OK,true,1048891,137,4,4,11,0,0
1637865729523,105,Large,200,OK,true,1048891,137,4,4,3,0,0
1637865729540,90,Large,200,OK,true,1048891,137,4,4,2,0,0
1637865729537,93,Large,200,OK,true,1048891,137,4,4,3,0,0
1637865729605,27,Medium,200,OK,true,307513,139,4,4,3,0,0
1637865729631,6,Small-Medium,200,OK,true,102713,139,4,4,2,0,0
1637865729630,10,Small,200,OK,true,51511,138,4,4,7,0,0
1637865729646,6,Small,200,OK,true,51511,138,4,4,3,0,0
1637865729647,6,Small,200,OK,true,51511,138,4,4,2,0,0
1637865729632,30,Medium-Large,200,OK,true,512313,139,4,4,5,0,0
1637865729662,9,Small,200,OK,true,51511,138,4,4,5,0,0
1637865729662,10,Small-Medium,200,OK,true,102713,139,4,4,3,0,0
1637865729628,49,Large,200,OK,true,1048891,137,4,4,3,0,0
1637865729678,12,Small-Medium,200,OK,true,102713,139,4,4,5,0,0
1637865729663,32,Medium-Large,200,OK,true,512313,139,4,4,5,0,0
1637865729696,7,Small,200,OK,true,51511,138,4,4,3,0,0
1637865729677,33,Medium-Large,200,OK,true,512313,139,4,4,2,0,0
1637865729695,40,Medium-Large,200,OK,true,512313,139,4,4,3,0,0
1637865729712,26,Medium,200,OK,true,307513,139,4,4,4,0,0
1637865729738,6,Small,200,OK,true,51511,138,4,4,3,0,0
1637865729678,80,Large,200,OK,true,1048891,137,4,4,6,0,0
1637865729754,6,Small,200,OK,true,51511,138,4,4,3,0,0
1637865729758,6,Small,200,OK,true,51511,138,4,4,4,0,0
1637865729735,35,Medium-Large,200,OK,true,512313,139,4,4,4,0,0
1637865729770,6,Small-Medium,200,OK,true,102713,139,4,4,3,0,0
1637865729710,67,Large,200,OK,true,1048891,137,4,4,3,0,0
1637865729777,10,Small-Medium,200,OK,true,102713,139,4,4,4,0,0
1637865729786,58,Medium-Large,200,OK,true,512313,139,4,4,4,0,0
1637865729793,52,Medium-Large,200,OK,true,512313,139,4,4,3,0,0
1637865729845,12,Small-Medium,200,OK,true,102713,139,4,4,4,0,0
1637865729775,83,Large,200,OK,true,1048891,137,4,4,2,0,0
1637865729770,89,Large,200,OK,true,1048891,137,4,4,5,0,0
1637865729860,6,Small,200,OK,true,51511,138,4,4,2,0,0
1637865729858,35,Medium-Large,200,OK,true,512313,139,4,4,2,0,0
1637865729894,32,Medium,200,OK,true,307513,139,4,4,2,0,0
1637865729844,83,Large,200,OK,true,1048891,137,4,4,3,0,0
1637865729927,12,Small-Medium,200,OK,true,102713,139,4,4,3,0,0
1637865729927,12,Small,200,OK,true,51511,138,4,4,7,0,0
1637865729863,82,Large,200,OK,true,1048891,137,4,4,3,0,0
1637865729945,11,Small-Medium,200,OK,true,102713,139,4,4,4,0,0
1637865729876,81,Large,200,OK,true,1048891,137,4,4,4,0,0
1637865729944,19,Medium,200,OK,true,307513,139,4,4,1,0,0
1637865729945,88,Large,200,OK,true,1048891,137,4,4,2,0,0
1637865729957,88,Large,200,OK,true,1048891,137,4,4,3,0,0
1637865729961,86,Large,200,OK,true,1048891,137,4,4,3,0,0
1637865729963,88,Large,200,OK,true,1048891,137,4,4,3,0,0
1637865730047,6,Small,200,OK,true,51511,138,4,4,4,0,0
1637865730046,23,Medium,200,OK,true,307513,139,4,4,2,0,0
1637865730051,19,Medium,200,OK,true,307513,139,4,4,2,0,0
1637865730034,42,Medium-Large,200,OK,true,512313,139,4,4,3,0,0
1637865730070,7,Small,200,OK,true,51511,138,4,4,4,0,0
1637865730069,8,Small-Medium,200,OK,true,102713,139,4,4,2,0,0
1637865730076,4,Small,200,OK,true,51511,138,4,4,2,0,0
1637865730085,5,Small,200,OK,true,51511,138,4,4,2,0,0
1637865730093,24,Medium,200,OK,true,307513,139,4,4,3,0,0
1637865730064,55,Large,200,OK,true,1048891,137,4,4,4,0,0
1637865730117,5,Small,200,OK,true,51511,138,4,4,2,0,0
1637865730086,41,Medium-Large,200,OK,true,512313,139,4,4,3,0,0
1637865730127,20,Small-Medium,200,OK,true,102713,139,4,4,11,0,0
1637865730101,46,Medium-Large,200,OK,true,512313,139,4,4,3,0,0
1637865730147,6,Small,200,OK,true,51511,138,4,4,3,0,0
1637865730147,11,Small-Medium,200,OK,true,102713,139,4,4,6,0,0
1637865730120,44,Medium-Large,200,OK,true,512313,139,4,4,3,0,0
1637865730138,26,Medium-Large,200,OK,true,512313,139,4,4,4,0,0
1637865730163,5,Small-Medium,200,OK,true,102713,139,4,4,2,0,0
1637865730165,6,Small,200,OK,true,51511,138,4,4,3,0,0
1637865730179,5,Small,200,OK,true,51511,138,4,4,2,0,0
1637865730164,23,Medium-Large,200,OK,true,512313,139,4,4,2,0,0
1637865730164,28,Medium-Large,200,OK,true,512313,139,4,4,5,0,0
1637865730192,6,Small,200,OK,true,51511,138,4,4,3,0,0
1637865730195,9,Small-Medium,200,OK,true,102713,139,4,4,3,0,0
1637865730211,44,Medium-Large,200,OK,true,512313,139,4,4,5,0,0
1637865730208,48,Medium-Large,200,OK,true,512313,139,4,4,4,0,0
1637865730256,14,Small,200,OK,true,51511,138,4,4,3,0,0
1637865730181,89,Large,200,OK,true,1048891,137,4,4,8,0,0
1637865730187,84,Large,200,OK,true,1048891,137,4,4,2,0,0
1637865730255,35,Medium-Large,200,OK,true,512313,139,4,4,1,0,0
1637865730271,26,Medium,200,OK,true,307513,139,4,4,2,0,0
1637865730290,8,Small-Medium,200,OK,true,102713,139,4,4,2,0,0
1637865730273,25,Medium,200,OK,true,307513,139,4,4,2,0,0
1637865730271,28,Medium,200,OK,true,307513,139,4,4,3,0,0
1637865730299,22,Medium,200,OK,true,307513,139,4,4,2,0,0
1637865730306,27,Medium,200,OK,true,307513,139,4,4,3,0,0
1637865730333,10,Small-Medium,200,OK,true,102713,139,4,4,3,0,0
1637865730349,25,Medium,200,OK,true,307513,139,4,4,3,0,0
1637865730297,79,Large,200,OK,true,1048891,137,4,4,2,0,0
1637865730374,10,Small-Medium,200,OK,true,102713,139,4,4,3,0,0
1637865730299,86,Large,200,OK,true,1048891,137,4,4,4,0,0
1637865730376,24,Medium,200,OK,true,307513,139,4,4,4,0,0
1637865730322,90,Large,200,OK,true,1048891,137,4,4,3,0,0
1637865730412,24,Small,200,OK,true,51511,138,4,4,2,0,0
1637865730400,57,Medium,200,OK,true,307513,139,4,4,4,0,0
1637865730391,71,Medium-Large,200,OK,true,512313,139,4,4,4,0,0
1637865730457,9,Small-Medium,200,OK,true,102713,139,4,4,4,0,0
1637865730463,8,Small-Medium,200,OK,true,102713,139,4,4,2,0,0
1637865730385,96,Large,200,OK,true,1048891,137,4,4,2,0,0
1637865730480,9,Small-Medium,200,OK,true,102713,139,4,4,2,0,0
1637865730436,79,Large,200,OK,true,1048891,137,4,4,1,0,0
1637865730473,44,Medium-Large,200,OK,true,512313,139,4,4,3,0,0
1637865730481,41,Medium-Large,200,OK,true,512313,139,4,4,3,0,0
1637865730495,28,Medium,200,OK,true,307513,139,4,4,5,0,0
1637865730523,8,Small,200,OK,true,51511,138,4,4,3,0,0
1637865730515,23,Medium,200,OK,true,307513,139,4,4,3,0,0
1637865730517,22,Medium,200,OK,true,307513,139,4,4,3,0,0
1637865730522,18,Medium,200,OK,true,307513,139,4,4,2,0,0
1637865730539,8,Small-Medium,200,OK,true,102713,139,4,4,3,0,0
1637865730539,12,Small-Medium,200,OK,true,102713,139,4,4,7,0,0
1637865730538,28,Medium,200,OK,true,307513,139,4,4,3,0,0
1637865730556,26,Medium,200,OK,true,307513,139,4,4,9,0,0
1637865730555,29,Medium,200,OK,true,307513,139,4,4,10,0,0
1637865730582,6,Small,200,OK,true,51511,138,4,4,3,0,0
1637865730566,25,Medium,200,OK,true,307513,139,4,4,2,0,0
1637865730584,19,Medium,200,OK,true,307513,139,4,4,3,0,0
1637865730603,11,Small-Medium,200,OK,true,102713,139,4,4,5,0,0
1637865730541,80,Large,200,OK,true,1048891,137,4,4,3,0,0
1637865730621,26,Medium,200,OK,true,307513,139,4,4,3,0,0
1637865730647,6,Small,200,OK,true,51511,138,4,4,3,0,0
1637865730619,42,Medium-Large,200,OK,true,512312,139,4,4,3,0,0
1637865730591,76,Large,200,OK,true,1048891,137,4,4,4,0,0
1637865730661,7,Small,200,OK,true,51510,138,4,4,3,0,0
1637865730663,6,Small,200,OK,true,51511,138,4,4,3,0,0
1637865730599,74,Large,200,OK,true,1048891,137,4,4,3,0,0
1637865730678,9,Small,200,OK,true,51510,138,4,4,6,0,0
1637865730673,18,Medium,200,OK,true,307513,139,4,4,1,0,0
1637865730694,8,Small,200,OK,true,51510,138,4,4,5,0,0
1637865730692,41,Medium-Large,200,OK,true,512313,139,4,4,2,0,0
1637865730667,72,Large,200,OK,true,1048891,137,4,4,3,0,0
1637865730679,76,Large,200,OK,true,1048891,137,4,4,2,0,0
1637865730733,36,Medium,200,OK,true,307513,139,4,4,4,0,0
1637865730769,10,Small,200,OK,true,51511,138,4,4,3,0,0
1637865730755,31,Medium,200,OK,true,307513,139,4,4,14,0,0
1637865730710,90,Large,200,OK,true,1048890,137,4,4,4,0,0
1637865730800,7,Small,200,OK,true,51510,138,4,4,4,0,0
1637865730785,27,Medium,200,OK,true,307513,139,4,4,3,0,0
1637865730739,90,Large,200,OK,true,1048891,137,4,4,3,0,0
1637865730816,27,Medium,200,OK,true,307512,139,4,4,4,0,0
1637865730829,23,Medium,200,OK,true,307513,139,4,4,2,0,0
1637865730786,94,Large,200,OK,true,1048891,137,4,4,4,0,0
1637865730812,98,Large,200,OK,true,1048891,137,4,4,3,0,0
1637865730910,9,Small-Medium,200,OK,true,102713,139,4,4,3,0,0
1637865730843,83,Large,200,OK,true,1048890,137,4,4,3,0,0
1637865730927,10,Small-Medium,200,OK,true,102713,139,4,4,2,0,0
1637865730852,88,Large,200,OK,true,1048891,137,4,4,3,0,0
1637865730943,9,Small-Medium,200,OK,true,102713,139,4,4,3,0,0
1637865730926,28,Medium,200,OK,true,307512,139,4,4,5,0,0
1637865730880,80,Large,200,OK,true,1048891,137,4,4,4,0,0
1637865730954,9,Small-Medium,200,OK,true,102677,139,4,4,4,0,0
1637865730960,11,Small-Medium,200,OK,true,102713,139,4,4,5,0,0
1637865730940,34,Medium-Large,200,OK,true,512313,139,4,4,3,0,0
1637865730959,16,Medium,200,OK,true,307513,139,4,4,2,0,0
1637865730974,3,Small,200,OK,true,51511,138,4,4,1,0,0
1637865730975,3,Small,200,OK,true,51511,138,4,4,2,0,0
1637865730978,12,Medium,200,OK,true,307513,139,4,4,2,0,0
1637865730970,21,Medium,200,OK,true,307514,139,4,4,5,0,2
1637865730992,7,Small,200,OK,true,51511,138,4,4,4,0,0
1637865730993,7,Small,200,OK,true,51511,138,4,4,3,0,0
1637865730991,10,Small-Medium,200,OK,true,102713,139,4,4,3,0,0
1637865730990,12,Medium,200,OK,true,307512,139,4,4,2,0,0
1637865731007,4,Small,200,OK,true,51511,138,4,4,2,0,0
1637865731009,6,Small,200,OK,true,51511,138,4,4,3,0,0
1637865731008,20,Medium,200,OK,true,307513,139,4,4,2,0,0
1637865731025,32,Medium,200,OK,true,307513,139,4,4,4,0,0
1637865731006,73,Large,200,OK,true,1048890,137,4,4,1,0,0
1637865731057,27,Medium,200,OK,true,307513,139,4,4,4,0,0
1637865731079,8,Small-Medium,200,OK,true,102712,139,4,4,2,0,0
1637865731096,9,Small-Medium,200,OK,true,102712,139,4,4,3,0,0
1637865731085,23,Medium,200,OK,true,307513,139,4,4,3,0,0
1637865731023,90,Large,200,OK,true,1048891,137,4,4,3,0,0
1637865731028,88,Large,200,OK,true,1048891,137,4,4,4,0,0
1637865731108,45,Medium-Large,200,OK,true,512313,139,4,4,6,0,0
1637865731116,49,Medium-Large,200,OK,true,512313,139,4,4,4,0,0
1637865731153,24,Medium,200,OK,true,307513,139,4,4,11,0,0
1637865731177,9,Small-Medium,200,OK,true,102713,139,4,4,2,0,0
1637865731165,26,Medium,200,OK,true,307513,139,4,4,1,0,0
1637865731113,81,Large,200,OK,true,1048891,137,4,4,4,0,0
1637865731193,7,Small,200,OK,true,51511,138,4,4,4,0,0
1637865731192,9,Small-Medium,200,OK,true,102713,139,4,4,3,0,0
1637865731111,92,Large,200,OK,true,1048890,137,4,4,5,0,0
1637865731204,5,Small-Medium,200,OK,true,102712,139,4,4,1,0,0
1637865731195,14,Medium,200,OK,true,307513,139,4,4,3,0,0
1637865731209,4,Small,200,OK,true,51511,138,4,4,2,0,0
1637865731208,5,Small-Medium,200,OK,true,102713,139,4,4,2,0,0
1637865731211,4,Small-Medium,200,OK,true,102713,139,4,4,2,0,0
1637865731220,3,Small-Medium,200,OK,true,102712,139,4,4,0,0,0
1637865731227,9,Small-Medium,200,OK,true,102713,139,4,4,3,0,0
1637865731243,9,Small-Medium,200,OK,true,102713,139,4,4,3,0,0
1637865731224,30,Medium-Large,200,OK,true,512313,139,4,4,1,0,0
1637865731236,21,Medium,200,OK,true,307512,139,4,4,3,0,0
1637865731226,33,Medium-Large,200,OK,true,512313,139,4,4,2,0,0
1637865731260,8,Small,200,OK,true,51511,138,4,4,4,0,0
1637865731259,10,Small-Medium,200,OK,true,102713,139,4,4,3,0,0
1637865731255,19,Medium,200,OK,true,307513,139,4,4,2,0,0
1637865731274,7,Small-Medium,200,OK,true,102713,139,4,4,1,0,0
1637865731275,10,Small-Medium,200,OK,true,102713,139,4,4,3,0,0
1637865731275,10,Small-Medium,200,OK,true,102713,139,4,4,3,0,0
1637865731291,12,Small-Medium,200,OK,true,102713,139,4,4,6,0,0
1637865731257,52,Large,200,OK,true,1048890,137,4,4,3,0,0
1637865731290,24,Medium,200,OK,true,307513,139,4,4,2,0,0
1637865731291,26,Medium,200,OK,true,307513,139,4,4,4,0,0
1637865731314,9,Small-Medium,200,OK,true,102713,139,4,4,3,0,0
1637865731317,8,Small-Medium,200,OK,true,102713,139,4,4,3,0,0
1637865731309,22,Medium,200,OK,true,307477,139,4,4,4,0,0
1637865731330,4,Small,200,OK,true,51511,138,4,4,2,0,0
1637865731346,21,Small-Medium,200,OK,true,102713,139,4,4,3,0,0
1637865731331,36,Medium,200,OK,true,307514,139,4,4,7,0,3
1637865731367,12,Small-Medium,200,OK,true,102713,139,4,4,3,0,0
1637865731307,85,Large,200,OK,true,1048891,137,4,4,4,0,0
1637865731367,41,Medium-Large,200,OK,true,512313,139,4,4,2,0,0
1637865731333,91,Large,200,OK,true,1048891,137,4,4,1,0,0
1637865731424,6,Small,200,OK,true,51511,138,4,4,3,0,0
1637865731409,28,Medium,200,OK,true,307513,139,4,4,3,0,0
1637865731392,50,Medium-Large,200,OK,true,512313,139,4,4,3,0,0
1637865731385,60,Large,200,OK,true,1048891,137,4,4,4,0,0
1637865731442,5,Small,200,OK,true,51511,138,4,4,3,0,0
1637865731445,19,Medium,200,OK,true,307513,139,4,4,3,0,0
1637865731437,38,Medium-Large,200,OK,true,512313,139,4,4,2,0,0
1637865731458,28,Medium,200,OK,true,307513,139,4,4,4,0,0
1637865731440,46,Medium-Large,200,OK,true,512313,139,4,4,3,0,0
1637865731486,6,Small,200,OK,true,51511,138,4,4,2,0,0
1637865731464,30,Medium-Large,200,OK,true,512313,139,4,4,5,0,0
1637865731494,17,Medium,200,OK,true,307513,139,4,4,2,0,0
1637865731504,7,Small,200,OK,true,51511,138,4,4,3,0,0
1637865731486,27,Medium,200,OK,true,307513,139,4,4,3,0,0
1637865731475,39,Medium-Large,200,OK,true,512313,139,4,4,3,0,0
1637865731514,3,Small,200,OK,true,51511,138,4,4,1,0,0
1637865731511,19,Medium,200,OK,true,307513,139,4,4,4,0,0
1637865731530,8,Small-Medium,200,OK,true,102713,139,4,4,2,0,0
1637865731519,22,Medium,200,OK,true,307513,139,4,4,3,0,0
1637865731542,36,Medium,200,OK,true,307513,139,4,4,3,0,0
1637865731530,67,Large,200,OK,true,1048891,137,4,4,5,0,0
1637865731515,85,Large,200,OK,true,1048891,137,4,4,2,0,0
1637865731546,60,Medium-Large,200,OK,true,512313,139,4,4,4,0,0
1637865731600,7,Small,200,OK,true,51511,138,4,4,4,0,0
1637865731598,16,Medium,200,OK,true,307513,139,4,4,3,0,0
1637865731617,55,Medium-Large,200,OK,true,512313,139,4,4,4,0,0
1637865731579,94,Large,200,OK,true,1048891,137,4,4,3,0,0
1637865731615,64,Large,200,OK,true,1048891,137,4,4,3,0,0
1637865731672,7,Small,200,OK,true,51511,138,4,4,3,0,0
1637865731673,36,Medium,200,OK,true,307513,139,4,4,4,0,0
1637865731606,105,Large,200,OK,true,1048891,137,4,4,3,0,0
1637865731679,38,Medium-Large,200,OK,true,512313,139,4,4,3,0,0
1637865731709,9,Small-Medium,200,OK,true,102713,139,4,4,4,0,0
1637865731711,7,Small,200,OK,true,51511,138,4,4,5,0,0
1637865731725,32,Medium,200,OK,true,307513,139,4,4,4,0,0
1637865731717,62,Large,200,OK,true,1048891,137,4,4,2,0,0
1637865731779,6,Small-Medium,200,OK,true,102713,139,4,4,2,0,0
1637865731726,59,Medium-Large,200,OK,true,512313,139,4,4,6,0,0
1637865731695,93,Large,200,OK,true,1048891,137,4,4,4,0,0
1637865731785,4,Small,200,OK,true,51511,138,4,4,3,0,0
1637865731757,48,Medium-Large,200,OK,true,512313,139,4,4,3,0,0
1637865731788,17,Medium,200,OK,true,307513,139,4,4,1,0,0
1637865731795,10,Small-Medium,200,OK,true,102713,139,4,4,2,0,0
1637865731805,5,Small,200,OK,true,51510,138,4,4,2,0,0
1637865731805,6,Small,200,OK,true,51511,138,4,4,3,0,0
1637865731805,10,Medium,200,OK,true,307513,139,4,4,1,0,0
1637865731811,5,Small,200,OK,true,51511,138,4,4,3,0,0
1637865731818,3,Small-Medium,200,OK,true,102712,139,4,4,1,0,0
1637865731821,6,Small-Medium,200,OK,true,102713,139,4,4,3,0,0
1637865731834,9,Small-Medium,200,OK,true,102712,139,4,4,3,0,0
1637865731837,7,Small,200,OK,true,51511,138,4,4,4,0,0
1637865731821,28,Medium-Large,200,OK,true,512313,139,4,4,1,0,0
1637865731827,51,Large,200,OK,true,1048891,137,4,4,2,0,0
1637865731849,31,Medium,200,OK,true,307513,139,4,4,2,0,0
1637865731853,30,Medium,200,OK,true,307512,139,4,4,4,0,0
1637865731878,20,Medium,200,OK,true,307513,139,4,4,3,0,0
1637865731880,30,Medium,200,OK,true,307513,139,4,4,3,0,0
1637865731899,17,Medium,200,OK,true,307513,139,4,4,3,0,0
1637865731916,7,Small-Medium,200,OK,true,102713,139,4,4,3,0,0
1637865731850,99,Large,200,OK,true,1048890,137,4,4,4,0,0
1637865731949,6,Small,200,OK,true,51510,138,4,4,3,0,0
1637865731911,46,Medium-Large,200,OK,true,512313,139,4,4,3,0,0
1637865731966,10,Small-Medium,200,OK,true,102712,139,4,4,3,0,0
1637865731883,95,Large,200,OK,true,1048890,137,4,4,3,0,0
1637865731932,65,Large,200,OK,true,1048891,137,4,4,3,0,0
1637865731957,51,Medium-Large,200,OK,true,512313,139,4,4,2,0,0
1637865731978,35,Medium,200,OK,true,307512,139,4,4,3,0,0
1637865732008,6,Small,200,OK,true,51511,138,4,4,3,0,0
1637865731997,19,Medium,200,OK,true,307513,139,4,4,3,0,0
1637865731981,37,Medium,200,OK,true,307512,139,4,4,16,0,0
1637865732013,5,Small,200,OK,true,51510,138,4,4,4,0,0
1637865732017,5,Small-Medium,200,OK,true,102713,139,4,4,2,0,0
1637865732024,4,Small,200,OK,true,51511,138,4,4,2,0,0
1637865732029,4,Small,200,OK,true,51510,138,4,4,2,0,0
1637865732018,16,Medium-Large,200,OK,true,512312,139,4,4,2,0,0
1637865732040,10,Small-Medium,200,OK,true,102713,139,4,4,3,0,0
1637865732045,6,Small,200,OK,true,51510,138,4,4,3,0,0
1637865732034,40,Medium-Large,200,OK,true,512312,139,4,4,4,0,0
1637865732033,50,Large,200,OK,true,1048891,137,4,4,1,0,0
1637865732061,31,Medium,200,OK,true,307512,139,4,4,5,0,0
1637865732092,13,Small,200,OK,true,51510,138,4,4,6,0,0
1637865732074,32,Medium,200,OK,true,307477,139,4,4,3,0,0
1637865732083,29,Medium-Large,200,OK,true,512313,139,4,4,3,0,0
1637865732108,16,Small,200,OK,true,51510,138,4,4,12,0,0
1637865732124,11,Small-Medium,200,OK,true,102677,139,4,4,4,0,0
1637865732106,32,Medium,200,OK,true,307514,139,4,4,6,0,2
1637865732112,27,Medium-Large,200,OK,true,512313,139,4,4,2,0,0
1637865732056,90,Large,200,OK,true,1048891,137,4,4,4,0,0
1637865732140,6,Small,200,OK,true,51511,138,4,4,3,0,0
1637865732138,20,Medium,200,OK,true,307513,139,4,4,4,0,0
1637865732140,45,Medium-Large,200,OK,true,512314,139,4,4,7,0,5
1637865732159,65,Medium-Large,200,OK,true,512313,139,4,4,4,0,0
1637865732156,76,Large,200,OK,true,1048891,137,4,4,4,0,0
1637865732225,7,Small,200,OK,true,51511,138,4,4,4,0,0
1637865732232,19,Medium,200,OK,true,307513,139,4,4,3,0,0
1637865732146,111,Large,200,OK,true,1048891,137,4,4,2,0,0
1637865732252,8,Small-Medium,200,OK,true,102713,139,4,4,2,0,0
1637865732185,80,Large,200,OK,true,1048891,137,4,4,4,0,0
1637865732265,9,Small-Medium,200,OK,true,102713,139,4,4,3,0,0
1637865732268,8,Small-Medium,200,OK,true,102713,139,4,4,4,0,0
1637865732258,19,Medium,200,OK,true,307513,139,4,4,3,0,0
1637865732241,40,Medium-Large,200,OK,true,512313,139,4,4,4,0,0
1637865732281,32,Medium,200,OK,true,307513,139,4,4,6,0,0
1637865732284,42,Medium-Large,200,OK,true,512313,139,4,4,4,0,0
1637865732313,37,Medium-Large,200,OK,true,512313,139,4,4,3,0,0
1637865732278,106,Large,200,OK,true,1048891,137,4,4,2,0,0
1637865732349,39,Medium-Large,200,OK,true,512313,139,4,4,4,0,0
1637865732325,64,Large,200,OK,true,1048891,137,4,4,3,0,0
1637865732384,29,Medium,200,OK,true,307513,139,4,4,5,0,0
1637865732281,133,Large,200,OK,true,1048891,137,4,4,3,0,0
1637865732414,9,Small,200,OK,true,51511,138,4,4,4,0,0
1637865732388,36,Medium-Large,200,OK,true,512313,139,4,4,3,0,0
1637865732389,35,Medium-Large,200,OK,true,512313,139,4,4,4,0,0
1637865732414,10,Small-Medium,200,OK,true,102713,139,4,4,3,0,0
1637865732429,11,Small-Medium,200,OK,true,102713,139,4,4,3,0,0
1637865732424,18,Medium,200,OK,true,307513,139,4,4,1,0,0
1637865732445,13,Small-Medium,200,OK,true,102713,139,4,4,4,0,0
1637865732424,59,Large,200,OK,true,1048891,137,4,4,2,0,0
1637865732484,6,Small,200,OK,true,51511,138,4,4,3,0,0
1637865732442,65,Large,200,OK,true,1048891,137,4,4,3,0,0
1637865732501,7,Small-Medium,200,OK,true,102713,139,4,4,3,0,0
1637865732508,28,Medium-Large,200,OK,true,512313,139,4,4,2,0,0
1637865732429,110,Large,200,OK,true,1048891,137,4,4,8,0,0
1637865732516,36,Medium-Large,200,OK,true,512313,139,4,4,5,0,0
1637865732461,106,Large,200,OK,true,1048891,137,4,4,6,0,0
1637865732539,32,Medium,200,OK,true,307513,139,4,4,6,0,0
1637865732537,37,Medium-Large,200,OK,true,512313,139,4,4,2,0,0
1637865732574,24,Medium,200,OK,true,307513,139,4,4,4,0,0
1637865732572,28,Medium,200,OK,true,307513,139,4,4,2,0,0
1637865732601,8,Small,200,OK,true,51511,138,4,4,4,0,0
1637865732552,79,Large,200,OK,true,1048891,137,4,4,5,0,0
1637865732599,40,Medium-Large,200,OK,true,512313,139,4,4,3,0,0
1637865732567,108,Large,200,OK,true,1048891,137,4,4,4,0,0
1637865732617,61,Medium-Large,200,OK,true,512313,139,4,4,14,0,0
1637865732639,41,Medium-Large,200,OK,true,512313,139,4,4,8,0,0
1637865732676,5,Small,200,OK,true,51511,138,4,4,3,0,0
1637865732680,9,Small,200,OK,true,51511,138,4,4,6,0,0
1637865732631,64,Large,200,OK,true,1048891,137,4,4,3,0,0
1637865732679,18,Medium,200,OK,true,307513,139,4,4,2,0,0
1637865732692,5,Small,200,OK,true,51511,138,4,4,4,0,0
1637865732697,22,Medium,200,OK,true,307513,139,4,4,5,0,0
1637865732696,28,Medium-Large,200,OK,true,512313,139,4,4,1,0,0
1637865732697,30,Medium,200,OK,true,307513,139,4,4,4,0,0
1637865732709,55,Medium-Large,200,OK,true,512313,139,4,4,3,0,0
1637865732724,40,Medium-Large,200,OK,true,512313,139,4,4,3,0,0
1637865732764,9,Small-Medium,200,OK,true,102713,139,4,4,5,0,0
1637865732719,64,Large,200,OK,true,1048891,137,4,4,3,0,0
1637865732781,7,Small,200,OK,true,51511,138,4,4,3,0,0
1637865732764,27,Medium,200,OK,true,307513,139,4,4,3,0,0
1637865732783,32,Medium-Large,200,OK,true,512313,139,4,4,2,0,0
1637865732791,31,Medium,200,OK,true,307513,139,4,4,3,0,0
1637865732815,9,Small-Medium,200,OK,true,102713,139,4,4,5,0,0
1637865732727,104,Large,200,OK,true,1048891,137,4,4,4,0,0
1637865732822,9,Small-Medium,200,OK,true,102713,139,4,4,3,0,0
1637865732832,8,Small-Medium,200,OK,true,102713,139,4,4,4,0,0
1637865732831,9,Small-Medium,200,OK,true,102713,139,4,4,2,0,0
1637865732797,52,Large,200,OK,true,1048891,137,4,4,4,0,0
1637865732838,23,Medium,200,OK,true,307513,139,4,4,4,0,0
1637865732861,13,Small-Medium,200,OK,true,102713,139,4,4,5,0,0
1637865732848,37,Medium-Large,200,OK,true,512313,139,4,4,5,0,0
1637865732849,38,Medium-Large,200,OK,true,512313,139,4,4,6,0,0
1637865732887,8,Small-Medium,200,OK,true,102713,139,4,4,3,0,0
1637865732847,51,Medium-Large,200,OK,true,512313,139,4,4,3,0,0
1637865732885,17,Medium,200,OK,true,307513,139,4,4,3,0,0
1637865732898,10,Small-Medium,200,OK,true,102713,139,4,4,2,0,0
1637865732877,46,Medium-Large,200,OK,true,512313,139,4,4,4,0,0
1637865732903,22,Medium,200,OK,true,307513,139,4,4,4,0,0
1637865732926,11,Small-Medium,200,OK,true,102713,139,4,4,4,0,0
1637865732902,36,Medium-Large,200,OK,true,512313,139,4,4,3,0,0
1637865732915,28,Medium,200,OK,true,307513,139,4,4,5,0,0
1637865732938,5,Small,200,OK,true,51511,138,4,4,2,0,0
1637865732943,7,Small,200,OK,true,51511,138,4,4,4,0,0
1637865732943,8,Small-Medium,200,OK,true,102713,139,4,4,2,0,0
1637865732923,29,Medium-Large,200,OK,true,512313,139,4,4,3,0,0
1637865732971,10,Small,200,OK,true,51511,138,4,4,6,0,0
1637865732981,7,Small,200,OK,true,51511,138,4,4,3,0,0
1637865732952,43,Medium-Large,200,OK,true,512313,139,4,4,1,0,0
1637865732956,41,Medium-Large,200,OK,true,512313,139,4,4,2,0,0
1637865732958,75,Large,200,OK,true,1048891,137,4,4,13,0,0
1637865732998,53,Medium-Large,200,OK,true,512313,139,4,4,5,0,0
1637865732997,81,Large,200,OK,true,1048891,137,4,4,2,0,0
1637865733033,72,Large,200,OK,true,1048891,137,4,4,3,0,0
1637865732995,113,Large,200,OK,true,1048891,137,4,4,3,0,0
1637865733078,36,Medium-Large,200,OK,true,512313,139,4,4,3,0,0
1637865733108,14,Small-Medium,200,OK,true,102713,139,4,4,8,0,0
1637865733114,10,Small,200,OK,true,51511,138,4,4,7,0,0
1637865733130,9,Small-Medium,200,OK,true,102713,139,4,4,4,0,0
1637865733105,60,Large,200,OK,true,1048891,137,4,4,5,0,0
1637865733052,115,Large,200,OK,true,1048891,137,4,4,3,0,0
1637865733165,7,Small-Medium,200,OK,true,102713,139,4,4,3,0,0
1637865733181,9,Small-Medium,200,OK,true,102713,139,4,4,4,0,0
1637865733198,7,Small-Medium,200,OK,true,102713,139,4,4,2,0,0
1637865733146,63,Large,200,OK,true,1048891,137,4,4,4,0,0
1637865733167,43,Medium-Large,200,OK,true,512313,139,4,4,4,0,0
1637865733124,92,Large,200,OK,true,1048891,137,4,4,3,0,0
1637865733209,18,Medium,200,OK,true,307513,139,4,4,2,0,0
1637865733216,12,Small-Medium,200,OK,true,102713,139,4,4,4,0,0
1637865733210,31,Medium,200,OK,true,307513,139,4,4,4,0,0
1637865733232,11,Small-Medium,200,OK,true,102713,139,4,4,3,0,0
1637865733227,20,Medium,200,OK,true,307513,139,4,4,3,0,0
1637865733241,6,Small,200,OK,true,51511,138,4,4,3,0,0
1637865733213,35,Medium-Large,200,OK,true,512313,139,4,4,4,0,0
1637865733248,6,Small-Medium,200,OK,true,102713,139,4,4,2,0,0
1637865733248,9,Small-Medium,200,OK,true,102713,139,4,4,4,0,0
1637865733247,12,Medium,200,OK,true,307513,139,4,4,1,0,0
1637865733257,3,Small,200,OK,true,51511,138,4,4,2,0,0
1637865733263,2,Small,200,OK,true,51511,138,4,4,1,0,0
1637865733273,6,Small,200,OK,true,51511,138,4,4,3,0,0
1637865733289,39,Medium,200,OK,true,307513,139,4,4,6,0,0
1637865733264,67,Large,200,OK,true,1048891,137,4,4,1,0,0
1637865733279,82,Large,200,OK,true,1048891,137,4,4,2,0,0
1637865733328,34,Medium,200,OK,true,307513,139,4,4,6,0,0
1637865733331,36,Medium-Large,200,OK,true,512313,139,4,4,3,0,0
1637865733362,11,Small-Medium,200,OK,true,102713,139,4,4,4,0,0
1637865733264,110,Large,200,OK,true,1048891,137,4,4,3,0,0
1637865733361,20,Medium,200,OK,true,307513,139,4,4,3,0,0
1637865733374,7,Small,200,OK,true,51511,138,4,4,4,0,0
1637865733367,16,Medium,200,OK,true,307513,139,4,4,3,0,0
1637865733378,10,Small-Medium,200,OK,true,102713,139,4,4,4,0,0
1637865733383,19,Medium,200,OK,true,307513,139,4,4,3,0,0
1637865733402,6,Small,200,OK,true,51511,138,4,4,3,0,0
1637865733418,8,Small,200,OK,true,51511,138,4,4,4,0,0
1637865733381,65,Large,200,OK,true,1048891,137,4,4,2,0,0
1637865733394,54,Medium-Large,200,OK,true,512313,139,4,4,4,0,0
1637865733446,5,Small,200,OK,true,51511,138,4,4,2,0,0
1637865733434,19,Medium,200,OK,true,307513,139,4,4,6,0,0
1637865733453,5,Small,200,OK,true,51511,138,4,4,2,0,0
1637865733390,78,Large,200,OK,true,1048891,137,4,4,3,0,0
1637865733448,22,Medium,200,OK,true,307513,139,4,4,3,0,0
1637865733468,7,Small,200,OK,true,51511,138,4,4,3,0,0
1637865733470,8,Small,200,OK,true,51511,138,4,4,4,0,0
1637865733462,26,Medium-Large,200,OK,true,512313,139,4,4,3,0,0
1637865733484,16,Small-Medium,200,OK,true,102713,139,4,4,8,0,0
1637865733469,55,Large,200,OK,true,1048891,137,4,4,3,0,0
1637865733488,42,Medium-Large,200,OK,true,512313,139,4,4,2,0,0
1637865733486,58,Medium-Large,200,OK,true,512313,139,4,4,5,0,0
1637865733524,23,Medium,200,OK,true,307513,139,4,4,4,0,0
1637865733500,57,Medium-Large,200,OK,true,512313,139,4,4,5,0,0
1637865733530,38,Medium-Large,200,OK,true,512313,139,4,4,5,0,0
1637865733547,23,Medium,200,OK,true,307513,139,4,4,4,0,0
1637865733569,6,Small,200,OK,true,51511,138,4,4,2,0,0
1637865733544,32,Medium,200,OK,true,307513,139,4,4,4,0,0
1637865733557,25,Medium,200,OK,true,307513,139,4,4,5,0,0
1637865733576,24,Medium,200,OK,true,307513,139,4,4,3,0,0
1637865733582,29,Medium,200,OK,true,307513,139,4,4,3,0,0
1637865733585,26,Medium,200,OK,true,307513,139,4,4,4,0,0
1637865733611,7,Small,200,OK,true,51511,138,4,4,3,0,0
1637865733612,19,Medium,200,OK,true,307513,139,4,4,3,0,0
1637865733570,64,Large,200,OK,true,1048891,137,4,4,4,0,0
1637865733601,33,Medium,200,OK,true,307513,139,4,4,4,0,0
1637865733634,7,Small-Medium,200,OK,true,102713,139,4,4,2,0,0
1637865733634,8,Small,200,OK,true,51511,138,4,4,5,0,0
1637865733632,14,Medium,200,OK,true,307513,139,4,4,2,0,0
1637865733649,21,Small-Medium,200,OK,true,102713,139,4,4,15,0,0
1637865733661,10,Small-Medium,200,OK,true,102713,139,4,4,5,0,0
1637865733661,28,Medium,200,OK,true,307513,139,4,4,2,0,0
1637865733671,36,Medium-Large,200,OK,true,512313,139,4,4,4,0,0
1637865733670,38,Medium-Large,200,OK,true,512313,139,4,4,3,0,0
1637865733708,9,Small-Medium,200,OK,true,102713,139,4,4,4,0,0
1637865733627,92,Large,200,OK,true,1048891,137,4,4,4,0,0
1637865733689,32,Medium,200,OK,true,307513,139,4,4,4,0,0
1637865733721,3,Small,200,OK,true,51511,138,4,4,1,0,0
1637865733720,8,Small,200,OK,true,51511,138,4,4,5,0,0
1637865733724,5,Small,200,OK,true,51511,138,4,4,2,0,0
1637865733737,5,Small-Medium,200,OK,true,102713,139,4,4,1,0,0
1637865733707,39,Large,200,OK,true,1048891,137,4,4,2,0,0
1637865733741,7,Small-Medium,200,OK,true,102713,139,4,4,3,0,0
1637865733737,11,Small-Medium,200,OK,true,102713,139,4,4,6,0,0
1637865733756,8,Small,200,OK,true,51511,138,4,4,4,0,0
1637865733746,54,Large,200,OK,true,1048891,137,4,4,2,0,0
1637865733753,48,Medium-Large,200,OK,true,512313,139,4,4,4,0,0
1637865733772,34,Medium-Large,200,OK,true,512313,139,4,4,3,0,0
1637865733806,37,Medium-Large,200,OK,true,512313,139,4,4,4,0,0
1637865733752,95,Large,200,OK,true,1048891,137,4,4,3,0,0
1637865733800,76,Large,200,OK,true,1048891,137,4,4,6,0,0
1637865733848,34,Medium,200,OK,true,307513,139,4,4,3,0,0
1637865733882,12,Small-Medium,200,OK,true,102713,139,4,4,3,0,0
1637865733876,23,Medium,200,OK,true,307513,139,4,4,4,0,0
1637865733899,6,Small,200,OK,true,51511,138,4,4,2,0,0
1637865733843,69,Large,200,OK,true,1048891,137,4,4,5,0,0
1637865733801,111,Large,200,OK,true,1048891,137,4,4,3,0,0
1637865733912,9,Small-Medium,200,OK,true,102713,139,4,4,4,0,0
1637865733899,31,Medium-Large,200,OK,true,512313,139,4,4,5,0,0
1637865733930,21,Medium,200,OK,true,307513,139,4,4,5,0,0
1637865733952,45,Medium-Large,200,OK,true,512313,139,4,4,2,0,0
1637865733997,7,Small,200,OK,true,51511,138,4,4,4,0,0
1637865733929,81,Large,200,OK,true,1048891,137,4,4,2,0,0
1637865733913,98,Large,200,OK,true,1048891,137,4,4,1,0,0
1637865734013,12,Small-Medium,200,OK,true,102713,139,4,4,5,0,0
1637865733914,112,Large,200,OK,true,1048891,137,4,4,5,0,0
1637865734011,18,Medium,200,OK,true,307513,139,4,4,1,0,0
1637865734029,27,Medium,200,OK,true,307513,139,4,4,8,0,0
1637865734011,48,Medium-Large,200,OK,true,512313,139,4,4,4,0,0
1637865734029,37,Medium-Large,200,OK,true,512313,139,4,4,2,0,0
1637865734059,35,Medium,200,OK,true,307513,139,4,4,4,0,0
1637865734056,71,Large,200,OK,true,1048891,137,4,4,3,0,0
1637865734026,103,Large,200,OK,true,1048891,137,4,4,2,0,0
1637865734066,75,Large,200,OK,true,1048891,137,4,4,4,0,0
1637865734094,50,Medium-Large,200,OK,true,512313,139,4,4,3,0,0
1637865734128,23,Medium,200,OK,true,307513,139,4,4,4,0,0
1637865734151,8,Small,200,OK,true,51511,138,4,4,4,0,0
1637865734142,18,Medium,200,OK,true,307513,139,4,4,2,0,0
1637865734161,8,Small-Medium,200,OK,true,102713,139,4,4,4,0,0
1637865734167,34,Medium-Large,200,OK,true,512313,139,4,4,4,0,0
1637865734177,26,Medium,200,OK,true,307513,139,4,4,4,0,0
1637865734203,25,Medium,200,OK,true,307513,139,4,4,6,0,0
1637865734129,102,Large,200,OK,true,1048891,137,4,4,6,0,0
1637865734228,7,Small-Medium,200,OK,true,102713,139,4,4,3,0,0
1637865734231,10,Small-Medium,200,OK,true,102713,139,4,4,4,0,0
1637865734144,100,Large,200,OK,true,1048891,137,4,4,3,0,0
1637865734201,58,Large,200,OK,true,1048891,137,4,4,3,0,0
1637865734244,29,Medium,200,OK,true,307513,139,4,4,2,0,0
1637865734259,21,Medium,200,OK,true,307513,139,4,4,4,0,0
1637865734281,22,Medium,200,OK,true,307513,139,4,4,3,0,0
1637865734244,72,Large,200,OK,true,1048891,137,4,4,4,0,0
1637865734316,32,Medium,200,OK,true,307513,139,4,4,3,0,0
1637865734247,127,Large,200,OK,true,1048891,137,4,4,4,0,0
1637865734303,72,Large,200,OK,true,1048891,137,4,4,3,0,0
1637865734348,28,Medium,200,OK,true,307513,139,4,4,4,0,0
1637865734273,120,Large,200,OK,true,1048891,137,4,4,4,0,0
1637865734376,38,Medium-Large,200,OK,true,512313,139,4,4,4,0,0
1637865734414,8,Small-Medium,200,OK,true,102712,139,4,4,2,0,0
1637865734374,50,Medium-Large,200,OK,true,512313,139,4,4,3,0,0
1637865734424,7,Small,200,OK,true,51511,138,4,4,4,0,0
1637865734430,5,Small,200,OK,true,51510,138,4,4,2,0,0
1637865734376,61,Large,200,OK,true,1048891,137,4,4,3,0,0
1637865734394,43,Medium-Large,200,OK,true,512313,139,4,4,3,0,0
1637865734438,3,Small,200,OK,true,51511,138,4,4,0,0,0
1637865734442,4,Small,200,OK,true,51511,138,4,4,2,0,0
1637865734446,6,Small-Medium,200,OK,true,102712,139,4,4,2,0,0
1637865734438,44,Large,200,OK,true,1048891,137,4,4,1,0,0
1637865734462,22,Medium,200,OK,true,307512,139,4,4,3,0,0
1637865734482,9,Small-Medium,200,OK,true,102713,139,4,4,3,0,0
1637865734454,44,Medium-Large,200,OK,true,512313,139,4,4,2,0,0
1637865734498,28,Medium,200,OK,true,307513,139,4,4,6,0,0
1637865734526,9,Small-Medium,200,OK,true,102713,139,4,4,3,0,0
1637865734484,60,Large,200,OK,true,1048890,137,4,4,4,0,0
1637865734542,8,Small,200,OK,true,51511,138,4,4,4,0,0
1637865734457,95,Large,200,OK,true,1048891,137,4,4,3,0,0
1637865734498,54,Medium-Large,200,OK,true,512313,139,4,4,4,0,0
1637865734544,21,Medium,200,OK,true,307512,139,5,5,3,0,0
1637865734552,13,Small-Medium,200,OK,true,102713,139,5,5,4,0,0
1637865734553,19,Small,200,OK,true,51512,138,5,5,11,0,6
1637865734573,10,Small,200,OK,true,51511,138,5,5,5,0,0
1637865734558,27,Medium,200,OK,true,307513,139,5,5,5,0,0
1637865734585,9,Small-Medium,200,OK,true,102713,139,5,5,4,0,0
1637865734593,7,Small-Medium,200,OK,true,102713,139,5,5,3,0,0
1637865734565,36,Medium-Large,200,OK,true,512312,139,5,5,3,0,0
1637865734601,4,Small,200,OK,true,51510,138,5,5,2,0,0
1637865734607,6,Small-Medium,200,OK,true,102713,139,5,5,2,0,0
1637865734613,6,Small,200,OK,true,51511,138,5,5,3,0,0
1637865734626,14,Small-Medium,200,OK,true,102713,139,5,5,5,0,0
1637865734552,90,Large,200,OK,true,1048890,137,5,5,4,0,0
1637865734572,89,Large,200,OK,true,1048891,137,5,5,7,0,0
1637865734633,79,Large,200,OK,true,1048891,137,5,5,3,0,0
1637865734642,87,Medium-Large,200,OK,true,512312,139,5,5,4,0,0
1637865734621,111,Large,200,OK,true,1048890,137,5,5,5,0,0
1637865734712,24,Medium,200,OK,true,307513,139,5,5,5,0,0
1637865734736,9,Small,200,OK,true,51511,138,5,5,4,0,0
1637865734647,119,Large,200,OK,true,1048891,137,5,5,5,0,0
1637865734732,44,Medium-Large,200,OK,true,512277,139,5,5,5,0,0
1637865734776,19,Small,200,OK,true,51512,138,5,5,10,0,5
1637865734729,67,Medium-Large,200,OK,true,512312,139,5,5,5,0,0
1637865734661,154,Large,200,OK,true,1048891,137,5,5,5,0,0
1637865734797,28,Medium,200,OK,true,307513,139,5,5,5,0,0
1637865734756,73,Large,200,OK,true,1048891,137,5,5,4,0,0
1637865734815,16,Small-Medium,200,OK,true,102713,139,5,5,6,0,0
1637865734830,8,Small-Medium,200,OK,true,102713,139,5,5,3,0,0
1637865734850,12,Small-Medium,200,OK,true,102713,139,5,5,4,0,0
1637865734766,98,Large,200,OK,true,1048891,137,5,5,2,0,0
1637865734826,42,Medium-Large,200,OK,true,512313,139,5,5,4,0,0
1637865734868,12,Small-Medium,200,OK,true,102713,139,5,5,3,0,0
1637865734864,22,Medium,200,OK,true,307513,139,5,5,3,0,0
1637865734887,8,Small-Medium,200,OK,true,102713,139,5,5,3,0,0
1637865734888,31,Medium,200,OK,true,307513,139,5,5,4,0,0
1637865734796,123,Large,200,OK,true,1048890,137,5,5,3,0,0
1637865734919,18,Small-Medium,200,OK,true,102712,139,5,5,6,0,0
1637865734906,36,Medium,200,OK,true,307513,139,5,5,4,0,0
1637865734870,74,Large,200,OK,true,1048891,137,5,5,6,0,0
1637865734835,130,Large,200,OK,true,1048891,137,5,5,4,0,0
1637865734944,22,Medium,200,OK,true,307513,139,5,5,4,0,0
1637865734919,50,Medium-Large,200,OK,true,512313,139,5,5,3,0,0
1637865734942,36,Medium,200,OK,true,307513,139,5,5,3,0,0
1637865734967,23,Medium,200,OK,true,307513,139,5,5,4,0,0
1637865734969,30,Medium,200,OK,true,307513,139,5,5,4,0,0
1637865734990,10,Small-Medium,200,OK,true,102713,139,5,5,4,0,0
1637865734940,66,Medium-Large,200,OK,true,512312,139,5,5,4,0,0
1637865734978,43,Medium,200,OK,true,307513,139,5,5,4,0,0
1637865734966,73,Medium-Large,200,OK,true,512313,139,5,5,3,0,0
1637865735021,27,Medium,200,OK,true,307513,139,5,5,3,0,0
1637865735000,50,Medium-Large,200,OK,true,512313,139,5,5,4,0,0
1637865735048,10,Small-Medium,200,OK,true,102713,139,5,5,4,0,0
1637865735050,27,Medium,200,OK,true,307513,139,5,5,5,0,0
1637865735068,11,Small-Medium,200,OK,true,102713,139,5,5,6,0,0
1637865735021,97,Large,200,OK,true,1048891,137,5,5,5,0,0
1637865735077,48,Medium-Large,200,OK,true,512313,139,5,5,4,0,0
1637865735118,13,Small-Medium,200,OK,true,102713,139,5,5,4,0,0
1637865735006,130,Large,200,OK,true,1048890,137,5,5,3,0,0
1637865735136,17,Small-Medium,200,OK,true,102712,139,5,5,3,0,0
1637865735088,75,Large,200,OK,true,1048891,137,5,5,4,0,0
1637865735039,133,Large,200,OK,true,1048891,137,5,5,5,0,0
1637865735125,48,Medium-Large,200,OK,true,512313,139,5,5,4,0,0
1637865735164,9,Small-Medium,200,OK,true,102713,139,5,5,5,0,0
1637865735173,9,Small,200,OK,true,51511,138,5,5,4,0,0
1637865735139,48,Medium-Large,200,OK,true,512313,139,5,5,4,0,0
1637865735185,6,Small,200,OK,true,51511,138,5,5,3,0,0
1637865735187,7,Small,200,OK,true,51511,138,5,5,4,0,0
1637865735204,8,Small-Medium,200,OK,true,102713,139,5,5,3,0,0
1637865735156,57,Medium-Large,200,OK,true,512312,139,5,5,6,0,0
1637865735209,11,Small-Medium,200,OK,true,102713,139,5,5,4,0,0
1637865735213,10,Small-Medium,200,OK,true,102677,139,5,5,4,0,0
1637865735173,54,Large,200,OK,true,1048891,137,5,5,3,0,0
1637865735225,7,Small-Medium,200,OK,true,102713,139,5,5,2,0,0
1637865735227,7,Small-Medium,200,OK,true,102713,139,5,5,3,0,0
1637865735192,46,Medium-Large,200,OK,true,512313,139,5,5,5,0,0
1637865735238,5,Small,200,OK,true,51511,138,5,5,3,0,0
1637865735229,24,Medium-Large,200,OK,true,512313,139,5,5,3,0,0
1637865735247,8,Small,200,OK,true,51511,138,5,5,5,0,0
1637865735254,6,Small-Medium,200,OK,true,102713,139,5,5,3,0,0
1637865735244,17,Medium,200,OK,true,307513,139,5,5,3,0,0
1637865735258,6,Small-Medium,200,OK,true,102713,139,5,5,3,0,0
1637865735233,32,Medium,200,OK,true,307514,139,5,5,5,0,3
1637865735265,4,Small,200,OK,true,51511,138,5,5,2,0,0
1637865735273,7,Small,200,OK,true,51510,138,5,5,3,0,0
1637865735267,16,Medium,200,OK,true,307513,139,5,5,3,0,0
1637865735293,8,Small,200,OK,true,51510,138,5,5,4,0,0
1637865735287,22,Medium,200,OK,true,307513,139,5,5,4,0,0
1637865735265,61,Large,200,OK,true,1048891,137,5,5,1,0,0
1637865735278,52,Medium-Large,200,OK,true,512313,139,5,5,4,0,0
1637865735326,8,Small,200,OK,true,51511,138,5,5,4,0,0
1637865735313,29,Medium,200,OK,true,307512,139,5,5,5,0,0
1637865735342,19,Small-Medium,200,OK,true,102712,139,5,5,4,0,0
1637865735347,16,Small,200,OK,true,51511,138,5,5,13,0,0
1637865735285,79,Medium-Large,200,OK,true,512313,139,5,5,3,0,0
1637865735362,5,Small,200,OK,true,51510,138,5,5,2,0,0
1637865735367,7,Small,200,OK,true,51511,138,5,5,4,0,0
1637865735309,80,Large,200,OK,true,1048891,137,5,5,5,0,0
1637865735364,34,Medium,200,OK,true,307513,139,5,5,3,0,0
1637865735387,43,Medium-Large,200,OK,true,512313,139,5,5,4,0,0
1637865735430,8,Small,200,OK,true,51511,138,5,5,3,0,0
1637865735330,130,Large,200,OK,true,1048891,137,5,5,4,0,0
1637865735399,62,Medium-Large,200,OK,true,512313,139,5,5,4,0,0
1637865735450,11,Small,200,OK,true,51511,138,5,5,11,0,0
1637865735382,91,Large,200,OK,true,1048890,137,5,5,3,0,0
1637865735390,86,Large,200,OK,true,1048891,137,5,5,5,0,0
1637865735473,36,Medium,200,OK,true,307512,139,5,5,5,0,0
1637865735477,48,Medium-Large,200,OK,true,512313,139,5,5,5,0,0
1637865735461,77,Medium-Large,200,OK,true,512313,139,5,5,5,0,0
1637865735471,72,Large,200,OK,true,1048891,137,5,5,3,0,0
1637865735509,41,Medium,200,OK,true,307512,139,5,5,6,0,0
1637865735525,27,Medium,200,OK,true,307513,139,5,5,5,0,0
1637865735543,28,Medium,200,OK,true,307513,139,5,5,4,0,0
1637865735460,137,Large,200,OK,true,1048891,137,5,5,5,0,0
1637865735539,60,Medium-Large,200,OK,true,512313,139,5,5,4,0,0
1637865735552,49,Medium-Large,200,OK,true,512313,139,5,5,6,0,0
1637865735599,10,Small,200,OK,true,51511,138,5,5,5,0,0
1637865735601,9,Small,200,OK,true,51511,138,5,5,5,0,0
1637865735550,62,Medium-Large,200,OK,true,512312,139,5,5,5,0,0
1637865735571,72,Large,200,OK,true,1048891,137,5,5,5,0,0
1637865735612,54,Medium-Large,200,OK,true,512277,139,5,5,3,0,0
1637865735621,46,Medium-Large,200,OK,true,512313,139,5,5,4,0,0
1637865735643,24,Medium,200,OK,true,307513,139,5,5,4,0,0
1637865735668,20,Small-Medium,200,OK,true,102713,139,5,5,15,0,0
1637865735620,79,Medium-Large,200,OK,true,512313,139,5,5,4,0,0
1637865735667,34,Medium,200,OK,true,307513,139,5,5,12,0,0
1637865735667,38,Small,200,OK,true,51512,138,5,5,18,0,12
1637865735701,10,Small,200,OK,true,51511,138,5,5,5,0,0
1637865735688,38,Medium-Large,200,OK,true,512313,139,5,5,7,0,0
1637865735597,133,Large,200,OK,true,1048891,137,5,5,5,0,0
1637865735705,26,Medium,200,OK,true,307513,139,5,5,4,0,0
1637865735722,11,Small-Medium,200,OK,true,102713,139,5,5,5,0,0
1637865735699,41,Medium,200,OK,true,307513,139,5,5,5,0,0
1637865735731,27,Medium,200,OK,true,307513,139,5,5,4,0,0
1637865735730,34,Medium,200,OK,true,307513,139,5,5,3,0,0
1637865735726,39,Medium-Large,200,OK,true,512313,139,5,5,5,0,0
1637865735759,12,Small-Medium,200,OK,true,102713,139,5,5,4,0,0
1637865735766,10,Small-Medium,200,OK,true,102713,139,5,5,5,0,0
1637865735742,43,Medium-Large,200,OK,true,512313,139,5,5,5,0,0
1637865735778,44,Medium-Large,200,OK,true,512313,139,5,5,3,0,0
1637865735764,65,Medium-Large,200,OK,true,512313,139,5,5,4,0,0
1637865735786,48,Medium-Large,200,OK,true,512313,139,5,5,12,0,0
1637865735785,57,Medium-Large,200,OK,true,512313,139,5,5,4,0,0
1637865735829,17,Small-Medium,200,OK,true,102713,139,5,5,6,0,0
1637865735822,26,Medium,200,OK,true,307513,139,5,5,3,0,0
1637865735740,129,Large,200,OK,true,1048891,137,5,5,5,0,0
1637865735834,45,Medium-Large,200,OK,true,512313,139,5,5,5,0,0
1637865735869,18,Small-Medium,200,OK,true,102713,139,5,5,6,0,0
1637865735842,47,Medium-Large,200,OK,true,512313,139,5,5,5,0,0
1637865735879,38,Medium-Large,200,OK,true,512313,139,5,5,4,0,0
1637865735848,109,Large,200,OK,true,1048891,137,5,5,4,0,0
1637865735957,13,Small-Medium,200,OK,true,102713,139,5,5,4,0,0
1637865735889,89,Large,200,OK,true,1048891,137,5,5,3,0,0
1637865735850,131,Large,200,OK,true,1048891,137,5,5,6,0,0
1637865735917,77,Large,200,OK,true,1048891,137,5,5,5,0,0
1637865735994,34,Medium,200,OK,true,307513,139,5,5,14,0,0
1637865735981,55,Medium,200,OK,true,307513,139,5,5,5,0,0
1637865735890,159,Large,200,OK,true,1048891,137,5,5,5,0,0
1637865736028,26,Medium,200,OK,true,307513,139,5,5,5,0,0
1637865736049,19,Small-Medium,200,OK,true,102713,139,5,5,5,0,0
1637865736069,7,Small,200,OK,true,51511,138,5,5,3,0,0
1637865735978,102,Large,200,OK,true,1048891,137,5,5,5,0,0
1637865736054,27,Medium,200,OK,true,307513,139,5,5,4,0,0
1637865735977,108,Large,200,OK,true,1048891,137,5,5,4,0,0
1637865736080,7,Small-Medium,200,OK,true,102713,139,5,5,3,0,0
1637865736081,9,Small-Medium,200,OK,true,102713,139,5,5,4,0,0
1637865736036,63,Medium-Large,200,OK,true,512313,139,5,5,5,0,0
1637865736089,36,Medium,200,OK,true,307513,139,5,5,3,0,0
1637865736099,28,Medium,200,OK,true,307513,139,5,5,4,0,0
1637865736101,27,Medium,200,OK,true,307513,139,5,5,5,0,0
1637865736099,32,Medium,200,OK,true,307513,139,5,5,3,0,0
1637865736127,31,Medium,200,OK,true,307513,139,5,5,3,0,0
1637865736128,48,Medium-Large,200,OK,true,512313,139,5,5,10,0,0
1637865736085,92,Large,200,OK,true,1048891,137,5,5,3,0,0
1637865736177,8,Small,200,OK,true,51511,138,5,5,3,0,0
1637865736178,25,Medium,200,OK,true,307513,139,5,5,4,0,0
1637865736159,46,Medium-Large,200,OK,true,512313,139,5,5,4,0,0
1637865736197,41,Medium-Large,200,OK,true,512313,139,5,5,4,0,0
1637865736205,34,Medium,200,OK,true,307513,139,5,5,5,0,0
1637865736239,9,Small-Medium,200,OK,true,102713,139,5,5,2,0,0
1637865736239,10,Small,200,OK,true,51511,138,5,5,5,0,0
1637865736203,49,Medium-Large,200,OK,true,512313,139,5,5,4,0,0
1637865736132,123,Large,200,OK,true,1048891,137,5,5,5,0,0
1637865736125,134,Large,200,OK,true,1048891,137,5,5,3,0,0
1637865736255,8,Small-Medium,200,OK,true,102713,139,5,5,3,0,0
1637865736260,10,Small,200,OK,true,51511,138,5,5,6,0,0
1637865736253,22,Medium,200,OK,true,307513,139,5,5,3,0,0
1637865736259,37,Medium-Large,200,OK,true,512313,139,5,5,6,0,0
1637865736259,38,Medium,200,OK,true,307513,139,5,5,4,0,0
1637865736280,26,Medium,200,OK,true,307513,139,5,5,5,0,0
1637865736296,11,Small,200,OK,true,51511,138,5,5,7,0,0
1637865736275,43,Medium-Large,200,OK,true,512313,139,5,5,3,0,0
1637865736316,8,Small,200,OK,true,51511,138,5,5,3,0,0
1637865736318,8,Small,200,OK,true,51511,138,5,5,5,0,0
1637865736297,54,Medium-Large,200,OK,true,512313,139,5,5,3,0,0
1637865736351,28,Small-Medium,200,OK,true,102713,139,5,5,4,0,0
1637865736336,53,Medium-Large,200,OK,true,512313,139,5,5,3,0,0
1637865736306,88,Large,200,OK,true,1048891,137,5,5,3,0,0
1637865736389,8,Small,200,OK,true,51511,138,5,5,4,0,0
1637865736394,8,Small-Medium,200,OK,true,102713,139,5,5,4,0,0
1637865736340,63,Medium-Large,200,OK,true,512313,139,5,5,4,0,0
1637865736275,129,Large,200,OK,true,1048891,137,5,5,5,0,0
1637865736403,6,Small-Medium,200,OK,true,102713,139,5,5,2,0,0
1637865736404,6,Small,200,OK,true,51511,138,5,5,3,0,0
1637865736410,4,Small,200,OK,true,51511,138,5,5,2,0,0
1637865736379,36,Medium-Large,200,OK,true,512313,139,5,5,3,0,0
1637865736415,1,Small,200,OK,true,51511,138,5,5,1,0,0
1637865736415,3,Small,200,OK,true,51511,138,5,5,2,0,0
1637865736423,13,Medium,200,OK,true,307513,139,5,5,1,0,0
1637865736430,22,Medium,200,OK,true,307513,139,5,5,3,0,0
1637865736443,10,Small,200,OK,true,51511,138,5,5,5,0,0
1637865736463,9,Small,200,OK,true,51511,138,5,5,4,0,0
1637865736452,21,Medium,200,OK,true,307513,139,5,5,3,0,0
1637865736474,10,Small-Medium,200,OK,true,102713,139,5,5,5,0,0
1637865736435,54,Medium-Large,200,OK,true,512313,139,5,5,3,0,0
1637865736483,11,Small-Medium,200,OK,true,102713,139,5,5,4,0,0
1637865736494,28,Medium,200,OK,true,307513,139,5,5,3,0,0
1637865736435,88,Large,200,OK,true,1048891,137,5,5,5,0,0
1637865736426,109,Large,200,OK,true,1048891,137,5,5,2,0,0
1637865736504,53,Medium-Large,200,OK,true,512313,139,5,5,5,0,0
1637865736489,71,Medium-Large,200,OK,true,512313,139,5,5,3,0,0
1637865736523,40,Medium-Large,200,OK,true,512313,139,5,5,3,0,0
1637865736563,11,Small-Medium,200,OK,true,102713,139,5,5,5,0,0
1637865736557,27,Medium,200,OK,true,307513,139,5,5,4,0,0
1637865736535,61,Medium-Large,200,OK,true,512313,139,5,5,5,0,0
1637865736596,14,Small-Medium,200,OK,true,102713,139,5,5,4,0,0
1637865736560,58,Medium-Large,200,OK,true,512313,139,5,5,5,0,0
1637865736523,97,Large,200,OK,true,1048891,137,5,5,5,0,0
1637865736585,43,Medium-Large,200,OK,true,512313,139,5,5,5,0,0
1637865736618,13,Small-Medium,200,OK,true,102713,139,5,5,4,0,0
1637865736585,49,Medium-Large,200,OK,true,512313,139,5,5,2,0,0
1637865736629,8,Small,200,OK,true,51511,138,5,5,5,0,0
1637865736634,7,Small,200,OK,true,51511,138,5,5,4,0,0
1637865736639,10,Small-Medium,200,OK,true,102713,139,5,5,3,0,0
1637865736616,34,Medium,200,OK,true,307513,139,5,5,5,0,0
1637865736650,9,Small-Medium,200,OK,true,102713,139,5,5,4,0,0
1637865736655,8,Small,200,OK,true,51511,138,5,5,4,0,0
1637865736669,9,Small,200,OK,true,51511,138,5,5,7,0,0
1637865736621,60,Large,200,OK,true,1048891,137,5,5,4,0,0
1637865736681,6,Small,200,OK,true,51511,138,5,5,2,0,0
1637865736658,32,Medium,200,OK,true,307513,139,5,5,4,0,0
1637865736675,19,Medium,200,OK,true,307513,139,5,5,4,0,0
1637865736650,47,Medium-Large,200,OK,true,512313,139,5,5,2,0,0
1637865736701,9,Small,200,OK,true,51511,138,5,5,4,0,0
1637865736689,35,Medium-Large,200,OK,true,512313,139,5,5,3,0,0
1637865736690,37,Medium,200,OK,true,307513,139,5,5,5,0,0
1637865736725,8,Small,200,OK,true,51511,138,5,5,3,0,0
1637865736694,42,Medium-Large,200,OK,true,512313,139,5,5,3,0,0
1637865736727,12,Small-Medium,200,OK,true,102713,139,5,5,4,0,0
1637865736745,18,Small,200,OK,true,51511,138,5,5,4,0,0
1637865736748,59,Medium,200,OK,true,307513,139,5,5,15,0,0
1637865736766,43,Medium-Large,200,OK,true,512313,139,5,5,6,0,0
1637865736721,89,Large,200,OK,true,1048891,137,5,5,4,0,0
1637865736807,9,Small,200,OK,true,51511,138,5,5,5,0,0
1637865736809,7,Small,200,OK,true,51511,138,5,5,4,0,0
1637865736810,10,Small-Medium,200,OK,true,102713,139,5,5,5,0,0
1637865736697,129,Large,200,OK,true,1048891,137,5,5,4,0,0
1637865736736,92,Large,200,OK,true,1048891,137,5,5,4,0,0
1637865736831,16,Small-Medium,200,OK,true,102713,139,5,5,6,0,0
1637865736828,27,Medium,200,OK,true,307513,139,5,5,3,0,0
1637865736856,8,Small,200,OK,true,51511,138,5,5,3,0,0
1637865736829,40,Medium-Large,200,OK,true,512313,139,5,5,4,0,0
1637865736827,51,Medium-Large,200,OK,true,512313,139,5,5,1,0,0
1637865736851,29,Medium,200,OK,true,307513,139,5,5,5,0,0
1637865736878,15,Small,200,OK,true,51511,138,5,5,5,0,0
1637865736880,26,Medium,200,OK,true,307513,139,5,5,4,0,0
1637865736870,41,Medium-Large,200,OK,true,512313,139,5,5,4,0,0
1637865736906,7,Small,200,OK,true,51511,138,5,5,5,0,0
1637865736911,24,Medium,200,OK,true,307513,139,5,5,5,0,0
1637865736828,132,Large,200,OK,true,1048891,137,5,5,2,0,0
1637865736876,89,Large,200,OK,true,1048891,137,5,5,4,0,0
1637865736960,11,Small,200,OK,true,51511,138,5,5,6,0,0
1637865736926,59,Medium-Large,200,OK,true,512313,139,5,5,5,0,0
1637865736980,12,Small,200,OK,true,51511,138,5,5,5,0,0
1637865736935,75,Large,200,OK,true,1048891,137,5,5,3,0,0
1637865736965,50,Medium-Large,200,OK,true,512313,139,5,5,5,0,0
1637865736898,125,Large,200,OK,true,1048891,137,5,5,5,0,0
1637865737015,10,Small,200,OK,true,51511,138,5,5,6,0,0
1637865737023,9,Small,200,OK,true,51511,138,5,5,6,0,0
1637865736985,47,Medium-Large,200,OK,true,512313,139,5,5,4,0,0
1637865737011,21,Medium,200,OK,true,307513,139,5,5,4,0,0
1637865737001,33,Medium,200,OK,true,307513,139,5,5,4,0,0
1637865737033,9,Small,200,OK,true,51511,138,5,5,6,0,0
1637865737034,9,Small,200,OK,true,51511,138,5,5,6,0,0
1637865737032,12,Medium,200,OK,true,307513,139,5,5,3,0,0
1637865737036,8,Small,200,OK,true,51511,138,5,5,5,0,0
1637865737044,8,Medium,200,OK,true,307513,139,5,5,1,0,0
1637865737052,5,Small,200,OK,true,51511,138,5,5,2,0,0
1637865737054,12,Small-Medium,200,OK,true,102713,139,5,5,4,0,0
1637865737052,15,Medium,200,OK,true,307513,139,5,5,1,0,0
1637865737072,33,Medium,200,OK,true,307513,139,5,5,4,0,0
1637865737072,46,Medium-Large,200,OK,true,512313,139,5,5,6,0,0
1637865737074,60,Medium,200,OK,true,307513,139,5,5,5,0,0
1637865737106,31,Medium,200,OK,true,307513,139,5,5,8,0,0
1637865737137,8,Small,200,OK,true,51511,138,5,5,3,0,0
1637865737118,31,Medium,200,OK,true,307513,139,5,5,5,0,0
1637865737056,102,Large,200,OK,true,1048891,137,5,5,4,0,0
1637865737064,128,Large,200,OK,true,1048891,137,5,5,4,0,0
1637865737192,10,Small,200,OK,true,51510,138,5,5,4,0,0
1637865737134,72,Medium-Large,200,OK,true,512313,139,5,5,4,0,0
1637865737207,11,Small,200,OK,true,51511,138,5,5,4,0,0
1637865737157,78,Large,200,OK,true,1048891,137,5,5,4,0,0
1637865737149,88,Large,200,OK,true,1048891,137,5,5,2,0,0
1637865737235,11,Small-Medium,200,OK,true,102713,139,5,5,4,0,0
1637865737158,94,Large,200,OK,true,1048891,137,5,5,5,0,0
1637865737255,25,Medium,200,OK,true,307513,139,5,5,5,0,0
1637865737218,68,Medium-Large,200,OK,true,512312,139,5,5,5,0,0
1637865737253,35,Medium,200,OK,true,307513,139,5,5,3,0,0
1637865737280,9,Small,200,OK,true,51511,138,5,5,4,0,0
1637865737288,9,Small,200,OK,true,51511,138,5,5,4,0,0
1637865737300,10,Small-Medium,200,OK,true,102713,139,5,5,6,0,0
1637865737237,75,Large,200,OK,true,1048891,137,5,5,6,0,0
1637865737308,6,Small,200,OK,true,51511,138,5,5,4,0,0
1637865737312,6,Small,200,OK,true,51511,138,5,5,3,0,0
1637865737321,7,Small,200,OK,true,51511,138,5,5,3,0,0
1637865737228,105,Large,200,OK,true,1048891,137,5,5,5,0,0
1637865737334,8,Small,200,OK,true,51511,138,5,5,3,0,0
1637865737341,9,Small-Medium,200,OK,true,102713,139,5,5,4,0,0
1637865737329,23,Medium,200,OK,true,307513,139,5,5,2,0,0
1637865737354,9,Small,200,OK,true,51511,138,5,5,5,0,0
1637865737286,91,Large,200,OK,true,1048890,137,5,5,4,0,0
1637865737379,10,Small,200,OK,true,51510,138,5,5,5,0,0
1637865737374,18,Small-Medium,200,OK,true,102713,139,5,5,4,0,0
1637865737334,96,Large,200,OK,true,1048891,137,5,5,4,0,0
1637865737361,83,Large,200,OK,true,1048891,137,5,5,4,0,0
1637865737430,14,Small-Medium,200,OK,true,102713,139,5,5,6,0,0
1637865737352,94,Large,200,OK,true,1048891,137,5,5,2,0,0
1637865737446,9,Small-Medium,200,OK,true,102713,139,5,5,3,0,0
1637865737444,19,Medium,200,OK,true,307513,139,5,5,2,0,0
1637865737394,76,Medium-Large,200,OK,true,512313,139,5,5,4,0,0
1637865737399,75,Medium-Large,200,OK,true,512312,139,5,5,5,0,0
1637865737466,10,Small,200,OK,true,51511,138,5,5,5,0,0
1637865737452,41,Medium-Large,200,OK,true,512313,139,5,5,4,0,0
1637865737470,42,Medium,200,OK,true,307513,139,5,5,4,0,0
1637865737493,33,Medium,200,OK,true,307513,139,5,5,7,0,0
1637865737512,17,Small-Medium,200,OK,true,102713,139,5,5,5,0,0
1637865737474,62,Medium-Large,200,OK,true,512312,139,5,5,4,0,0
1637865737464,78,Large,200,OK,true,1048890,137,5,5,3,0,0
1637865737536,7,Small,200,OK,true,51510,138,5,5,6,0,0
1637865737526,21,Medium,200,OK,true,307513,139,5,5,4,0,0
1637865737486,97,Large,200,OK,true,1048891,137,5,5,4,0,0
1637865737583,10,Small,200,OK,true,51511,138,5,5,5,0,0
1637865737542,82,Large,200,OK,true,1048890,137,5,5,6,0,0
1637865737625,9,Small-Medium,200,OK,true,102712,139,5,5,3,0,0
1637865737603,32,Medium,200,OK,true,307513,139,5,5,4,0,0
1637865737635,7,Small,200,OK,true,51511,138,5,5,3,0,0
1637865737547,97,Large,200,OK,true,1048891,137,5,5,4,0,0
1637865737533,112,Large,200,OK,true,1048891,137,5,5,9,0,0
1637865737556,121,Large,200,OK,true,1048890,137,5,5,5,0,0
1637865737677,10,Small,200,OK,true,51510,138,5,5,5,0,0
1637865737645,66,Medium-Large,200,OK,true,512313,139,5,5,4,0,0
1637865737645,78,Large,200,OK,true,1048890,137,5,5,3,0,0
1637865737723,10,Small-Medium,200,OK,true,102712,139,5,5,5,0,0
1637865737644,98,Large,200,OK,true,1048891,137,5,5,3,0,0
1637865737656,102,Large,200,OK,true,1048891,137,5,5,4,0,0
1637865737742,18,Small,200,OK,true,51511,138,5,5,3,0,0
1637865737744,20,Small-Medium,200,OK,true,102712,139,5,5,15,0,0
1637865737758,14,Small-Medium,200,OK,true,102713,139,5,5,4,0,0
1637865737762,14,Small-Medium,200,OK,true,102713,139,5,5,3,0,0
1637865737711,68,Medium-Large,200,OK,true,512313,139,5,5,4,0,0
1637865737765,21,Medium,200,OK,true,307512,139,5,5,5,0,0
1637865737698,131,Large,200,OK,true,1048855,137,5,5,5,0,0
1637865737780,53,Medium-Large,200,OK,true,512313,139,5,5,4,0,0
1637865737783,57,Medium-Large,200,OK,true,512313,139,5,5,4,0,0
1637865737834,7,Small,200,OK,true,51511,138,5,5,3,0,0
1637865737840,9,Small-Medium,200,OK,true,102713,139,5,5,4,0,0
1637865737786,78,Large,200,OK,true,1048890,137,5,5,4,0,0
1637865737864,10,Small,200,OK,true,51510,138,5,5,5,0,0
1637865737860,27,Medium,200,OK,true,307513,139,5,5,5,0,0
1637865737854,35,Medium,200,OK,true,307513,139,5,5,4,0,0
1637865737886,5,Small,200,OK,true,51475,138,5,5,4,0,0
1637865737779,113,Large,200,OK,true,1048891,137,5,5,2,0,0
1637865737889,13,Small-Medium,200,OK,true,102713,139,5,5,5,0,0
1637865737829,83,Large,200,OK,true,1048892,137,5,5,9,0,5
1637865737909,6,Small,200,OK,true,51511,138,5,5,3,0,0
1637865737929,8,Small,200,OK,true,51511,138,5,5,3,0,0
1637865737950,8,Small,200,OK,true,51511,138,5,5,4,0,0
1637865737887,72,Large,200,OK,true,1048891,137,5,5,5,0,0
1637865737912,70,Large,200,OK,true,1048891,137,5,5,4,0,0
1637865737904,87,Medium-Large,200,OK,true,512314,139,5,5,7,0,3
1637865737983,9,Small-Medium,200,OK,true,102713,139,5,5,4,0,0
1637865737892,117,Large,200,OK,true,1048891,137,5,5,5,0,0
1637865737969,42,Medium-Large,200,OK,true,512313,139,5,5,5,0,0
1637865738002,13,Small-Medium,200,OK,true,102713,139,5,5,5,0,0
1637865737959,72,Large,200,OK,true,1048891,137,5,5,3,0,0
1637865738022,10,Small,200,OK,true,51511,138,5,5,5,0,0
1637865738031,25,Medium,200,OK,true,307513,139,5,5,3,0,0
1637865738056,10,Small,200,OK,true,51511,138,5,5,5,0,0
1637865738042,27,Medium,200,OK,true,307513,139,5,5,5,0,0
1637865738077,10,Small,200,OK,true,51511,138,5,5,5,0,0
1637865738011,81,Large,200,OK,true,1048891,137,5,5,4,0,0
1637865738069,51,Medium-Large,200,OK,true,512313,139,5,5,3,0,0
1637865737991,154,Large,200,OK,true,1048891,137,5,5,5,0,0
1637865738009,136,Large,200,OK,true,1048891,137,5,5,4,0,0
1637865738097,49,Medium-Large,200,OK,true,512313,139,5,5,4,0,0
1637865738120,27,Medium,200,OK,true,307513,139,5,5,5,0,0
1637865738093,56,Medium-Large,200,OK,true,512313,139,5,5,3,0,0
1637865738146,20,Small-Medium,200,OK,true,102713,139,5,5,11,0,0
1637865738145,32,Medium,200,OK,true,307513,139,5,5,3,0,0
1637865738150,29,Medium,200,OK,true,307513,139,5,5,2,0,0
1637865738148,46,Medium-Large,200,OK,true,512313,139,5,5,6,0,0
1637865738194,9,Small-Medium,200,OK,true,102713,139,5,5,4,0,0
1637865738145,62,Medium-Large,200,OK,true,512313,139,5,5,4,0,0
1637865738177,36,Medium,200,OK,true,307513,139,5,5,4,0,0
1637865738166,47,Medium-Large,200,OK,true,512313,139,5,5,4,0,0
1637865738208,9,Small-Medium,200,OK,true,102713,139,5,5,2,0,0
1637865738213,32,Medium,200,OK,true,307513,139,5,5,7,0,0
1637865738228,17,Small-Medium,200,OK,true,102713,139,5,5,3,0,0
1637865738214,41,Medium-Large,200,OK,true,512313,139,5,5,3,0,0
1637865738179,85,Large,200,OK,true,1048891,137,5,5,4,0,0
1637865738255,9,Small,200,OK,true,51511,138,5,5,5,0,0
1637865738264,7,Small,200,OK,true,51511,138,5,5,3,0,0
1637865738248,32,Medium,200,OK,true,307513,139,5,5,5,0,0
1637865738280,35,Medium,200,OK,true,307513,139,5,5,4,0,0
1637865738285,47,Medium-Large,200,OK,true,512313,139,5,5,5,0,0
1637865738245,89,Large,200,OK,true,1048891,137,5,5,5,0,0
1637865738332,6,Small,200,OK,true,51511,138,5,5,3,0,0
1637865738213,128,Large,200,OK,true,1048891,137,5,5,3,0,0
1637865738276,86,Large,200,OK,true,1048891,137,5,5,3,0,0
1637865738334,45,Medium-Large,200,OK,true,512313,139,5,5,4,0,0
1637865738315,65,Medium-Large,200,OK,true,512313,139,5,5,4,0,0
1637865738341,58,Medium-Large,200,OK,true,512313,139,5,5,4,0,0
1637865738352,51,Medium-Large,200,OK,true,512313,139,5,5,6,0,0
1637865738379,29,Medium,200,OK,true,307513,139,5,5,4,0,0
1637865738403,8,Small,200,OK,true,51511,138,5,5,4,0,0
1637865738399,15,Small-Medium,200,OK,true,102713,139,5,5,7,0,0
1637865738380,35,Medium,200,OK,true,307513,139,5,5,5,0,0
1637865738408,9,Small,200,OK,true,51511,138,5,5,7,0,0
1637865738424,9,Small-Medium,200,OK,true,102713,139,5,5,3,0,0
1637865738362,79,Large,200,OK,true,1048891,137,5,5,4,0,0
1637865738442,16,Small,200,OK,true,51511,138,5,5,3,0,0
1637865738428,30,Medium,200,OK,true,307513,139,5,5,4,0,0
1637865738445,16,Small,200,OK,true,51511,138,5,5,13,0,0
1637865738459,47,Medium-Large,200,OK,true,512313,139,5,5,3,0,0
1637865738464,50,Medium-Large,200,OK,true,512313,139,5,5,5,0,0
1637865738462,54,Medium-Large,200,OK,true,512313,139,5,5,5,0,0
1637865738415,119,Large,200,OK,true,1048891,137,5,5,3,0,0
1637865738514,27,Medium,200,OK,true,307513,139,5,5,4,0,0
1637865738534,10,Small,200,OK,true,51511,138,5,5,5,0,0
1637865738419,128,Large,200,OK,true,1048891,137,5,5,3,0,0
1637865738541,8,Small,200,OK,true,51511,138,5,5,5,0,0
1637865738506,45,Medium-Large,200,OK,true,512313,139,5,5,5,0,0
1637865738548,8,Small-Medium,200,OK,true,102713,139,5,5,3,0,0
1637865738516,44,Medium-Large,200,OK,true,512313,139,5,5,5,0,0
1637865738560,8,Small,200,OK,true,51511,138,5,5,5,0,0
1637865738568,13,Small-Medium,200,OK,true,102713,139,5,5,10,0,0
1637865738551,33,Medium-Large,200,OK,true,512313,139,5,5,3,0,0
1637865738584,15,Small-Medium,200,OK,true,102712,139,5,5,5,0,0
1637865738554,46,Medium-Large,200,OK,true,512313,139,5,5,4,0,0
1637865738588,14,Small-Medium,200,OK,true,102713,139,5,5,6,0,0
1637865738609,22,Small-Medium,200,OK,true,102713,139,5,5,5,0,0
1637865738600,35,Medium,200,OK,true,307513,139,5,5,3,0,0
1637865738631,18,Small-Medium,200,OK,true,102713,139,5,5,5,0,0
1637865738561,88,Large,200,OK,true,1048891,137,5,5,9,0,0
1637865738606,49,Medium-Large,200,OK,true,512312,139,5,5,4,0,0
1637865738580,80,Large,200,OK,true,1048891,137,5,5,4,0,0
1637865738655,8,Small,200,OK,true,51510,138,5,5,4,0,0
1637865738649,24,Medium,200,OK,true,307513,139,5,5,4,0,0
1637865738635,38,Medium,200,OK,true,307513,139,5,5,6,0,0
1637865738674,8,Small-Medium,200,OK,true,102713,139,5,5,2,0,0
1637865738652,37,Medium,200,OK,true,307513,139,5,5,5,0,0
1637865738660,35,Medium-Large,200,OK,true,512313,139,5,5,4,0,0
1637865738695,32,Medium,200,OK,true,307513,139,5,5,5,0,0
1637865738690,38,Medium,200,OK,true,307513,139,5,5,4,0,0
1637865738674,62,Medium-Large,200,OK,true,512313,139,5,5,5,0,0
1637865738728,13,Small-Medium,200,OK,true,102713,139,5,5,4,0,0
1637865738737,16,Small-Medium,200,OK,true,102713,139,5,5,5,0,0
1637865738727,29,Medium,200,OK,true,307513,139,5,5,3,0,0
1637865738675,87,Large,200,OK,true,1048890,137,5,5,4,0,0
1637865738757,14,Small-Medium,200,OK,true,102713,139,5,5,4,0,0
1637865738694,106,Large,200,OK,true,1048891,137,5,5,5,0,0
1637865738762,51,Medium-Large,200,OK,true,512312,139,5,5,5,0,0
1637865738748,67,Medium-Large,200,OK,true,512313,139,5,5,5,0,0
1637865738757,59,Medium-Large,200,OK,true,512313,139,5,5,5,0,0
1637865738777,46,Medium,200,OK,true,307513,139,5,5,14,0,0
1637865738813,25,Medium,200,OK,true,307512,139,5,5,3,0,0
1637865738823,17,Small-Medium,200,OK,true,102713,139,5,5,5,0,0
1637865738816,62,Medium-Large,200,OK,true,512313,139,5,5,9,0,0
1637865738800,95,Large,200,OK,true,1048891,137,5,5,5,0,0
1637865738895,9,Small,200,OK,true,51511,138,5,5,5,0,0
1637865738843,64,Medium-Large,200,OK,true,512313,139,5,5,4,0,0
1637865738878,40,Medium-Large,200,OK,true,512313,139,5,5,5,0,0
1637865738838,93,Large,200,OK,true,1048890,137,5,5,5,0,0
1637865738932,8,Small,200,OK,true,51510,138,5,5,3,0,0
1637865738815,127,Large,200,OK,true,1048891,137,5,5,4,0,0
1637865738908,39,Medium,200,OK,true,307513,139,5,5,3,0,0
1637865738918,29,Medium,200,OK,true,307513,139,5,5,5,0,0
1637865738942,7,Small,200,OK,true,51511,138,5,5,4,0,0
1637865738915,37,Medium-Large,200,OK,true,512313,139,5,5,3,0,0
1637865738947,21,Medium,200,OK,true,307513,139,5,5,4,0,0
1637865738947,36,Medium,200,OK,true,307513,139,5,5,2,0,0
1637865738983,17,Small-Medium,200,OK,true,102713,139,5,5,5,0,0
1637865739004,18,Small-Medium,200,OK,true,102713,139,5,5,4,0,0
1637865738963,63,Medium-Large,200,OK,true,512313,139,5,5,4,0,0
1637865738951,84,Large,200,OK,true,1048890,137,5,5,4,0,0
1637865738952,98,Large,200,OK,true,1048891,137,5,5,6,0,0
1637865739026,41,Medium,200,OK,true,307513,139,5,5,5,0,0
1637865738969,101,Large,200,OK,true,1048891,137,5,5,5,0,0
1637865739035,50,Medium-Large,200,OK,true,512277,139,5,5,5,0,0
1637865739070,35,Medium,200,OK,true,307513,139,5,5,5,0,0
1637865739050,95,Large,200,OK,true,1048891,137,5,5,4,0,0
1637865739024,132,Large,200,OK,true,1048891,137,5,5,5,0,0
1637865739156,18,Small-Medium,200,OK,true,102713,139,5,5,5,0,0
1637865739146,46,Medium-Large,200,OK,true,512313,139,5,5,4,0,0
1637865739105,88,Large,200,OK,true,1048891,137,5,5,9,0,0
1637865739193,10,Small,200,OK,true,51511,138,5,5,5,0,0
1637865739067,138,Large,200,OK,true,1048891,137,5,5,5,0,0
1637865739213,10,Small,200,OK,true,51511,138,5,5,5,0,0
1637865739086,142,Large,200,OK,true,1048892,137,5,5,19,0,15
1637865739193,39,Medium-Large,200,OK,true,512313,139,5,5,3,0,0
1637865739232,9,Small-Medium,200,OK,true,102713,139,5,5,3,0,0
1637865739233,10,Small,200,OK,true,51511,138,5,5,6,0,0
1637865739228,23,Medium,200,OK,true,307513,139,5,5,4,0,0
1637865739205,50,Medium-Large,200,OK,true,512313,139,5,5,2,0,0
1637865739178,105,Large,200,OK,true,1048891,137,5,5,4,0,0
1637865739283,18,Small-Medium,200,OK,true,102713,139,5,5,4,0,0
1637865739251,54,Medium-Large,200,OK,true,512313,139,5,5,2,0,0
1637865739255,61,Medium-Large,200,OK,true,512313,139,5,5,5,0,0
1637865739316,9,Small,200,OK,true,51511,138,5,5,5,0,0
1637865739253,85,Large,200,OK,true,1048891,137,5,5,5,0,0
1637865739304,34,Medium,200,OK,true,307513,139,5,5,4,0,0
1637865739252,87,Large,200,OK,true,1048891,137,5,5,4,0,0
1637865739338,11,Small,200,OK,true,51511,138,5,5,5,0,0
1637865739305,46,Medium-Large,200,OK,true,512313,139,5,5,4,0,0
1637865739351,8,Small,200,OK,true,51511,138,5,5,4,0,0
1637865739339,31,Medium-Large,200,OK,true,512313,139,5,5,2,0,0
1637865739338,35,Medium,200,OK,true,307513,139,5,5,7,0,0
1637865739371,7,Small-Medium,200,OK,true,102713,139,5,5,2,0,0
1637865739371,8,Small,200,OK,true,51511,138,5,5,4,0,0
1637865739336,48,Medium-Large,200,OK,true,512313,139,5,5,4,0,0
1637865739385,4,Small,200,OK,true,51511,138,5,5,2,0,0
1637865739391,11,Small-Medium,200,OK,true,102713,139,5,5,5,0,0
1637865739373,40,Medium-Large,200,OK,true,512313,139,5,5,3,0,0
1637865739405,14,Small-Medium,200,OK,true,102713,139,5,5,5,0,0
1637865739413,13,Small-Medium,200,OK,true,102713,139,5,5,5,0,0
1637865739425,21,Small,200,OK,true,51511,138,5,5,5,0,0
1637865739358,90,Large,200,OK,true,1048891,137,5,5,10,0,0
1637865739446,7,Small,200,OK,true,51511,138,5,5,3,0,0
1637865739446,15,Small,200,OK,true,51511,138,5,5,4,0,0
1637865739391,102,Large,200,OK,true,1048891,137,5,5,3,0,0
1637865739411,84,Large,200,OK,true,1048891,137,5,5,5,0,0
1637865739454,42,Medium,200,OK,true,307513,139,5,5,5,0,0
1637865739449,49,Medium-Large,200,OK,true,512313,139,5,5,5,0,0
1637865739466,45,Medium,200,OK,true,307513,139,5,5,4,0,0
1637865739511,10,Small,200,OK,true,51511,138,5,5,4,0,0
1637865739498,39,Medium-Large,200,OK,true,512313,139,5,5,7,0,0
1637865739495,44,Medium-Large,200,OK,true,512313,139,5,5,3,0,0
1637865739539,14,Small-Medium,200,OK,true,102713,139,5,5,5,0,0
1637865739538,25,Medium,200,OK,true,307513,139,5,5,3,0,0
1637865739563,9,Small,200,OK,true,51510,138,5,5,3,0,0
1637865739531,41,Medium,200,OK,true,307513,139,5,5,6,0,0
1637865739572,6,Small,200,OK,true,51511,138,5,5,3,0,0
1637865739494,89,Large,200,OK,true,1048891,137,5,5,2,0,0
1637865739563,23,Medium,200,OK,true,307513,139,5,5,4,0,0
1637865739583,11,Small-Medium,200,OK,true,102712,139,5,5,4,0,0
1637865739496,113,Large,200,OK,true,1048891,137,5,5,7,0,0
1637865739587,38,Medium-Large,200,OK,true,512313,139,5,5,4,0,0
1637865739593,36,Medium,200,OK,true,307513,139,5,5,5,0,0
1637865739603,30,Medium,200,OK,true,307512,139,5,5,5,0,0
1637865739625,10,Small-Medium,200,OK,true,102713,139,5,5,5,0,0
1637865739609,36,Medium,200,OK,true,307513,139,5,5,5,0,0
1637865739629,36,Medium,200,OK,true,307513,139,5,5,5,0,0
1637865739646,32,Medium,200,OK,true,307513,139,5,5,6,0,0
1637865739583,100,Large,200,OK,true,1048891,137,5,5,2,0,0
1637865739645,60,Medium-Large,200,OK,true,512313,139,5,5,4,0,0
1637865739679,29,Medium,200,OK,true,307513,139,5,5,4,0,0
1637865739708,10,Small-Medium,200,OK,true,102713,139,5,5,4,0,0
1637865739705,14,Small-Medium,200,OK,true,102713,139,5,5,4,0,0
1637865739633,89,Large,200,OK,true,1048890,137,5,5,3,0,0
1637865739684,46,Medium-Large,200,OK,true,512313,139,5,5,4,0,0
1637865739730,11,Small-Medium,200,OK,true,102713,139,5,5,6,0,0
1637865739725,18,Small-Medium,200,OK,true,102713,139,5,5,5,0,0
1637865739729,25,Medium,200,OK,true,307513,139,5,5,4,0,0
1637865739722,40,Medium-Large,200,OK,true,512312,139,5,5,5,0,0
1637865739751,25,Small-Medium,200,OK,true,102713,139,5,5,4,0,0
1637865739763,15,Small,200,OK,true,51510,138,5,5,12,0,0
1637865739665,120,Large,200,OK,true,1048891,137,5,5,5,0,0
1637865739785,9,Small,200,OK,true,51511,138,5,5,5,0,0
1637865739754,47,Medium-Large,200,OK,true,512313,139,5,5,4,0,0
1637865739745,64,Medium-Large,200,OK,true,512312,139,5,5,3,0,0
1637865739776,37,Medium-Large,200,OK,true,512313,139,5,5,2,0,0
1637865739806,15,Small-Medium,200,OK,true,102713,139,5,5,5,0,0
1637865739809,42,Medium,200,OK,true,307512,139,5,5,4,0,0
1637865739852,16,Small-Medium,200,OK,true,102712,139,5,5,4,0,0
1637865739783,92,Large,200,OK,true,1048890,137,5,5,4,0,0
1637865739801,81,Large,200,OK,true,1048891,137,5,5,5,0,0
1637865739875,9,Small,200,OK,true,51510,138,5,5,4,0,0
1637865739813,113,Large,200,OK,true,1048891,137,5,5,3,0,0
1637865739895,32,Medium,200,OK,true,307512,139,5,5,4,0,0
1637865739882,47,Medium-Large,200,OK,true,512313,139,5,5,4,0,0
1637865739872,58,Medium-Large,200,OK,true,512312,139,5,5,4,0,0
1637865739926,6,Small,200,OK,true,51511,138,5,5,3,0,0
1637865739929,4,Small,200,OK,true,51511,138,5,5,3,0,0
1637865739927,8,Small-Medium,200,OK,true,102677,139,5,5,3,0,0
1637865739826,115,Large,200,OK,true,1048891,137,5,5,5,0,0
1637865739930,13,Medium,200,OK,true,307512,139,5,5,3,0,0
1637865739941,9,Medium,200,OK,true,307513,139,5,5,3,0,0
1637865739946,5,Small-Medium,200,OK,true,102713,139,5,5,2,0,0
1637865739949,4,Small,200,OK,true,51511,138,5,5,2,0,0
1637865739950,4,Small,200,OK,true,51510,138,5,5,2,0,0
1637865739947,9,Small-Medium,200,OK,true,102714,139,5,5,6,0,3
1637865739961,2,Small-Medium,200,OK,true,102713,139,5,5,1,0,0
1637865739966,1,Small,200,OK,true,51511,138,5,5,0,0,0
1637865739969,4,Small-Medium,200,OK,true,102713,139,5,5,0,0,0
1637865739967,6,Small-Medium,200,OK,true,102713,139,5,5,1,0,0
1637865739970,4,Small-Medium,200,OK,true,102712,139,5,5,2,0,0
1637865739981,3,Small-Medium,200,OK,true,102713,139,5,5,1,0,0
1637865739986,3,Small-Medium,200,OK,true,102713,139,5,5,1,0,0
1637865739989,5,Small-Medium,200,OK,true,102713,139,5,5,1,0,0
1637865739990,16,Medium,200,OK,true,307512,139,5,5,2,0,0
1637865740009,25,Medium,200,OK,true,307513,139,5,5,2,0,0
1637865740001,52,Medium-Large,200,OK,true,512313,139,5,5,3,0,0
1637865740011,42,Medium,200,OK,true,307512,139,5,5,4,0,0
1637865740006,51,Medium-Large,200,OK,true,512313,139,5,5,2,0,0
1637865740054,6,Small,200,OK,true,51511,138,5,5,3,0,0
1637865740057,38,Medium,200,OK,true,307513,139,5,5,4,0,0
1637865739987,114,Large,200,OK,true,1048891,137,5,5,2,0,0
1637865740095,10,Small-Medium,200,OK,true,102713,139,5,5,3,0,0
1637865740054,59,Medium-Large,200,OK,true,512277,139,5,5,3,0,0
1637865740034,81,Large,200,OK,true,1048891,137,5,5,5,0,0
1637865740074,59,Medium-Large,200,OK,true,512313,139,5,5,13,0,0
1637865740114,20,Small-Medium,200,OK,true,102714,139,5,5,7,0,3
1637865740102,38,Medium,200,OK,true,307513,139,5,5,3,0,0
1637865740133,8,Small,200,OK,true,51511,138,5,5,3,0,0
1637865740115,28,Medium,200,OK,true,307513,139,5,5,3,0,0
1637865740134,10,Small-Medium,200,OK,true,102713,139,5,5,4,0,0
1637865740143,5,Small,200,OK,true,51511,138,5,5,2,0,0
1637865740154,8,Small-Medium,200,OK,true,102713,139,5,5,3,0,0
1637865740153,10,Small-Medium,200,OK,true,102713,139,5,5,3,0,0
1637865740115,60,Large,200,OK,true,1048891,137,5,5,4,0,0
1637865740163,22,Medium,200,OK,true,307513,139,5,5,2,0,0
1637865740173,13,Small-Medium,200,OK,true,102713,139,5,5,3,0,0
1637865740140,48,Medium-Large,200,OK,true,512313,139,5,5,4,0,0
1637865740185,13,Small-Medium,200,OK,true,102713,139,5,5,3,0,0
1637865740175,26,Medium,200,OK,true,307513,139,5,5,4,0,0
1637865740193,15,Small-Medium,200,OK,true,102713,139,5,5,5,0,0
1637865740205,12,Small-Medium,200,OK,true,102713,139,5,5,4,0,0
1637865740188,35,Medium,200,OK,true,307513,139,5,5,4,0,0
1637865740217,13,Small-Medium,200,OK,true,102713,139,5,5,4,0,0
1637865740174,71,Large,200,OK,true,1048891,137,5,5,3,0,0
1637865740201,45,Medium-Large,200,OK,true,512313,139,5,5,4,0,0
1637865740245,25,Medium,200,OK,true,307513,139,5,5,3,0,0
1637865740270,10,Small-Medium,200,OK,true,102713,139,5,5,5,0,0
1637865740223,63,Medium-Large,200,OK,true,512313,139,5,5,5,0,0
1637865740246,41,Medium-Large,200,OK,true,512313,139,5,5,5,0,0
1637865740233,59,Medium-Large,200,OK,true,512313,139,5,5,5,0,0
1637865740286,8,Small,200,OK,true,51511,138,5,5,3,0,0
1637865740287,7,Small-Medium,200,OK,true,102713,139,5,5,2,0,0
1637865740291,6,Small,200,OK,true,51511,138,5,5,3,0,0
1637865740225,84,Large,200,OK,true,1048891,137,5,5,5,0,0
1637865740307,15,Small-Medium,200,OK,true,102713,139,5,5,4,0,0
1637865740311,43,Medium-Large,200,OK,true,512313,139,5,5,8,0,0
1637865740354,7,Small,200,OK,true,51511,138,5,5,3,0,0
1637865740327,68,Medium-Large,200,OK,true,512313,139,5,5,5,0,0
1637865740375,22,Medium,200,OK,true,307513,139,5,5,4,0,0
1637865740307,91,Large,200,OK,true,1048891,137,5,5,3,0,0
1637865740292,111,Large,200,OK,true,1048891,137,5,5,4,0,0
1637865740396,8,Small,200,OK,true,51511,138,5,5,4,0,0
1637865740403,13,Small-Medium,200,OK,true,102713,139,5,5,4,0,0
1637865740416,18,Small,200,OK,true,51511,138,5,5,4,0,0
1637865740309,126,Large,200,OK,true,1048891,137,5,5,6,0,0
1637865740398,55,Medium-Large,200,OK,true,512313,139,5,5,6,0,0
1637865740454,9,Small,200,OK,true,51511,138,5,5,4,0,0
1637865740431,37,Medium,200,OK,true,307513,139,5,5,4,0,0
1637865740398,82,Large,200,OK,true,1048891,137,5,5,3,0,0
1637865740468,14,Small-Medium,200,OK,true,102713,139,5,5,4,0,0
1637865740473,11,Small-Medium,200,OK,true,102713,139,5,5,5,0,0
1637865740480,9,Small-Medium,200,OK,true,102713,139,5,5,4,0,0
1637865740488,5,Small,200,OK,true,51511,138,5,5,3,0,0
1637865740493,5,Small,200,OK,true,51511,138,5,5,2,0,0
1637865740435,79,Large,200,OK,true,1048891,137,5,5,2,0,0
1637865740507,12,Small-Medium,200,OK,true,102713,139,5,5,4,0,0
1637865740515,9,Small,200,OK,true,51511,138,5,5,5,0,0
1637865740436,113,Large,200,OK,true,1048891,137,5,5,5,0,0
1637865740513,40,Medium-Large,200,OK,true,512313,139,5,5,5,0,0
1637865740501,73,Large,200,OK,true,1048891,137,6,6,2,0,0
1637865740536,58,Medium-Large,200,OK,true,512313,139,6,6,4,0,0
1637865740554,57,Medium-Large,200,OK,true,512313,139,6,6,4,0,0
1637865740528,88,Medium-Large,200,OK,true,512313,139,6,6,4,0,0
1637865740574,44,Medium-Large,200,OK,true,512313,139,6,6,4,0,0
1637865740612,14,Small-Medium,200,OK,true,102713,139,6,6,4,0,0
1637865740618,8,Small,200,OK,true,51511,138,6,6,4,0,0
1637865740636,12,Small,200,OK,true,51511,138,6,6,7,0,0
1637865740594,67,Medium-Large,200,OK,true,512313,139,6,6,5,0,0
1637865740559,103,Large,200,OK,true,1048892,137,6,6,10,0,6
1637865740661,10,Small,200,OK,true,51511,138,6,6,5,0,0
1637865740660,15,Small-Medium,200,OK,true,102713,139,6,6,4,0,0
1637865740616,71,Medium-Large,200,OK,true,512313,139,6,6,4,0,0
1637865740663,25,Medium,200,OK,true,307513,139,6,6,5,0,0
1637865740549,148,Large,200,OK,true,1048891,137,6,6,5,0,0
1637865740687,13,Small,200,OK,true,51511,138,6,6,7,0,0
1637865740697,15,Small-Medium,200,OK,true,102713,139,6,6,4,0,0
1637865740641,83,Large,200,OK,true,1048891,137,6,6,6,0,0
1637865740711,16,Small-Medium,200,OK,true,102713,139,6,6,5,0,0
1637865740724,11,Small-Medium,200,OK,true,102713,139,6,6,5,0,0
1637865740688,47,Medium-Large,200,OK,true,512313,139,6,6,5,0,0
1637865740684,56,Medium-Large,200,OK,true,512313,139,6,6,4,0,0
1637865740685,65,Medium-Large,200,OK,true,512313,139,6,6,5,0,0
1637865740735,17,Small-Medium,200,OK,true,102713,139,6,6,3,0,0
1637865740750,17,Small,200,OK,true,51511,138,6,6,17,0,0
1637865740735,33,Medium,200,OK,true,307513,139,6,6,5,0,0
1637865740767,9,Small,200,OK,true,51511,138,6,6,2,0,0
1637865740748,33,Medium,200,OK,true,307513,139,6,6,4,0,0
1637865740774,13,Small,200,OK,true,51511,138,6,6,5,0,0
1637865740740,49,Medium,200,OK,true,307513,139,6,6,6,0,0
1637865740781,10,Small-Medium,200,OK,true,102713,139,6,6,4,0,0
1637865740789,8,Small,200,OK,true,51511,138,6,6,4,0,0
1637865740721,79,Medium-Large,200,OK,true,512313,139,6,6,11,0,0
1637865740801,11,Small,200,OK,true,51511,138,6,6,5,0,0
1637865740783,42,Medium,200,OK,true,307513,139,6,6,5,0,0
1637865740813,14,Small-Medium,200,OK,true,102713,139,6,6,5,0,0
1637865740805,23,Medium,200,OK,true,307513,139,6,6,5,0,0
1637865740768,71,Large,200,OK,true,1048891,137,6,6,2,0,0
1637865740837,11,Small,200,OK,true,51511,138,6,6,5,0,0
1637865740825,46,Medium,200,OK,true,307513,139,6,6,7,0,0
1637865740861,10,Small,200,OK,true,51511,138,6,6,5,0,0
1637865740885,17,Small-Medium,200,OK,true,102713,139,6,6,6,0,0
1637865740830,88,Large,200,OK,true,1048891,137,6,6,4,0,0
1637865740839,89,Large,200,OK,true,1048891,137,6,6,5,0,0
1637865740871,60,Medium,200,OK,true,307513,139,6,6,7,0,0
1637865740798,143,Large,200,OK,true,1048891,137,6,6,3,0,0
1637865740918,27,Medium,200,OK,true,307513,139,6,6,5,0,0
1637865740928,27,Medium,200,OK,true,307513,139,6,6,4,0,0
1637865740955,9,Small,200,OK,true,51511,138,6,6,5,0,0
1637865740825,160,Large,200,OK,true,1048891,137,6,6,4,0,0
1637865740979,27,Medium,200,OK,true,307513,139,6,6,5,0,0
1637865741006,12,Small-Medium,200,OK,true,102713,139,6,6,5,0,0
1637865740909,128,Large,200,OK,true,1048891,137,6,6,5,0,0
1637865740945,92,Large,200,OK,true,1048891,137,6,6,5,0,0
1637865741038,8,Small,200,OK,true,51511,138,6,6,3,0,0
1637865741062,11,Small,200,OK,true,51511,138,6,6,6,0,0
1637865740931,163,Large,200,OK,true,1048891,137,6,6,6,0,0
1637865740941,162,Large,200,OK,true,1048891,137,6,6,5,0,0
1637865741030,99,Large,200,OK,true,1048891,137,6,6,6,0,0
1637865741038,97,Large,200,OK,true,1048891,137,6,6,4,0,0
1637865741093,73,Medium-Large,200,OK,true,512313,139,6,6,5,0,0
1637865741103,70,Medium-Large,200,OK,true,512313,139,6,6,6,0,0
1637865741166,16,Small-Medium,200,OK,true,102713,139,6,6,5,0,0
1637865740986,197,Large,200,OK,true,1048891,137,6,6,5,0,0
1637865741173,16,Small-Medium,200,OK,true,102713,139,6,6,6,0,0
1637865741183,16,Small-Medium,200,OK,true,102713,139,6,6,5,0,0
1637865741190,16,Small-Medium,200,OK,true,102713,139,6,6,6,0,0
1637865741197,14,Small-Medium,200,OK,true,102713,139,6,6,5,0,0
1637865741135,92,Large,200,OK,true,1048891,137,6,6,7,0,0
1637865741129,98,Large,200,OK,true,1048891,137,6,6,11,0,0
1637865741208,19,Small-Medium,200,OK,true,102713,139,6,6,6,0,0
1637865741221,8,Small,200,OK,true,51511,138,6,6,6,0,0
1637865741227,28,Medium,200,OK,true,307513,139,6,6,6,0,0
1637865741227,31,Medium,200,OK,true,307513,139,6,6,3,0,0
1637865741094,164,Large,200,OK,true,1048891,137,6,6,7,0,0
1637865741258,24,Small-Medium,200,OK,true,102713,139,6,6,7,0,0
1637865741258,27,Medium,200,OK,true,307513,139,6,6,4,0,0
1637865741256,30,Medium,200,OK,true,307513,139,6,6,3,0,0
1637865741286,13,Small-Medium,200,OK,true,102713,139,6,6,5,0,0
1637865741282,18,Small-Medium,200,OK,true,102713,139,6,6,5,0,0
1637865741232,85,Medium-Large,200,OK,true,512313,139,6,6,6,0,0
1637865741245,72,Medium-Large,200,OK,true,512313,139,6,6,5,0,0
1637865741310,11,Small-Medium,200,OK,true,102713,139,6,6,5,0,0
1637865741285,42,Medium-Large,200,OK,true,512313,139,6,6,4,0,0
1637865741306,22,Small-Medium,200,OK,true,102713,139,6,6,6,0,0
1637865741214,114,Large,200,OK,true,1048891,137,6,6,5,0,0
1637865741329,6,Small,200,OK,true,51511,138,6,6,2,0,0
1637865741331,11,Small,200,OK,true,51511,138,6,6,5,0,0
1637865741317,39,Medium,200,OK,true,307513,139,6,6,5,0,0
1637865741354,16,Small,200,OK,true,51511,138,6,6,6,0,0
1637865741334,42,Medium-Large,200,OK,true,512313,139,6,6,5,0,0
1637865741356,20,Small-Medium,200,OK,true,102713,139,6,6,5,0,0
1637865741380,27,Small-Medium,200,OK,true,102713,139,6,6,6,0,0
1637865741327,87,Large,200,OK,true,1048891,137,6,6,6,0,0
1637865741414,10,Small-Medium,200,OK,true,102713,139,6,6,4,0,0
1637865741317,146,Large,200,OK,true,1048891,137,6,6,6,0,0
1637865741439,26,Medium,200,OK,true,307513,139,6,6,4,0,0
1637865741378,90,Medium-Large,200,OK,true,512313,139,6,6,5,0,0
1637865741376,98,Large,200,OK,true,1048891,137,6,6,4,0,0
1637865741352,133,Large,200,OK,true,1048891,137,6,6,5,0,0
1637865741474,28,Medium,200,OK,true,307513,139,6,6,6,0,0
1637865741407,105,Medium-Large,200,OK,true,512313,139,6,6,5,0,0
1637865741485,41,Medium,200,OK,true,307513,139,6,6,5,0,0
1637865741512,21,Small-Medium,200,OK,true,102713,139,6,6,7,0,0
1637865741526,10,Small,200,OK,true,51511,138,6,6,5,0,0
1637865741465,90,Large,200,OK,true,1048891,137,6,6,6,0,0
1637865741468,90,Medium-Large,200,OK,true,512313,139,6,6,5,0,0
1637865741555,11,Small-Medium,200,OK,true,102713,139,6,6,5,0,0
1637865741502,82,Large,200,OK,true,1048891,137,6,6,5,0,0
1637865741550,36,Medium,200,OK,true,307513,139,6,6,5,0,0
1637865741586,8,Small,200,OK,true,51511,138,6,6,7,0,0
1637865741584,12,Small-Medium,200,OK,true,102713,139,6,6,5,0,0
1637865741463,145,Large,200,OK,true,1048891,137,6,6,6,0,0
1637865741583,42,Medium-Large,200,OK,true,512313,139,6,6,4,0,0
1637865741625,12,Small-Medium,200,OK,true,102713,139,6,6,5,0,0
1637865741609,43,Medium,200,OK,true,307513,139,6,6,8,0,0
1637865741649,11,Small-Medium,200,OK,true,102713,139,6,6,4,0,0
1637865741653,14,Small-Medium,200,OK,true,102713,139,6,6,5,0,0
1637865741610,59,Medium-Large,200,OK,true,512313,139,6,6,5,0,0
1637865741669,9,Small-Medium,200,OK,true,102712,139,6,6,4,0,0
1637865741608,74,Large,200,OK,true,1048891,137,6,6,4,0,0
1637865741673,10,Small,200,OK,true,51511,138,6,6,6,0,0
1637865741538,145,Large,200,OK,true,1048891,137,6,6,5,0,0
1637865741676,8,Small,200,OK,true,51511,138,6,6,4,0,0
1637865741684,8,Small,200,OK,true,51511,138,6,6,5,0,0
1637865741558,136,Large,200,OK,true,1048891,137,6,6,6,0,0
1637865741697,9,Small,200,OK,true,51511,138,6,6,4,0,0
1637865741700,8,Small,200,OK,true,51511,138,6,6,4,0,0
1637865741708,8,Small,200,OK,true,51511,138,6,6,4,0,0
1637865741693,37,Medium-Large,200,OK,true,512312,139,6,6,2,0,0
1637865741732,12,Small,200,OK,true,51511,138,6,6,6,0,0
1637865741683,66,Large,200,OK,true,1048891,137,6,6,1,0,0
1637865741694,62,Medium-Large,200,OK,true,512313,139,6,6,4,0,0
1637865741749,10,Small,200,OK,true,51511,138,6,6,5,0,0
1637865741756,9,Small,200,OK,true,51511,138,6,6,4,0,0
1637865741730,47,Medium-Large,200,OK,true,512312,139,6,6,4,0,0
1637865741773,20,Small,200,OK,true,51511,138,6,6,5,0,0
1637865741777,22,Small-Medium,200,OK,true,102712,139,6,6,4,0,0
1637865741797,12,Small-Medium,200,OK,true,102713,139,6,6,4,0,0
1637865741721,90,Large,200,OK,true,1048891,137,6,6,5,0,0
1637865741780,33,Small-Medium,200,OK,true,102713,139,6,6,15,0,0
1637865741811,8,Small,200,OK,true,51511,138,6,6,4,0,0
1637865741813,10,Small,200,OK,true,51511,138,6,6,5,0,0
1637865741801,23,Medium,200,OK,true,307512,139,6,6,6,0,0
1637865741756,79,Medium-Large,200,OK,true,512313,139,6,6,5,0,0
1637865741821,22,Medium,200,OK,true,307513,139,6,6,3,0,0
1637865741838,10,Small,200,OK,true,51511,138,6,6,5,0,0
1637865741845,9,Small,200,OK,true,51511,138,6,6,5,0,0
1637865741724,131,Large,200,OK,true,1048891,137,6,6,5,0,0
1637865741836,23,Medium,200,OK,true,307513,139,6,6,5,0,0
1637865741862,10,Small,200,OK,true,51511,138,6,6,5,0,0
1637865741869,9,Small,200,OK,true,51511,138,6,6,5,0,0
1637865741861,22,Medium,200,OK,true,307513,139,6,6,3,0,0
1637865741826,91,Large,200,OK,true,1048890,137,6,6,3,0,0
1637865741855,63,Medium-Large,200,OK,true,512313,139,6,6,5,0,0
1637865741893,29,Medium,200,OK,true,307513,139,6,6,4,0,0
1637865741917,9,Small,200,OK,true,51510,138,6,6,4,0,0
1637865741883,43,Medium-Large,200,OK,true,512313,139,6,6,3,0,0
1637865741918,14,Small-Medium,200,OK,true,102713,139,6,6,5,0,0
1637865741926,8,Small,200,OK,true,51511,138,6,6,4,0,0
1637865741886,50,Medium,200,OK,true,307513,139,6,6,5,0,0
1637865741936,9,Small,200,OK,true,51511,138,6,6,3,0,0
1637865741836,117,Large,200,OK,true,1048891,137,6,6,4,0,0
1637865741945,14,Small-Medium,200,OK,true,102713,139,6,6,5,0,0
1637865741953,10,Small,200,OK,true,51511,138,6,6,5,0,0
1637865741945,29,Medium,200,OK,true,307512,139,6,6,4,0,0
1637865741961,15,Small-Medium,200,OK,true,102713,139,6,6,5,0,0
1637865741967,10,Small,200,OK,true,51511,138,6,6,5,0,0
1637865741922,69,Large,200,OK,true,1048891,137,6,6,4,0,0
1637865741985,12,Small,200,OK,true,51511,138,6,6,4,0,0
1637865741974,29,Medium,200,OK,true,307512,139,6,6,4,0,0
1637865741991,14,Small,200,OK,true,51511,138,6,6,9,0,0
1637865742003,5,Small,200,OK,true,51475,138,6,6,4,0,0
1637865741977,38,Medium,200,OK,true,307513,139,6,6,4,0,0
1637865742015,10,Small,200,OK,true,51511,138,6,6,5,0,0
1637865741951,76,Large,200,OK,true,1048891,137,6,6,5,0,0
1637865741991,50,Medium-Large,200,OK,true,512313,139,6,6,4,0,0
1637865742028,16,Small,200,OK,true,51512,138,6,6,8,0,4
1637865742039,10,Small-Medium,200,OK,true,102713,139,6,6,5,0,0
1637865742042,9,Small,200,OK,true,51511,138,6,6,5,0,0
1637865742016,65,Medium-Large,200,OK,true,512313,139,6,6,5,0,0
1637865742027,73,Large,200,OK,true,1048891,137,6,6,4,0,0
1637865742066,42,Medium,200,OK,true,307513,139,6,6,5,0,0
1637865742108,10,Small,200,OK,true,51511,138,6,6,5,0,0
1637865742009,135,Large,200,OK,true,1048891,137,6,6,6,0,0
1637865742132,17,Small-Medium,200,OK,true,102713,139,6,6,5,0,0
1637865742063,88,Large,200,OK,true,1048891,137,6,6,3,0,0
1637865742144,9,Small,200,OK,true,51511,138,6,6,5,0,0
1637865742151,16,Small,200,OK,true,51511,138,6,6,14,0,0
1637865742100,90,Large,200,OK,true,1048891,137,6,6,6,0,0
1637865742165,33,Medium,200,OK,true,307513,139,6,6,4,0,0
1637865742190,10,Small-Medium,200,OK,true,102713,139,6,6,4,0,0
1637865742214,11,Small-Medium,200,OK,true,102713,139,6,6,5,0,0
1637865742081,146,Large,200,OK,true,1048891,137,6,6,5,0,0
1637865742199,38,Medium,200,OK,true,307513,139,6,6,4,0,0
1637865742052,191,Large,200,OK,true,1048891,137,6,6,3,0,0
1637865742237,10,Small,200,OK,true,51511,138,6,6,4,0,0
1637865742243,15,Small-Medium,200,OK,true,102713,139,6,6,6,0,0
1637865742175,85,Large,200,OK,true,1048891,137,6,6,5,0,0
1637865742238,23,Medium,200,OK,true,307513,139,6,6,4,0,0
1637865742227,48,Medium,200,OK,true,307513,139,6,6,4,0,0
1637865742261,27,Medium,200,OK,true,307513,139,6,6,3,0,0
1637865742260,44,Medium-Large,200,OK,true,512313,139,6,6,2,0,0
1637865742261,46,Medium,200,OK,true,307513,139,6,6,5,0,0
1637865742268,48,Medium,200,OK,true,307513,139,6,6,5,0,0
1637865742168,165,Large,200,OK,true,1048891,137,6,6,4,0,0
1637865742288,46,Medium-Large,200,OK,true,512313,139,6,6,5,0,0
1637865742315,26,Small-Medium,200,OK,true,102713,139,6,6,6,0,0
1637865742304,43,Medium-Large,200,OK,true,512313,139,6,6,4,0,0
1637865742307,43,Medium,200,OK,true,307513,139,6,6,4,0,0
1637865742275,78,Medium-Large,200,OK,true,512313,139,6,6,5,0,0
1637865742346,10,Small-Medium,200,OK,true,102713,139,6,6,4,0,0
1637865742341,18,Small-Medium,200,OK,true,102713,139,6,6,5,0,0
1637865742349,31,Medium,200,OK,true,307513,139,6,6,5,0,0
1637865742371,10,Small,200,OK,true,51511,138,6,6,5,0,0
1637865742332,79,Medium-Large,200,OK,true,512313,139,6,6,4,0,0
1637865742333,83,Large,200,OK,true,1048891,137,6,6,6,0,0
1637865742395,28,Medium,200,OK,true,307513,139,6,6,4,0,0
1637865742416,8,Small,200,OK,true,51511,138,6,6,5,0,0
1637865742423,28,Medium,200,OK,true,307513,139,6,6,4,0,0
1637865742440,13,Small-Medium,200,OK,true,102713,139,6,6,7,0,0
1637865742365,92,Medium-Large,200,OK,true,512313,139,6,6,4,0,0
1637865742411,47,Medium,200,OK,true,307513,139,6,6,5,0,0
1637865742451,26,Medium,200,OK,true,307513,139,6,6,4,0,0
1637865742352,150,Large,200,OK,true,1048891,137,6,6,6,0,0
1637865742502,10,Small,200,OK,true,51511,138,6,6,4,0,0
1637865742477,41,Medium,200,OK,true,307513,139,6,6,9,0,0
1637865742457,61,Medium,200,OK,true,307513,139,6,6,4,0,0
1637865742380,140,Large,200,OK,true,1048891,137,6,6,4,0,0
1637865742519,16,Small-Medium,200,OK,true,102713,139,6,6,4,0,0
1637865742459,87,Medium-Large,200,OK,true,512313,139,6,6,4,0,0
1637865742464,95,Large,200,OK,true,1048891,137,6,6,5,0,0
1637865742559,27,Medium,200,OK,true,307513,139,6,6,4,0,0
1637865742586,10,Small-Medium,200,OK,true,102713,139,6,6,4,0,0
1637865742521,78,Medium-Large,200,OK,true,512313,139,6,6,4,0,0
1637865742518,84,Large,200,OK,true,1048891,137,6,6,3,0,0
1637865742600,7,Small,200,OK,true,51511,138,6,6,3,0,0
1637865742610,27,Medium,200,OK,true,307513,139,6,6,4,0,0
1637865742628,15,Small-Medium,200,OK,true,102713,139,6,6,6,0,0
1637865742602,42,Medium-Large,200,OK,true,512313,139,6,6,4,0,0
1637865742644,12,Small-Medium,200,OK,true,102713,139,6,6,5,0,0
1637865742637,24,Medium,200,OK,true,307513,139,6,6,5,0,0
1637865742648,14,Small-Medium,200,OK,true,102713,139,6,6,5,0,0
1637865742662,7,Small-Medium,200,OK,true,102713,139,6,6,2,0,0
1637865742527,147,Large,200,OK,true,1048891,137,6,6,5,0,0
1637865742542,139,Large,200,OK,true,1048891,137,6,6,5,0,0
1637865742675,9,Small,200,OK,true,51511,138,6,6,4,0,0
1637865742547,154,Large,200,OK,true,1048891,137,6,6,5,0,0
1637865742668,43,Medium-Large,200,OK,true,512313,139,6,6,4,0,0
1637865742699,20,Small-Medium,200,OK,true,102713,139,6,6,6,0,0
1637865742702,19,Small-Medium,200,OK,true,102713,139,6,6,5,0,0
1637865742686,43,Medium-Large,200,OK,true,512313,139,6,6,4,0,0
1637865742711,24,Medium,200,OK,true,307513,139,6,6,4,0,0
1637865742729,10,Small,200,OK,true,51511,138,6,6,4,0,0
1637865742735,9,Small-Medium,200,OK,true,102713,139,6,6,5,0,0
1637865742753,8,Small,200,OK,true,51511,138,6,6,4,0,0
1637865742727,37,Medium,200,OK,true,307513,139,6,6,4,0,0
1637865742671,112,Large,200,OK,true,1048891,137,6,6,3,0,0
1637865742776,11,Small,200,OK,true,51511,138,6,6,5,0,0
1637865742784,7,Small,200,OK,true,51511,138,6,6,3,0,0
1637865742801,8,Small,200,OK,true,51511,138,6,6,4,0,0
1637865742808,9,Small,200,OK,true,51511,138,6,6,4,0,0
1637865742681,138,Large,200,OK,true,1048891,137,6,6,5,0,0
1637865742764,60,Medium-Large,200,OK,true,512313,139,6,6,4,0,0
1637865742759,68,Large,200,OK,true,1048891,137,6,6,4,0,0
1637865742832,22,Small-Medium,200,OK,true,102713,139,6,6,17,0,0
1637865742723,132,Large,200,OK,true,1048890,137,6,6,4,0,0
1637865742827,32,Medium,200,OK,true,307513,139,6,6,5,0,0
1637865742855,11,Small,200,OK,true,51510,138,6,6,4,0,0
1637865742859,10,Small,200,OK,true,51511,138,6,6,5,0,0
1637865742819,51,Medium,200,OK,true,307513,139,6,6,3,0,0
1637865742825,48,Medium,200,OK,true,307513,139,6,6,3,0,0
1637865742873,13,Small-Medium,200,OK,true,102713,139,6,6,3,0,0
1637865742879,17,Small-Medium,200,OK,true,102712,139,6,6,5,0,0
1637865742898,15,Small-Medium,200,OK,true,102713,139,6,6,4,0,0
1637865742825,91,Large,200,OK,true,1048891,137,6,6,5,0,0
1637865742857,67,Medium-Large,200,OK,true,512313,139,6,6,4,0,0
1637865742883,43,Medium-Large,200,OK,true,512313,139,6,6,4,0,0
1637865742924,15,Small-Medium,200,OK,true,102713,139,6,6,4,0,0
1637865742916,27,Medium,200,OK,true,307513,139,6,6,3,0,0
1637865742926,48,Medium-Large,200,OK,true,512313,139,6,6,6,0,0
1637865742974,10,Small,200,OK,true,51511,138,6,6,5,0,0
1637865742949,40,Medium,200,OK,true,307513,139,6,6,6,0,0
1637865742998,11,Small-Medium,200,OK,true,102713,139,6,6,5,0,0
1637865742870,150,Large,200,OK,true,1048891,137,6,6,4,0,0
1637865742943,81,Large,200,OK,true,1048891,137,6,6,4,0,0
1637865743023,31,Medium,200,OK,true,307513,139,6,6,5,0,0
1637865742903,158,Large,200,OK,true,1048890,137,6,6,6,0,0
1637865743054,27,Medium,200,OK,true,307513,139,6,6,4,0,0
1637865742921,167,Large,200,OK,true,1048891,137,6,6,5,0,0
1637865743081,8,Small-Medium,200,OK,true,102713,139,6,6,3,0,0
1637865743024,84,Large,200,OK,true,1048891,137,6,6,6,0,0
1637865743062,53,Medium,200,OK,true,307512,139,6,6,6,0,0
1637865743109,8,Small-Medium,200,OK,true,102713,139,6,6,3,0,0
1637865743105,21,Medium,200,OK,true,307513,139,6,6,5,0,0
1637865742989,139,Large,200,OK,true,1048891,137,6,6,4,0,0
1637865743088,46,Medium,200,OK,true,307513,139,6,6,5,0,0
1637865743128,6,Small,200,OK,true,51511,138,6,6,3,0,0
1637865743129,7,Small,200,OK,true,51511,138,6,6,3,0,0
1637865743134,11,Small-Medium,200,OK,true,102713,139,6,6,4,0,0
1637865743020,141,Large,200,OK,true,1048891,137,6,6,5,0,0
1637865743153,12,Small-Medium,200,OK,true,102713,139,6,6,6,0,0
1637865743158,14,Small,200,OK,true,51511,138,6,6,6,0,0
1637865743152,38,Medium,200,OK,true,307513,139,6,6,4,0,0
1637865743187,11,Small,200,OK,true,51511,138,6,6,5,0,0
1637865743191,9,Small,200,OK,true,51511,138,6,6,4,0,0
1637865743133,72,Large,200,OK,true,1048891,137,6,6,3,0,0
1637865743201,11,Small-Medium,200,OK,true,102713,139,6,6,4,0,0
1637865743215,10,Small,200,OK,true,51511,138,6,6,4,0,0
1637865743161,71,Medium-Large,200,OK,true,512313,139,6,6,5,0,0
1637865743232,8,Small,200,OK,true,51511,138,6,6,4,0,0
1637865743115,132,Large,200,OK,true,1048890,137,6,6,4,0,0
1637865743187,65,Medium-Large,200,OK,true,512313,139,6,6,4,0,0
1637865743239,15,Small-Medium,200,OK,true,102713,139,6,6,7,0,0
1637865743248,7,Small,200,OK,true,51510,138,6,6,4,0,0
1637865743205,81,Large,200,OK,true,1048891,137,6,6,5,0,0
1637865743253,42,Medium,200,OK,true,307513,139,6,6,3,0,0
1637865743286,11,Small-Medium,200,OK,true,102713,139,6,6,5,0,0
1637865743225,79,Large,200,OK,true,1048891,137,6,6,4,0,0
1637865743256,49,Medium,200,OK,true,307513,139,6,6,4,0,0
1637865743305,4,Small,200,OK,true,51511,138,6,6,3,0,0
1637865743305,5,Small,200,OK,true,51511,138,6,6,1,0,0
1637865743295,17,Small-Medium,200,OK,true,102713,139,6,6,9,0,0
1637865743311,19,Medium,200,OK,true,307513,139,6,6,2,0,0
1637865743329,9,Small,200,OK,true,51511,138,6,6,4,0,0
1637865743329,9,Small,200,OK,true,51511,138,6,6,5,0,0
1637865743353,12,Small-Medium,200,OK,true,102713,139,6,6,5,0,0
1637865743263,114,Large,200,OK,true,1048891,137,6,6,5,0,0
1637865743320,64,Medium-Large,200,OK,true,512313,139,6,6,4,0,0
1637865743377,9,Small,200,OK,true,51511,138,6,6,4,0,0
1637865743271,124,Large,200,OK,true,1048890,137,6,6,8,0,0
1637865743385,16,Small-Medium,200,OK,true,102713,139,6,6,4,0,0
1637865743335,80,Large,200,OK,true,1048891,137,6,6,4,0,0
1637865743408,21,Small-Medium,200,OK,true,102713,139,6,6,6,0,0
1637865743415,26,Medium,200,OK,true,307513,139,6,6,5,0,0
1637865743395,91,Medium-Large,200,OK,true,512312,139,6,6,4,0,0
1637865743401,87,Large,200,OK,true,1048891,137,6,6,5,0,0
1637865743486,11,Small,200,OK,true,51475,138,6,6,5,0,0
1637865743488,11,Small-Medium,200,OK,true,102713,139,6,6,4,0,0
1637865743352,149,Large,200,OK,true,1048891,137,6,6,5,0,0
1637865743502,7,Small,200,OK,true,51511,138,6,6,3,0,0
1637865743377,135,Large,200,OK,true,1048891,137,6,6,5,0,0
1637865743433,79,Medium-Large,200,OK,true,512313,139,6,6,5,0,0
1637865743441,77,Large,200,OK,true,1048891,137,6,6,5,0,0
1637865743518,18,Small,200,OK,true,51511,138,6,6,15,0,0
1637865743512,34,Medium,200,OK,true,307513,139,6,6,4,0,0
1637865743542,12,Small-Medium,200,OK,true,102713,139,6,6,5,0,0
1637865743546,16,Small-Medium,200,OK,true,102713,139,6,6,6,0,0
1637865743513,53,Medium-Large,200,OK,true,512313,139,6,6,5,0,0
1637865743513,58,Medium,200,OK,true,307513,139,6,6,8,0,0
1637865743566,9,Small-Medium,200,OK,true,102713,139,6,6,4,0,0
1637865743572,9,Small,200,OK,true,51511,138,6,6,5,0,0
1637865743570,15,Small-Medium,200,OK,true,102713,139,6,6,6,0,0
1637865743591,9,Small-Medium,200,OK,true,102713,139,6,6,3,0,0
1637865743596,18,Small-Medium,200,OK,true,102713,139,6,6,5,0,0
1637865743620,12,Small,200,OK,true,51511,138,6,6,7,0,0
1637865743594,41,Medium,200,OK,true,307513,139,6,6,4,0,0
1637865743566,77,Large,200,OK,true,1048891,137,6,6,6,0,0
1637865743636,11,Small,200,OK,true,51511,138,6,6,5,0,0
1637865743510,138,Large,200,OK,true,1048892,137,6,6,5,0,2
1637865743644,9,Small-Medium,200,OK,true,102713,139,6,6,3,0,0
1637865743648,14,Small-Medium,200,OK,true,102713,139,6,6,4,0,0
1637865743644,18,Small,200,OK,true,51511,138,6,6,5,0,0
1637865743533,129,Large,200,OK,true,1048891,137,6,6,4,0,0
1637865743672,15,Small-Medium,200,OK,true,102713,139,6,6,6,0,0
1637865743615,73,Large,200,OK,true,1048891,137,6,6,3,0,0
1637865743662,43,Medium,200,OK,true,307513,139,6,6,2,0,0
1637865743668,43,Medium-Large,200,OK,true,512313,139,6,6,4,0,0
1637865743696,20,Small-Medium,200,OK,true,102713,139,6,6,6,0,0
1637865743711,9,Small,200,OK,true,51511,138,6,6,4,0,0
1637865743668,74,Medium-Large,200,OK,true,512313,139,6,6,6,0,0
1637865743735,10,Small,200,OK,true,51511,138,6,6,6,0,0
1637865743742,8,Small,200,OK,true,51511,138,6,6,4,0,0
1637865743689,76,Large,200,OK,true,1048891,137,6,6,3,0,0
1637865743759,7,Small,200,OK,true,51511,138,6,6,4,0,0
1637865743662,122,Large,200,OK,true,1048891,137,6,6,4,0,0
1637865743721,64,Medium-Large,200,OK,true,512313,139,6,6,3,0,0
1637865743783,12,Small-Medium,200,OK,true,102713,139,6,6,5,0,0
1637865743784,15,Small-Medium,200,OK,true,102712,139,6,6,6,0,0
1637865743766,39,Medium,200,OK,true,307513,139,6,6,5,0,0
1637865743805,10,Small,200,OK,true,51511,138,6,6,4,0,0
1637865743808,11,Small,200,OK,true,51510,138,6,6,6,0,0
1637865743785,38,Medium,200,OK,true,307513,139,6,6,7,0,0
1637865743705,119,Large,200,OK,true,1048891,137,6,6,5,0,0
1637865743765,78,Large,200,OK,true,1048891,137,6,6,4,0,0
1637865743832,15,Small-Medium,200,OK,true,102712,139,6,6,6,0,0
1637865743807,43,Medium-Large,200,OK,true,512313,139,6,6,5,0,0
1637865743844,7,Small-Medium,200,OK,true,102713,139,6,6,3,0,0
1637865743829,23,Small-Medium,200,OK,true,102713,139,6,6,6,0,0
1637865743851,5,Small,200,OK,true,51511,138,6,6,2,0,0
1637865743823,35,Medium,200,OK,true,307513,139,6,6,5,0,0
1637865743873,8,Small,200,OK,true,51511,138,6,6,4,0,0
1637865743875,8,Small,200,OK,true,51511,138,6,6,4,0,0
1637865743824,67,Medium-Large,200,OK,true,512313,139,6,6,5,0,0
1637865743859,38,Medium,200,OK,true,307513,139,6,6,14,0,0
1637865743892,8,Small,200,OK,true,51511,138,6,6,4,0,0
1637865743856,48,Medium-Large,200,OK,true,512312,139,6,6,3,0,0
1637865743899,8,Small,200,OK,true,51511,138,6,6,5,0,0
1637865743904,7,Small,200,OK,true,51510,138,6,6,4,0,0
1637865743916,8,Small-Medium,200,OK,true,102713,139,6,6,4,0,0
1637865743923,21,Medium,200,OK,true,307512,139,6,6,2,0,0
1637865743891,56,Medium-Large,200,OK,true,512313,139,6,6,3,0,0
1637865743947,16,Small,200,OK,true,51511,138,6,6,5,0,0
1637865743940,46,Medium-Large,200,OK,true,512313,139,6,6,5,0,0
1637865743972,21,Small-Medium,200,OK,true,102713,139,6,6,5,0,0
1637865743947,46,Medium-Large,200,OK,true,512312,139,6,6,6,0,0
1637865743929,71,Medium-Large,200,OK,true,512312,139,6,6,4,0,0
1637865743853,147,Large,200,OK,true,1048891,137,6,6,4,0,0
1637865743897,114,Large,200,OK,true,1048891,137,6,6,4,0,0
1637865744000,24,Small-Medium,200,OK,true,102713,139,6,6,9,0,0
1637865743986,85,Large,200,OK,true,1048891,137,6,6,4,0,0
1637865743993,87,Large,200,OK,true,1048890,137,6,6,8,0,0
1637865744071,11,Small,200,OK,true,51511,138,6,6,6,0,0
1637865744025,58,Medium,200,OK,true,307513,139,6,6,6,0,0
1637865744081,8,Small-Medium,200,OK,true,102712,139,6,6,3,0,0
1637865744105,13,Small-Medium,200,OK,true,102712,139,6,6,7,0,0
1637865744000,132,Large,200,OK,true,1048890,137,6,6,3,0,0
1637865744011,142,Large,200,OK,true,1048891,137,6,6,6,0,0
1637865744000,177,Large,200,OK,true,1048891,137,6,6,6,0,0
1637865744096,88,Large,200,OK,true,1048891,137,6,6,4,0,0
1637865744184,10,Small,200,OK,true,51511,138,6,6,5,0,0
1637865744132,84,Medium-Large,200,OK,true,512312,139,6,6,5,0,0
1637865744129,90,Large,200,OK,true,1048890,137,6,6,5,0,0
1637865744215,6,Small,200,OK,true,51511,138,6,6,4,0,0
1637865744177,55,Medium,200,OK,true,307513,139,6,6,6,0,0
1637865744217,15,Small-Medium,200,OK,true,102712,139,6,6,3,0,0
1637865744083,157,Large,200,OK,true,1048891,137,6,6,4,0,0
1637865744233,9,Small,200,OK,true,51511,138,6,6,5,0,0
1637865744220,40,Medium-Large,200,OK,true,512312,139,6,6,4,0,0
1637865744260,11,Small-Medium,200,OK,true,102712,139,6,6,5,0,0
1637865744232,45,Medium,200,OK,true,307513,139,6,6,4,0,0
1637865744240,40,Medium,200,OK,true,307513,139,6,6,4,0,0
1637865744240,41,Medium,200,OK,true,307477,139,6,6,5,0,0
1637865744153,136,Large,200,OK,true,1048891,137,6,6,5,0,0
1637865744281,26,Small-Medium,200,OK,true,102714,139,6,6,10,0,4
1637865744307,13,Small-Medium,200,OK,true,102713,139,6,6,5,0,0
1637865744285,46,Medium-Large,200,OK,true,512312,139,6,6,4,0,0
1637865744277,54,Medium,200,OK,true,307513,139,6,6,5,0,0
1637865744257,78,Large,200,OK,true,1048891,137,6,6,4,0,0
1637865744331,8,Small,200,OK,true,51511,138,6,6,4,0,0
1637865744336,9,Small,200,OK,true,51510,138,6,6,4,0,0
1637865744331,22,Medium,200,OK,true,307477,139,6,6,5,0,0
1637865744359,12,Small-Medium,200,OK,true,102712,139,6,6,5,0,0
1637865744355,24,Medium,200,OK,true,307513,139,6,6,3,0,0
1637865744384,12,Small-Medium,200,OK,true,102712,139,6,6,4,0,0
1637865744379,26,Medium,200,OK,true,307513,139,6,6,4,0,0
1637865744331,76,Medium-Large,200,OK,true,512313,139,6,6,8,0,0
1637865744405,10,Small,200,OK,true,51511,138,6,6,4,0,0
1637865744280,140,Large,200,OK,true,1048891,137,6,6,3,0,0
1637865744407,16,Small-Medium,200,OK,true,102713,139,6,6,6,0,0
1637865744289,139,Large,200,OK,true,1048891,137,6,6,4,0,0
1637865744428,10,Small,200,OK,true,51511,138,6,6,5,0,0
1637865744355,94,Large,200,OK,true,1048892,137,6,6,7,0,3
1637865744407,43,Medium-Large,200,OK,true,512312,139,6,6,4,0,0
1637865744430,47,Medium-Large,200,OK,true,512313,139,6,6,6,0,0
1637865744451,29,Medium,200,OK,true,307512,139,6,6,6,0,0
1637865744477,11,Small-Medium,200,OK,true,102713,139,6,6,5,0,0
1637865744480,11,Small-Medium,200,OK,true,102712,139,6,6,5,0,0
1637865744432,74,Medium-Large,200,OK,true,512313,139,6,6,6,0,0
1637865744502,10,Small-Medium,200,OK,true,102713,139,6,6,4,0,0
1637865744505,10,Small-Medium,200,OK,true,102712,139,6,6,3,0,0
1637865744529,10,Small,200,OK,true,51510,138,6,6,5,0,0
1637865744506,36,Medium,200,OK,true,307513,139,6,6,6,0,0
1637865744542,16,Small,200,OK,true,51511,138,6,6,16,0,0
1637865744526,32,Medium,200,OK,true,307513,139,6,6,4,0,0
1637865744449,110,Large,200,OK,true,1048891,137,6,6,4,0,0
1637865744420,142,Large,200,OK,true,1048891,137,6,6,5,0,0
1637865744562,11,Small,200,OK,true,51511,138,6,6,5,0,0
1637865744452,126,Large,200,OK,true,1048891,137,6,6,6,0,0
1637865744566,15,Small,200,OK,true,51511,138,6,6,7,0,0
1637865744558,40,Medium-Large,200,OK,true,512312,139,6,6,4,0,0
1637865744586,19,Small-Medium,200,OK,true,102713,139,6,6,5,0,0
1637865744598,12,Small-Medium,200,OK,true,102677,139,6,6,6,0,0
1637865744610,14,Small,200,OK,true,51511,138,6,6,4,0,0
1637865744559,86,Large,200,OK,true,1048891,137,6,6,11,0,0
1637865744591,78,Medium-Large,200,OK,true,512313,139,6,6,5,0,0
1637865744559,119,Large,200,OK,true,1048891,137,6,6,4,0,0
1637865744623,58,Medium-Large,200,OK,true,512314,139,6,6,9,0,4
1637865744669,12,Small,200,OK,true,51511,138,6,6,9,0,0
1637865744678,9,Small,200,OK,true,51511,138,6,6,4,0,0
1637865744634,57,Medium,200,OK,true,307513,139,6,6,5,0,0
1637865744681,28,Medium,200,OK,true,307513,139,6,6,4,0,0
1637865744693,17,Small-Medium,200,OK,true,102713,139,6,6,6,0,0
1637865744579,142,Large,200,OK,true,1048891,137,6,6,4,0,0
1637865744645,85,Large,200,OK,true,1048891,137,6,6,5,0,0
1637865744717,23,Small-Medium,200,OK,true,102713,139,6,6,5,0,0
1637865744692,56,Medium,200,OK,true,307513,139,6,6,3,0,0
1637865744731,28,Medium,200,OK,true,307513,139,6,6,5,0,0
1637865744748,12,Small,200,OK,true,51511,138,6,6,7,0,0
1637865744741,21,Small-Medium,200,OK,true,102713,139,6,6,5,0,0
1637865744721,46,Medium,200,OK,true,307513,139,6,6,6,0,0
1637865744759,31,Medium,200,OK,true,307513,139,6,6,6,0,0
1637865744710,90,Large,200,OK,true,1048891,137,6,6,4,0,0
1637865744791,28,Medium,200,OK,true,307513,139,6,6,6,0,0
1637865744772,50,Medium,200,OK,true,307513,139,6,6,6,0,0
1637865744702,128,Large,200,OK,true,1048891,137,6,6,5,0,0
1637865744819,12,Small-Medium,200,OK,true,102713,139,6,6,5,0,0
1637865744822,15,Small,200,OK,true,51511,138,6,6,5,0,0
1637865744800,41,Medium-Large,200,OK,true,512313,139,6,6,5,0,0
1637865744765,87,Medium-Large,200,OK,true,512313,139,6,6,5,0,0
1637865744844,11,Small-Medium,200,OK,true,102713,139,6,6,6,0,0
1637865744841,23,Medium,200,OK,true,307513,139,6,6,3,0,0
1637865744864,9,Small,200,OK,true,51511,138,6,6,4,0,0
1637865744768,161,Large,200,OK,true,1048891,137,6,6,5,0,0
1637865744929,10,Small,200,OK,true,51511,138,6,6,5,0,0
1637865744889,54,Medium-Large,200,OK,true,512313,139,6,6,15,0,0
1637865744830,113,Large,200,OK,true,1048891,137,6,6,4,0,0
1637865744943,9,Small,200,OK,true,51511,138,6,6,4,0,0
1637865744868,96,Large,200,OK,true,1048891,137,6,6,5,0,0
1637865744965,11,Small-Medium,200,OK,true,102713,139,6,6,4,0,0
1637865744943,46,Medium-Large,200,OK,true,512313,139,6,6,3,0,0
1637865744989,10,Small-Medium,200,OK,true,102713,139,6,6,4,0,0
1637865744989,14,Small-Medium,200,OK,true,102713,139,6,6,8,0,0
1637865744847,158,Large,200,OK,true,1048891,137,6,6,6,0,0
1637865744852,156,Large,200,OK,true,1048890,137,6,6,4,0,0
1637865745013,10,Small-Medium,200,OK,true,102713,139,6,6,9,0,0
1637865745014,24,Medium,200,OK,true,307513,139,6,6,8,0,0
1637865744968,89,Large,200,OK,true,1048891,137,6,6,5,0,0
1637865745038,28,Medium,200,OK,true,307513,139,6,6,5,0,0
1637865745057,11,Small,200,OK,true,51511,138,6,6,6,0,0
1637865745037,46,Medium-Large,200,OK,true,512313,139,6,6,5,0,0
1637865745005,81,Medium-Large,200,OK,true,512313,139,6,6,4,0,0
1637865745082,8,Small,200,OK,true,51511,138,6,6,4,0,0
1637865744953,138,Large,200,OK,true,1048891,137,6,6,5,0,0
1637865745091,10,Small,200,OK,true,51511,138,6,6,5,0,0
1637865745083,24,Medium,200,OK,true,307513,139,6,6,4,0,0
1637865745067,40,Medium-Large,200,OK,true,512313,139,6,6,3,0,0
1637865745116,11,Small,200,OK,true,51511,138,6,6,5,0,0
1637865745106,22,Small-Medium,200,OK,true,102713,139,6,6,10,0,0
1637865745107,41,Medium-Large,200,OK,true,512313,139,6,6,3,0,0
1637865745107,45,Medium-Large,200,OK,true,512313,139,6,6,7,0,0
1637865745140,14,Small-Medium,200,OK,true,102713,139,6,6,6,0,0
1637865745148,8,Small,200,OK,true,51511,138,6,6,4,0,0
1637865745008,151,Large,200,OK,true,1048890,137,6,6,4,0,0
1637865745086,74,Medium-Large,200,OK,true,512313,139,6,6,4,0,0
1637865745130,35,Medium,200,OK,true,307513,139,6,6,5,0,0
1637865745165,10,Small-Medium,200,OK,true,102713,139,6,6,4,0,0
1637865745189,10,Small,200,OK,true,51511,138,6,6,5,0,0
1637865745159,50,Medium,200,OK,true,307512,139,6,6,3,0,0
1637865745164,47,Medium,200,OK,true,307513,139,6,6,4,0,0
1637865745173,42,Medium-Large,200,OK,true,512313,139,6,6,5,0,0
1637865745211,10,Small,200,OK,true,51511,138,6,6,5,0,0
1637865745152,91,Large,200,OK,true,1048891,137,6,6,4,0,0
1637865745216,34,Medium,200,OK,true,307513,139,6,6,5,0,0
1637865745213,40,Medium,200,OK,true,307513,139,6,6,5,0,0
1637865745243,16,Small-Medium,200,OK,true,102713,139,6,6,7,0,0
1637865745209,50,Medium,200,OK,true,307512,139,6,6,4,0,0
1637865745250,11,Small,200,OK,true,51511,138,6,6,6,0,0
1637865745241,34,Medium,200,OK,true,307513,139,6,6,4,0,0
1637865745267,8,Small,200,OK,true,51511,138,6,6,4,0,0
1637865745253,23,Medium,200,OK,true,307513,139,6,6,5,0,0
1637865745275,5,Small,200,OK,true,51511,138,6,6,2,0,0
1637865745274,12,Small-Medium,200,OK,true,102713,139,6,6,7,0,0
1637865745259,34,Medium,200,OK,true,307512,139,6,6,4,0,0
1637865745160,140,Large,200,OK,true,1048891,137,6,6,4,0,0
1637865745293,15,Small-Medium,200,OK,true,102712,139,6,6,5,0,0
1637865745298,12,Small-Medium,200,OK,true,102713,139,6,6,6,0,0
1637865745299,12,Small,200,OK,true,51511,138,6,6,6,0,0
1637865745291,24,Medium,200,OK,true,307513,139,6,6,4,0,0
1637865745317,8,Small,200,OK,true,51510,138,6,6,4,0,0
1637865745322,9,Small,200,OK,true,51511,138,6,6,4,0,0
1637865745315,24,Medium,200,OK,true,307513,139,6,6,3,0,0
1637865745340,15,Small,200,OK,true,51511,138,6,6,10,0,0
1637865745276,80,Large,200,OK,true,1048891,137,6,6,3,0,0
1637865745346,10,Small-Medium,200,OK,true,102713,139,6,6,5,0,0
1637865745323,38,Medium,200,OK,true,307513,139,6,6,4,0,0
1637865745364,24,Medium,200,OK,true,307513,139,6,6,3,0,0
1637865745341,48,Medium,200,OK,true,307512,139,6,6,3,0,0
1637865745370,26,Medium,200,OK,true,307513,139,6,6,10,0,0
1637865745389,10,Small,200,OK,true,51510,138,6,6,6,0,0
1637865745396,9,Small-Medium,200,OK,true,102713,139,6,6,4,0,0
1637865745300,123,Large,200,OK,true,1048891,137,6,6,6,0,0
1637865745388,39,Medium-Large,200,OK,true,512313,139,6,6,4,0,0
1637865745421,10,Small,200,OK,true,51511,138,6,6,5,0,0
1637865745414,35,Medium,200,OK,true,307477,139,6,6,4,0,0
1637865745356,103,Large,200,OK,true,1048891,137,6,6,3,0,0
1637865745459,16,Small-Medium,200,OK,true,102713,139,6,6,5,0,0
1637865745449,55,Medium,200,OK,true,307514,139,6,6,11,0,6
1637865745361,157,Large,200,OK,true,1048891,137,6,6,4,0,0
1637865745428,91,Large,200,OK,true,1048891,137,6,6,5,0,0
1637865745519,11,Small-Medium,200,OK,true,102713,139,6,6,5,0,0
1637865745483,51,Medium,200,OK,true,307513,139,6,6,6,0,0
1637865745504,32,Medium,200,OK,true,307513,139,6,6,5,0,0
1637865745445,92,Large,200,OK,true,1048891,137,6,6,4,0,0
1637865745536,9,Small-Medium,200,OK,true,102713,139,6,6,3,0,0
1637865745544,9,Small,200,OK,true,51511,138,6,6,5,0,0
1637865745534,28,Medium,200,OK,true,307513,139,6,6,4,0,0
1637865745423,154,Large,200,OK,true,1048891,137,6,6,5,0,0
1637865745518,72,Medium-Large,200,OK,true,512313,139,6,6,5,0,0
1637865745568,41,Medium,200,OK,true,307513,139,6,6,7,0,0
1637865745609,11,Small,200,OK,true,51511,138,6,6,5,0,0
1637865745590,32,Small-Medium,200,OK,true,102713,139,6,6,16,0,0
1637865745622,8,Small,200,OK,true,51511,138,6,6,3,0,0
1637865745537,96,Large,200,OK,true,1048891,137,6,6,4,0,0
1637865745562,71,Medium-Large,200,OK,true,512313,139,6,6,5,0,0
1637865745633,12,Small-Medium,200,OK,true,102713,139,6,6,5,0,0
1637865745560,95,Large,200,OK,true,1048891,137,6,6,4,0,0
1637865745646,16,Small-Medium,200,OK,true,102713,139,6,6,5,0,0
1637865745655,9,Small-Medium,200,OK,true,102713,139,6,6,4,0,0
1637865745657,8,Small,200,OK,true,51511,138,6,6,4,0,0
1637865745577,93,Medium-Large,200,OK,true,512313,139,6,6,5,0,0
1637865745633,39,Medium-Large,200,OK,true,512313,139,6,6,4,0,0
1637865745671,4,Small,200,OK,true,51511,138,6,6,2,0,0
1637865745673,5,Small,200,OK,true,51511,138,6,6,2,0,0
1637865745634,46,Medium-Large,200,OK,true,512313,139,6,6,7,0,0
1637865745679,21,Medium,200,OK,true,307513,139,6,6,2,0,0
1637865745695,16,Small-Medium,200,OK,true,102713,139,6,6,5,0,0
1637865745681,48,Medium-Large,200,OK,true,512313,139,6,6,3,0,0
1637865745704,49,Medium-Large,200,OK,true,512313,139,6,6,5,0,0
1637865745754,11,Small,200,OK,true,51511,138,6,6,5,0,0
1637865745719,59,Medium,200,OK,true,307513,139,6,6,10,0,0
1637865745730,54,Medium-Large,200,OK,true,512313,139,6,6,5,0,0
1637865745697,91,Large,200,OK,true,1048891,137,6,6,6,0,0
1637865745778,10,Small,200,OK,true,51511,138,6,6,5,0,0
1637865745778,10,Small,200,OK,true,51511,138,6,6,5,0,0
1637865745671,119,Large,200,OK,true,1048891,137,6,6,2,0,0
1637865745680,145,Large,200,OK,true,1048891,137,6,6,6,0,0
1637865745784,46,Medium-Large,200,OK,true,512313,139,6,6,4,0,0
1637865745788,45,Medium-Large,200,OK,true,512313,139,6,6,4,0,0
1637865745825,10,Small,200,OK,true,51511,138,6,6,5,0,0
1637865745791,46,Medium,200,OK,true,307513,139,6,6,4,0,0
1637865745833,9,Small,200,OK,true,51511,138,6,6,4,0,0
1637865745802,45,Medium-Large,200,OK,true,512313,139,6,6,4,0,0
1637865745847,11,Small-Medium,200,OK,true,102713,139,6,6,5,0,0
1637865745857,10,Small-Medium,200,OK,true,102713,139,6,6,5,0,0
1637865745837,35,Medium,200,OK,true,307513,139,6,6,4,0,0
1637865745872,11,Small,200,OK,true,51511,138,6,6,5,0,0
1637865745872,16,Small-Medium,200,OK,true,102713,139,6,6,4,0,0
1637865745849,57,Medium-Large,200,OK,true,512313,139,6,6,4,0,0
1637865745881,26,Medium,200,OK,true,307513,139,6,6,5,0,0
1637865745830,81,Large,200,OK,true,1048891,137,6,6,5,0,0
1637865745906,10,Small,200,OK,true,51511,138,6,6,5,0,0
1637865745907,38,Medium,200,OK,true,307513,139,6,6,6,0,0
1637865745896,57,Medium-Large,200,OK,true,512313,139,6,6,6,0,0
1637865745953,12,Small,200,OK,true,51511,138,6,6,6,0,0
1637865745911,58,Medium-Large,200,OK,true,512313,139,6,6,5,0,0
1637865745946,31,Medium,200,OK,true,307513,139,6,6,5,0,0
1637865745802,179,Large,200,OK,true,1048891,137,6,6,9,0,0
1637865745896,86,Medium-Large,200,OK,true,512313,139,6,6,5,0,0
1637865745981,13,Small,200,OK,true,51511,138,6,6,6,0,0
1637865745969,33,Medium,200,OK,true,307513,139,6,6,4,0,0
1637865745977,26,Medium,200,OK,true,307513,139,6,6,4,0,0
1637865745982,21,Small-Medium,200,OK,true,102713,139,6,6,6,0,0
1637865745977,27,Medium,200,OK,true,307513,139,6,6,5,0,0
1637865745930,75,Medium-Large,200,OK,true,512313,139,6,6,19,0,0
1637865746003,9,Small-Medium,200,OK,true,102713,139,6,6,4,0,0
1637865746005,23,Small-Medium,200,OK,true,102713,139,6,6,3,0,0
1637865746028,9,Small,200,OK,true,51511,138,6,6,4,0,0
1637865746005,37,Medium,200,OK,true,307513,139,6,6,5,0,0
1637865746002,48,Medium-Large,200,OK,true,512313,139,6,6,3,0,0
1637865746006,51,Medium,200,OK,true,307513,139,6,6,5,0,0
1637865746052,13,Small-Medium,200,OK,true,102713,139,6,6,6,0,0
1637865746042,33,Medium,200,OK,true,307513,139,6,6,5,0,0
1637865746005,70,Medium-Large,200,OK,true,512313,139,6,6,9,0,0
1637865746030,52,Medium,200,OK,true,307513,139,6,6,5,0,0
1637865746075,11,Small-Medium,200,OK,true,102713,139,6,6,5,0,0
1637865746075,12,Small,200,OK,true,51511,138,6,6,6,0,0
1637865746077,13,Small-Medium,200,OK,true,102713,139,6,6,7,0,0
1637865746099,12,Small-Medium,200,OK,true,102713,139,6,6,5,0,0
1637865746057,60,Medium-Large,200,OK,true,512313,139,6,6,6,0,0
1637865746099,28,Medium,200,OK,true,307513,139,6,6,3,0,0
1637865746050,86,Large,200,OK,true,1048891,137,6,6,5,0,0
1637865746100,54,Medium-Large,200,OK,true,512313,139,6,6,8,0,0
1637865746136,52,Medium-Large,200,OK,true,512313,139,6,6,6,0,0
1637865746154,34,Medium,200,OK,true,307513,139,6,6,4,0,0
1637865746128,102,Large,200,OK,true,1048891,137,6,6,4,0,0
1637865746230,10,Small,200,OK,true,51511,138,6,6,5,0,0
1637865746188,52,Medium-Large,200,OK,true,512313,139,6,6,7,0,0
1637865746188,55,Medium-Large,200,OK,true,512313,139,6,6,5,0,0
1637865746082,170,Large,200,OK,true,1048891,137,6,6,6,0,0
1637865746254,13,Small-Medium,200,OK,true,102713,139,6,6,6,0,0
1637865746244,27,Medium,200,OK,true,307513,139,6,6,4,0,0
1637865746123,151,Large,200,OK,true,1048891,137,6,6,6,0,0
1637865746241,47,Medium-Large,200,OK,true,512313,139,6,6,3,0,0
1637865746278,12,Small-Medium,200,OK,true,102713,139,6,6,5,0,0
1637865746117,187,Large,200,OK,true,1048891,137,6,6,6,0,0
1637865746288,19,Small-Medium,200,OK,true,102713,139,6,6,16,0,0
1637865746304,14,Small,200,OK,true,51511,138,6,6,4,0,0
1637865746271,51,Medium-Large,200,OK,true,512313,139,6,6,3,0,0
1637865746304,27,Medium,200,OK,true,307513,139,6,6,5,0,0
1637865746322,11,Small-Medium,200,OK,true,102713,139,6,6,5,0,0
1637865746312,32,Medium,200,OK,true,307513,139,6,6,5,0,0
1637865746252,104,Medium-Large,200,OK,true,512313,139,6,6,6,0,0
1637865746346,10,Small,200,OK,true,51511,138,6,6,5,0,0
1637865746344,27,Medium,200,OK,true,307513,139,6,6,4,0,0
1637865746329,44,Medium,200,OK,true,307513,139,6,6,5,0,0
1637865746331,45,Medium-Large,200,OK,true,512313,139,6,6,5,0,0
1637865746370,11,Small,200,OK,true,51511,138,6,6,6,0,0
1637865746373,15,Small-Medium,200,OK,true,102713,139,6,6,4,0,0
1637865746376,12,Small-Medium,200,OK,true,102713,139,6,6,6,0,0
1637865746274,122,Large,200,OK,true,1048891,137,6,6,5,0,0
1637865746356,43,Medium,200,OK,true,307513,139,6,6,5,0,0
1637865746371,33,Medium-Large,200,OK,true,512313,139,6,6,2,0,0
1637865746404,13,Small-Medium,200,OK,true,102713,139,6,6,7,0,0
1637865746394,30,Medium,200,OK,true,307513,139,6,6,3,0,0
1637865746425,13,Small-Medium,200,OK,true,102713,139,6,6,6,0,0
1637865746428,12,Small,200,OK,true,51511,138,6,6,6,0,0
1637865746397,49,Medium,200,OK,true,307513,139,6,6,4,0,0
1637865746400,45,Medium-Large,200,OK,true,512313,139,6,6,5,0,0
1637865746399,47,Medium,200,OK,true,307513,139,6,6,5,0,0
1637865746396,54,Medium-Large,200,OK,true,512313,139,6,6,6,0,0
1637865746446,6,Small-Medium,200,OK,true,102713,139,6,6,1,0,0
1637865746446,8,Small,200,OK,true,51511,138,6,6,5,0,0
1637865746449,9,Small,200,OK,true,51511,138,6,6,4,0,0
1637865746450,8,Small,200,OK,true,51511,138,6,6,4,0,0
1637865746446,18,Medium,200,OK,true,307513,139,6,6,3,0,0
1637865746470,10,Small-Medium,200,OK,true,102713,139,6,6,3,0,0
1637865746470,14,Small,200,OK,true,51511,138,6,6,7,0,0
1637865746473,12,Small-Medium,200,OK,true,102713,139,6,6,6,0,0
1637865746452,50,Large,200,OK,true,1048891,137,6,6,4,0,0
1637865746494,11,Small-Medium,200,OK,true,102713,139,6,6,4,0,0
1637865746470,39,Medium,200,OK,true,307513,139,6,6,5,0,0
1637865746474,46,Medium-Large,200,OK,true,512313,139,6,6,7,0,0
1637865746502,31,Medium,200,OK,true,307513,139,6,6,5,0,0
1637865746497,54,Medium-Large,200,OK,true,512313,139,6,6,6,0,0
1637865746518,110,Large,200,OK,true,1048891,137,7,7,4,0,0
1637865746533,118,Large,200,OK,true,1048891,137,7,7,4,0,0
1637865746651,14,Small,200,OK,true,51511,138,7,7,7,0,0
1637865746551,120,Large,200,OK,true,1048891,137,7,7,7,0,0
1637865746628,72,Medium-Large,200,OK,true,512313,139,7,7,18,0,0
1637865746680,20,Small-Medium,200,OK,true,102713,139,7,7,7,0,0
1637865746520,190,Large,200,OK,true,1048891,137,7,7,6,0,0
1637865746555,159,Large,200,OK,true,1048892,137,7,7,13,0,6
1637865746494,221,Large,200,OK,true,1048891,137,7,7,8,0,0
1637865746509,210,Large,200,OK,true,1048891,137,7,7,4,0,0
1637865746715,28,Small-Medium,200,OK,true,102713,139,7,7,7,0,0
1637865746714,40,Medium,200,OK,true,307513,139,7,7,6,0,0
1637865746754,22,Small-Medium,200,OK,true,102713,139,7,7,11,0,0
1637865746671,106,Large,200,OK,true,1048891,137,7,7,6,0,0
1637865746782,14,Small,200,OK,true,51511,138,7,7,8,0,0
1637865746719,79,Medium,200,OK,true,307513,139,7,7,7,0,0
1637865746710,94,Medium-Large,200,OK,true,512313,139,7,7,7,0,0
1637865746700,109,Large,200,OK,true,1048891,137,7,7,5,0,0
1637865746744,70,Medium,200,OK,true,307513,139,7,7,8,0,0
1637865746809,12,Small,200,OK,true,51511,138,7,7,7,0,0
1637865746799,25,Small-Medium,200,OK,true,102713,139,7,7,7,0,0
1637865746707,119,Large,200,OK,true,1048891,137,7,7,7,0,0
1637865746778,50,Medium-Large,200,OK,true,512313,139,7,7,5,0,0
1637865746829,14,Small-Medium,200,OK,true,102713,139,7,7,6,0,0
1637865746837,12,Small,200,OK,true,51511,138,7,7,7,0,0
1637865746810,50,Medium-Large,200,OK,true,512313,139,7,7,6,0,0
1637865746860,37,Medium,200,OK,true,307513,139,7,7,5,0,0
1637865746897,13,Small,200,OK,true,51511,138,7,7,6,0,0
1637865746827,96,Medium-Large,200,OK,true,512313,139,7,7,5,0,0
1637865746826,102,Large,200,OK,true,1048891,137,7,7,4,0,0
1637865746925,15,Small-Medium,200,OK,true,102713,139,7,7,7,0,0
1637865746928,13,Small-Medium,200,OK,true,102713,139,7,7,6,0,0
1637865746804,165,Large,200,OK,true,1048891,137,7,7,6,0,0
1637865746957,15,Small-Medium,200,OK,true,102713,139,7,7,8,0,0
1637865746857,116,Large,200,OK,true,1048891,137,7,7,4,0,0
1637865746865,109,Large,200,OK,true,1048891,137,7,7,8,0,0
1637865746923,110,Medium-Large,200,OK,true,512313,139,7,7,8,0,0
1637865746974,78,Medium-Large,200,OK,true,512313,139,7,7,16,0,0
1637865747052,13,Small-Medium,200,OK,true,102713,139,7,7,5,0,0
1637865746815,250,Large,200,OK,true,1048891,137,7,7,6,0,0
1637865747033,32,Small-Medium,200,OK,true,102713,139,7,7,7,0,0
1637865746970,95,Medium-Large,200,OK,true,512313,139,7,7,5,0,0
1637865746953,116,Large,200,OK,true,1048891,137,7,7,4,0,0
1637865747065,11,Small,200,OK,true,51511,138,7,7,6,0,0
1637865747069,13,Small-Medium,200,OK,true,102713,139,7,7,6,0,0
1637865746974,112,Large,200,OK,true,1048891,137,7,7,17,0,0
1637865747065,23,Small-Medium,200,OK,true,102713,139,7,7,5,0,0
1637865747080,11,Small-Medium,200,OK,true,102713,139,7,7,6,0,0
1637865746990,103,Large,200,OK,true,1048891,137,7,7,7,0,0
1637865747093,9,Small-Medium,200,OK,true,102713,139,7,7,2,0,0
1637865747065,57,Medium,200,OK,true,307513,139,7,7,4,0,0
1637865747086,49,Medium-Large,200,OK,true,512313,139,7,7,4,0,0
1637865747121,14,Small,200,OK,true,51511,138,7,7,7,0,0
1637865747108,33,Medium,200,OK,true,307513,139,7,7,8,0,0
1637865747093,52,Medium-Large,200,OK,true,512313,139,7,7,5,0,0
1637865747149,15,Small,200,OK,true,51511,138,7,7,7,0,0
1637865747177,14,Small,200,OK,true,51511,138,7,7,7,0,0
1637865747093,103,Medium-Large,200,OK,true,512313,139,7,7,7,0,0
1637865747142,54,Medium-Large,200,OK,true,512313,139,7,7,4,0,0
1637865747145,55,Medium-Large,200,OK,true,512313,139,7,7,6,0,0
1637865747098,113,Large,200,OK,true,1048891,137,7,7,5,0,0
1637865747200,14,Small,200,OK,true,51511,138,7,7,7,0,0
1637865747205,14,Small,200,OK,true,51511,138,7,7,6,0,0
1637865747196,34,Medium,200,OK,true,307513,139,7,7,5,0,0
1637865747135,101,Large,200,OK,true,1048891,137,7,7,7,0,0
1637865747230,12,Small,200,OK,true,51511,138,7,7,6,0,0
1637865747211,49,Medium-Large,200,OK,true,512313,139,7,7,6,0,0
1637865747258,13,Small,200,OK,true,51511,138,7,7,6,0,0
1637865747196,89,Medium-Large,200,OK,true,512313,139,7,7,5,0,0
1637865747236,52,Medium-Large,200,OK,true,512313,139,7,7,6,0,0
1637865747288,14,Small,200,OK,true,51511,138,7,7,6,0,0
1637865747261,53,Medium-Large,200,OK,true,512313,139,7,7,5,0,0
1637865747229,111,Large,200,OK,true,1048891,137,7,7,5,0,0
1637865747122,234,Large,200,OK,true,1048891,137,7,7,7,0,0
1637865747286,123,Large,200,OK,true,1048891,137,7,7,6,0,0
1637865747233,210,Large,200,OK,true,1048891,137,7,7,6,0,0
1637865747314,137,Large,200,OK,true,1048891,137,7,7,18,0,0
1637865747329,128,Large,200,OK,true,1048891,137,7,7,8,0,0
1637865747341,123,Large,200,OK,true,1048891,137,7,7,8,0,0
1637865747452,14,Small-Medium,200,OK,true,102713,139,7,7,6,0,0
1637865747457,14,Small-Medium,200,OK,true,102713,139,7,7,8,0,0
1637865747464,55,Medium-Large,200,OK,true,512313,139,7,7,5,0,0
1637865747285,235,Large,200,OK,true,1048891,137,7,7,6,0,0
1637865747410,112,Large,200,OK,true,1048891,137,7,7,6,0,0
1637865747521,27,Small-Medium,200,OK,true,102713,139,7,7,8,0,0
1637865747522,67,Medium-Large,200,OK,true,512313,139,7,7,8,0,0
1637865747486,116,Large,200,OK,true,1048891,137,7,7,6,0,0
1637865747480,126,Large,200,OK,true,1048891,137,7,7,6,0,0
1637865747603,13,Small-Medium,200,OK,true,102713,139,7,7,6,0,0
1637865747606,13,Small-Medium,200,OK,true,102713,139,7,7,6,0,0
1637865747519,110,Large,200,OK,true,1048891,137,7,7,6,0,0
1637865747357,281,Large,200,OK,true,1048891,137,7,7,7,0,0
1637865747444,195,Large,200,OK,true,1048891,137,7,7,4,0,0
1637865747629,11,Small-Medium,200,OK,true,102713,139,7,7,4,0,0
1637865747634,13,Small-Medium,200,OK,true,102713,139,7,7,6,0,0
1637865747639,26,Small-Medium,200,OK,true,102713,139,7,7,6,0,0
1637865747665,22,Small,200,OK,true,51511,138,7,7,14,0,0
1637865747590,107,Large,200,OK,true,1048891,137,7,7,6,0,0
1637865747687,13,Small-Medium,200,OK,true,102713,139,7,7,6,0,0
1637865747665,36,Medium,200,OK,true,307513,139,7,7,5,0,0
1637865747697,13,Small-Medium,200,OK,true,102713,139,7,7,6,0,0
1637865747701,36,Medium,200,OK,true,307513,139,7,7,7,0,0
1637865747631,107,Large,200,OK,true,1048891,137,7,7,5,0,0
1637865747725,14,Small-Medium,200,OK,true,102713,139,7,7,7,0,0
1637865747737,9,Small,200,OK,true,51511,138,7,7,5,0,0
1637865747738,9,Small,200,OK,true,51511,138,7,7,4,0,0
1637865747550,204,Large,200,OK,true,1048891,137,7,7,6,0,0
1637865747667,89,Medium-Large,200,OK,true,512313,139,7,7,9,0,0
1637865747765,13,Small-Medium,200,OK,true,102713,139,7,7,5,0,0
1637865747767,14,Small-Medium,200,OK,true,102713,139,7,7,6,0,0
1637865747753,33,Medium,200,OK,true,307513,139,7,7,3,0,0
1637865747787,10,Small,200,OK,true,51511,138,7,7,5,0,0
1637865747754,46,Medium,200,OK,true,307513,139,7,7,5,0,0
1637865747715,90,Large,200,OK,true,1048891,137,7,7,5,0,0
1637865747793,13,Small-Medium,200,OK,true,102713,139,7,7,5,0,0
1637865747638,188,Large,200,OK,true,1048891,137,7,7,7,0,0
1637865747795,32,Medium,200,OK,true,307513,139,7,7,6,0,0
1637865747821,11,Small,200,OK,true,51511,138,7,7,7,0,0
1637865747805,31,Medium,200,OK,true,307513,139,7,7,5,0,0
1637865747827,10,Small,200,OK,true,51511,138,7,7,5,0,0
1637865747836,10,Small-Medium,200,OK,true,102713,139,7,7,4,0,0
1637865747855,15,Small,200,OK,true,51511,138,7,7,9,0,0
1637865747865,13,Small-Medium,200,OK,true,102713,139,7,7,5,0,0
1637865747800,80,Medium-Large,200,OK,true,512313,139,7,7,7,0,0
1637865747827,60,Medium,200,OK,true,307513,139,7,7,6,0,0
1637865747883,10,Small,200,OK,true,51511,138,7,7,5,0,0
1637865747756,139,Large,200,OK,true,1048891,137,7,7,4,0,0
1637865747815,89,Large,200,OK,true,1048891,137,7,7,6,0,0
1637865747911,13,Small,200,OK,true,51511,138,7,7,6,0,0
1637865747904,36,Medium,200,OK,true,307513,139,7,7,6,0,0
1637865747849,94,Large,200,OK,true,1048891,137,7,7,4,0,0
1637865747888,60,Medium,200,OK,true,307513,139,7,7,5,0,0
1637865747895,58,Medium,200,OK,true,307513,139,7,7,6,0,0
1637865747954,14,Small,200,OK,true,51511,138,7,7,6,0,0
1637865747943,69,Medium-Large,200,OK,true,512313,139,7,7,5,0,0
1637865747893,133,Large,200,OK,true,1048891,137,7,7,6,0,0
1637865748012,18,Small-Medium,200,OK,true,102713,139,7,7,6,0,0
1637865747982,59,Medium,200,OK,true,307513,139,7,7,6,0,0
1637865748041,15,Small,200,OK,true,51511,138,7,7,8,0,0
1637865747939,117,Large,200,OK,true,1048891,137,7,7,5,0,0
1637865747940,118,Large,200,OK,true,1048891,137,7,7,6,0,0
1637865748026,34,Medium,200,OK,true,307513,139,7,7,5,0,0
1637865748056,11,Small-Medium,200,OK,true,102713,139,7,7,4,0,0
1637865747880,193,Large,200,OK,true,1048891,137,7,7,4,0,0
1637865748040,33,Medium,200,OK,true,307513,139,7,7,6,0,0
1637865748070,19,Small-Medium,200,OK,true,102713,139,7,7,6,0,0
1637865748058,33,Medium,200,OK,true,307513,139,7,7,5,0,0
1637865748060,34,Medium,200,OK,true,307513,139,7,7,5,0,0
1637865748091,14,Small-Medium,200,OK,true,102713,139,7,7,6,0,0
1637865748094,14,Small-Medium,200,OK,true,102713,139,7,7,6,0,0
1637865748119,13,Small,200,OK,true,51511,138,7,7,6,0,0
1637865748085,57,Medium-Large,200,OK,true,512313,139,7,7,6,0,0
1637865748122,37,Medium,200,OK,true,307513,139,7,7,7,0,0
1637865748073,107,Large,200,OK,true,1048891,137,7,7,7,0,0
1637865748142,40,Medium,200,OK,true,307513,139,7,7,6,0,0
1637865748098,91,Medium-Large,200,OK,true,512313,139,7,7,7,0,0
1637865748180,10,Small-Medium,200,OK,true,102713,139,7,7,4,0,0
1637865748183,10,Small,200,OK,true,51511,138,7,7,4,0,0
1637865747948,245,Large,200,OK,true,1048891,137,7,7,6,0,0
1637865748147,56,Medium-Large,200,OK,true,512313,139,7,7,7,0,0
1637865748203,9,Small,200,OK,true,51511,138,7,7,4,0,0
1637865748211,13,Small-Medium,200,OK,true,102713,139,7,7,6,0,0
1637865748208,28,Medium,200,OK,true,307513,139,7,7,6,0,0
1637865748231,13,Small-Medium,200,OK,true,102713,139,7,7,6,0,0
1637865748073,179,Large,200,OK,true,1048891,137,7,7,4,0,0
1637865748194,59,Medium,200,OK,true,307513,139,7,7,5,0,0
1637865748159,100,Large,200,OK,true,1048891,137,7,7,7,0,0
1637865748259,32,Medium,200,OK,true,307513,139,7,7,5,0,0
1637865748236,57,Medium-Large,200,OK,true,512313,139,7,7,7,0,0
1637865748259,39,Medium,200,OK,true,307513,139,7,7,7,0,0
1637865748291,33,Medium,200,OK,true,307513,139,7,7,6,0,0
1637865748324,12,Small,200,OK,true,51511,138,7,7,5,0,0
1637865748298,40,Medium,200,OK,true,307513,139,7,7,7,0,0
1637865748239,113,Large,200,OK,true,1048891,137,7,7,6,0,0
1637865748252,104,Medium-Large,200,OK,true,512313,139,7,7,6,0,0
1637865748189,180,Large,200,OK,true,1048891,137,7,7,5,0,0
1637865748352,18,Small-Medium,200,OK,true,102713,139,7,7,4,0,0
1637865748356,22,Small-Medium,200,OK,true,102713,139,7,7,14,0,0
1637865748369,20,Small-Medium,200,OK,true,102713,139,7,7,5,0,0
1637865748293,128,Large,200,OK,true,1048891,137,7,7,5,0,0
1637865748385,61,Medium,200,OK,true,307513,139,7,7,5,0,0
1637865748338,115,Large,200,OK,true,1048891,137,7,7,6,0,0
1637865748446,14,Small,200,OK,true,51511,138,7,7,7,0,0
1637865748453,12,Small-Medium,200,OK,true,102713,139,7,7,5,0,0
1637865748352,134,Large,200,OK,true,1048891,137,7,7,17,0,0
1637865748253,234,Large,200,OK,true,1048891,137,7,7,6,0,0
1637865748487,13,Small-Medium,200,OK,true,102713,139,7,7,6,0,0
1637865748475,25,Small-Medium,200,OK,true,102713,139,7,7,11,0,0
1637865748380,121,Large,200,OK,true,1048891,137,7,7,6,0,0
1637865748488,24,Small-Medium,200,OK,true,102713,139,7,7,9,0,0
1637865748504,11,Small,200,OK,true,51511,138,7,7,5,0,0
1637865748515,12,Small-Medium,200,OK,true,102713,139,7,7,5,0,0
1637865748421,111,Large,200,OK,true,1048891,137,7,7,6,0,0
1637865748481,54,Medium-Large,200,OK,true,512313,139,7,7,9,0,0
1637865748502,46,Medium-Large,200,OK,true,512313,139,7,7,5,0,0
1637865748535,14,Small-Medium,200,OK,true,102713,139,7,7,6,0,0
1637865748564,13,Small-Medium,200,OK,true,102713,139,7,7,6,0,0
1637865748399,185,Large,200,OK,true,1048891,137,7,7,6,0,0
1637865748548,36,Medium,200,OK,true,307513,139,7,7,6,0,0
1637865748533,53,Medium-Large,200,OK,true,512313,139,7,7,4,0,0
1637865748516,70,Medium,200,OK,true,307513,139,7,7,8,0,0
1637865748587,16,Small,200,OK,true,51511,138,7,7,7,0,0
1637865748592,33,Medium,200,OK,true,307513,139,7,7,6,0,0
1637865748586,41,Medium,200,OK,true,307513,139,7,7,6,0,0
1637865748543,117,Large,200,OK,true,1048890,137,7,7,6,0,0
1637865748625,40,Medium,200,OK,true,307513,139,7,7,6,0,0
1637865748584,89,Medium-Large,200,OK,true,512313,139,7,7,4,0,0
1637865748627,59,Medium-Large,200,OK,true,512313,139,7,7,6,0,0
1637865748585,117,Large,200,OK,true,1048891,137,7,7,4,0,0
1637865748665,38,Medium,200,OK,true,307513,139,7,7,6,0,0
1637865748614,108,Medium,200,OK,true,307513,139,7,7,7,0,0
1637865748673,63,Medium,200,OK,true,307513,139,7,7,7,0,0
1637865748531,213,Large,200,OK,true,1048891,137,7,7,7,0,0
1637865748736,19,Small-Medium,200,OK,true,102713,139,7,7,6,0,0
1637865748764,13,Small,200,OK,true,51511,138,7,7,6,0,0
1637865748660,133,Large,200,OK,true,1048890,137,7,7,6,0,0
1637865748792,20,Small-Medium,200,OK,true,102713,139,7,7,6,0,0
1637865748745,67,Medium,200,OK,true,307513,139,7,7,9,0,0
1637865748686,130,Large,200,OK,true,1048891,137,7,7,5,0,0
1637865748704,116,Large,200,OK,true,1048891,137,7,7,5,0,0
1637865748812,11,Small,200,OK,true,51511,138,7,7,6,0,0
1637865748702,122,Large,200,OK,true,1048891,137,7,7,5,0,0
1637865748794,34,Medium,200,OK,true,307512,139,7,7,5,0,0
1637865748820,13,Small,200,OK,true,51511,138,7,7,7,0,0
1637865748722,114,Medium-Large,200,OK,true,512313,139,7,7,8,0,0
1637865748816,37,Medium,200,OK,true,307513,139,7,7,5,0,0
1637865748836,17,Small,200,OK,true,51511,138,7,7,6,0,0
1637865748820,34,Medium,200,OK,true,307513,139,7,7,5,0,0
1637865748853,11,Small,200,OK,true,51511,138,7,7,5,0,0
1637865748825,50,Medium-Large,200,OK,true,512313,139,7,7,6,0,0
1637865748828,50,Medium-Large,200,OK,true,512312,139,7,7,5,0,0
1637865748879,14,Small,200,OK,true,51510,138,7,7,7,0,0
1637865748854,40,Medium,200,OK,true,307513,139,7,7,7,0,0
1637865748854,54,Medium-Large,200,OK,true,512313,139,7,7,5,0,0
1637865748876,45,Medium,200,OK,true,307513,139,7,7,4,0,0
1637865748875,56,Medium-Large,200,OK,true,512313,139,7,7,8,0,0
1637865748921,12,Small,200,OK,true,51511,138,7,7,5,0,0
1637865748907,35,Medium,200,OK,true,307512,139,7,7,4,0,0
1637865748931,13,Small-Medium,200,OK,true,102712,139,7,7,7,0,0
1637865748864,115,Medium-Large,200,OK,true,512313,139,7,7,7,0,0
1637865748979,20,Small,200,OK,true,51511,138,7,7,6,0,0
1637865748894,109,Large,200,OK,true,1048891,137,7,7,5,0,0
1637865748949,57,Medium,200,OK,true,307513,139,7,7,5,0,0
1637865748908,105,Large,200,OK,true,1048891,137,7,7,6,0,0
1637865748959,59,Medium-Large,200,OK,true,512312,139,7,7,6,0,0
1637865749013,11,Small,200,OK,true,51511,138,7,7,6,0,0
1637865749007,19,Small,200,OK,true,51511,138,7,7,7,0,0
1637865748840,203,Large,200,OK,true,1048891,137,7,7,6,0,0
1637865748942,114,Large,200,OK,true,1048890,137,7,7,5,0,0
1637865749043,42,Small-Medium,200,OK,true,102713,139,7,7,7,0,0
1637865749018,69,Medium-Large,200,OK,true,512312,139,7,7,6,0,0
1637865749085,26,Small-Medium,200,OK,true,102713,139,7,7,6,0,0
1637865749006,105,Medium-Large,200,OK,true,512313,139,7,7,7,0,0
1637865749057,64,Medium-Large,200,OK,true,512312,139,7,7,16,0,0
1637865749003,120,Large,200,OK,true,1048891,137,7,7,6,0,0
1637865749087,38,Medium,200,OK,true,307512,139,7,7,6,0,0
1637865749124,13,Small,200,OK,true,51511,138,7,7,6,0,0
1637865749125,12,Small,200,OK,true,51510,138,7,7,6,0,0
1637865749041,112,Large,200,OK,true,1048891,137,7,7,8,0,0
1637865749035,124,Medium-Large,200,OK,true,512313,139,7,7,6,0,0
1637865749153,10,Small,200,OK,true,51510,138,6,6,5,0,0
1637865749154,11,Small,200,OK,true,51511,138,6,6,6,0,0
1637865749121,51,Medium-Large,200,OK,true,512312,139,6,6,6,0,0
1637865749172,5,Small,200,OK,true,51475,138,6,6,4,0,0
1637865749177,13,Small-Medium,200,OK,true,102712,139,6,6,5,0,0
1637865749151,42,Medium-Large,200,OK,true,512313,139,6,6,4,0,0
1637865749193,9,Small-Medium,200,OK,true,102713,139,6,6,4,0,0
1637865749178,30,Medium,200,OK,true,307513,139,6,6,6,0,0
1637865749111,114,Large,200,OK,true,1048891,137,6,6,6,0,0
1637865749208,31,Medium,200,OK,true,307513,139,6,6,5,0,0
1637865749225,16,Small-Medium,200,OK,true,102713,139,6,6,5,0,0
1637865749217,31,Medium,200,OK,true,307513,139,6,6,5,0,0
1637865749201,49,Medium-Large,200,OK,true,512312,139,6,6,7,0,0
1637865749113,146,Large,200,OK,true,1048891,137,6,6,7,0,0
1637865749250,10,Small-Medium,200,OK,true,102712,139,6,6,4,0,0
1637865749239,28,Medium,200,OK,true,307513,139,6,6,5,0,0
1637865749259,12,Small-Medium,200,OK,true,102713,139,6,6,4,0,0
1637865749251,26,Medium,200,OK,true,307513,139,6,6,5,0,0
1637865749274,5,Small,200,OK,true,51475,138,6,6,4,0,0
1637865749248,41,Medium-Large,200,OK,true,512313,139,6,6,3,0,0
1637865749289,25,Medium,200,OK,true,307513,139,6,6,4,0,0
1637865749314,8,Small,200,OK,true,51511,138,6,6,4,0,0
1637865749297,34,Small-Medium,200,OK,true,102714,139,6,6,15,0,6
1637865749331,12,Small-Medium,200,OK,true,102713,139,6,6,5,0,0
1637865749196,151,Medium-Large,200,OK,true,512314,139,6,6,12,0,5
1637865749267,90,Large,200,OK,true,1048891,137,6,6,8,0,0
1637865749278,108,Large,200,OK,true,1048891,137,6,6,4,0,0
1637865749283,169,Large,200,OK,true,1048891,137,6,6,5,0,0
1637865749338,115,Large,200,OK,true,1048891,137,6,6,6,0,0
1637865749452,20,Small-Medium,200,OK,true,102713,139,6,6,4,0,0
1637865749355,121,Large,200,OK,true,1048891,137,6,6,5,0,0
1637865749357,121,Large,200,OK,true,1048891,137,6,6,7,0,0
1637865749386,93,Medium-Large,200,OK,true,512313,139,6,6,5,0,0
1637865749476,9,Small-Medium,200,OK,true,102713,139,6,6,3,0,0
1637865749478,10,Small-Medium,200,OK,true,102713,139,6,6,4,0,0
1637865749477,16,Small-Medium,200,OK,true,102713,139,6,6,4,0,0
1637865749454,40,Medium-Large,200,OK,true,512313,139,6,6,4,0,0
1637865749495,6,Small-Medium,200,OK,true,102713,139,6,6,2,0,0
1637865749503,11,Small-Medium,200,OK,true,102713,139,6,6,4,0,0
1637865749501,15,Small-Medium,200,OK,true,102713,139,6,6,3,0,0
1637865749501,23,Medium,200,OK,true,307513,139,6,6,2,0,0
1637865749524,12,Small,200,OK,true,51511,138,6,6,6,0,0
1637865749524,17,Small-Medium,200,OK,true,102713,139,6,6,3,0,0
1637865749347,197,Medium-Large,200,OK,true,512313,139,6,6,5,0,0
1637865749480,79,Large,200,OK,true,1048891,137,6,6,4,0,0
1637865749527,92,Large,200,OK,true,1048891,137,6,6,5,0,0
1637865749522,98,Large,200,OK,true,1048891,137,6,6,4,0,0
1637865749548,88,Medium-Large,200,OK,true,512313,139,6,6,5,0,0
1637865749549,93,Large,200,OK,true,1048891,137,6,6,6,0,0
1637865749560,83,Medium-Large,200,OK,true,512313,139,6,6,4,0,0
1637865749643,10,Small,200,OK,true,51511,138,6,6,4,0,0
1637865749642,28,Medium,200,OK,true,307513,139,6,6,6,0,0
1637865749620,51,Medium-Large,200,OK,true,512313,139,6,6,7,0,0
1637865749667,13,Small-Medium,200,OK,true,102713,139,6,6,5,0,0
1637865749671,13,Small,200,OK,true,51511,138,6,6,8,0,0
1637865749670,23,Medium,200,OK,true,307513,139,6,6,6,0,0
1637865749693,12,Small-Medium,200,OK,true,102713,139,6,6,5,0,0
1637865749695,11,Small-Medium,200,OK,true,102713,139,6,6,5,0,0
1637865749691,16,Small-Medium,200,OK,true,102713,139,6,6,4,0,0
1637865749619,88,Large,200,OK,true,1048891,137,6,6,4,0,0
1637865749718,55,Medium-Large,200,OK,true,512313,139,6,6,4,0,0
1637865749636,142,Large,200,OK,true,1048891,137,6,6,5,0,0
1637865749778,10,Small,200,OK,true,51511,138,6,6,5,0,0
1637865749715,78,Medium-Large,200,OK,true,512313,139,6,6,3,0,0
1637865749544,258,Large,200,OK,true,1048891,137,6,6,4,0,0
1637865749708,105,Large,200,OK,true,1048891,137,6,6,2,0,0
1637865749802,12,Small,200,OK,true,51511,138,6,6,5,0,0
1637865749802,17,Small-Medium,200,OK,true,102713,139,6,6,6,0,0
1637865749813,9,Small-Medium,200,OK,true,102713,139,6,6,4,0,0
1637865749719,106,Large,200,OK,true,1048891,137,6,6,6,0,0
1637865749838,11,Small,200,OK,true,51511,138,6,6,6,0,0
1637865749773,86,Large,200,OK,true,1048891,137,6,6,5,0,0
1637865749862,12,Small-Medium,200,OK,true,102713,139,6,6,5,0,0
1637865749827,51,Medium,200,OK,true,307513,139,6,6,5,0,0
1637865749878,11,Small,200,OK,true,51511,138,6,6,4,0,0
1637865749886,12,Small-Medium,200,OK,true,102713,139,6,6,6,0,0
1637865749859,46,Medium-Large,200,OK,true,512313,139,6,6,5,0,0
1637865749825,87,Large,200,OK,true,1048890,137,6,6,3,0,0
1637865749826,86,Medium-Large,200,OK,true,512313,139,6,6,5,0,0
1637865749793,120,Large,200,OK,true,1048891,137,6,6,5,0,0
1637865749905,23,Medium,200,OK,true,307513,139,6,6,7,0,0
1637865749902,39,Medium,200,OK,true,307513,139,6,6,11,0,0
1637865749912,31,Medium,200,OK,true,307512,139,6,6,4,0,0
1637865749929,14,Small-Medium,200,OK,true,102713,139,6,6,5,0,0
1637865749911,34,Medium,200,OK,true,307513,139,6,6,7,0,0
1637865749943,9,Small-Medium,200,OK,true,102712,139,6,6,3,0,0
1637865749941,13,Small-Medium,200,OK,true,102713,139,6,6,4,0,0
1637865749945,10,Small-Medium,200,OK,true,102713,139,6,6,4,0,0
1637865749913,55,Medium-Large,200,OK,true,512313,139,6,6,7,0,0
1637865749913,81,Medium-Large,200,OK,true,512313,139,6,6,5,0,0
1637865749968,49,Medium,200,OK,true,307513,139,6,6,5,0,0
1637865749967,53,Medium-Large,200,OK,true,512312,139,6,6,5,0,0
1637865749995,28,Small-Medium,200,OK,true,102713,139,6,6,6,0,0
1637865749969,54,Medium-Large,200,OK,true,512313,139,6,6,7,0,0
1637865749965,58,Medium,200,OK,true,307512,139,6,6,4,0,0
1637865750017,14,Small-Medium,200,OK,true,102713,139,6,6,4,0,0
1637865749954,84,Large,200,OK,true,1048891,137,6,6,2,0,0
1637865750023,35,Medium,200,OK,true,307513,139,6,6,7,0,0
1637865750038,28,Medium,200,OK,true,307513,139,6,6,4,0,0
1637865750020,47,Medium-Large,200,OK,true,512312,139,6,6,3,0,0
1637865750058,10,Small,200,OK,true,51511,138,6,6,5,0,0
1637865750023,68,Medium-Large,200,OK,true,512312,139,6,6,4,0,0
1637865750067,26,Medium,200,OK,true,307512,139,6,6,5,0,0
1637865750041,81,Medium-Large,200,OK,true,512313,139,6,6,7,0,0
1637865750083,41,Medium,200,OK,true,307513,139,6,6,5,0,0
1637865750023,106,Medium-Large,200,OK,true,512313,139,6,6,4,0,0
1637865750124,10,Small,200,OK,true,51511,138,6,6,4,0,0
1637865750093,42,Medium,200,OK,true,307512,139,6,6,15,0,0
1637865750122,41,Medium,200,OK,true,307513,139,6,6,4,0,0
1637865750066,102,Large,200,OK,true,1048891,137,6,6,3,0,0
1637865750169,11,Small,200,OK,true,51511,138,6,6,6,0,0
1637865750135,48,Medium-Large,200,OK,true,512312,139,6,6,5,0,0
1637865750091,94,Medium-Large,200,OK,true,512312,139,6,6,17,0,0
1637865750193,13,Small-Medium,200,OK,true,102713,139,6,6,4,0,0
1637865750183,29,Medium,200,OK,true,307512,139,6,6,5,0,0
1637865750163,69,Medium-Large,200,OK,true,512313,139,6,6,6,0,0
1637865750148,106,Large,200,OK,true,1048891,137,6,6,5,0,0
1637865750212,51,Medium-Large,200,OK,true,512277,139,6,6,4,0,0
1637865750217,57,Medium-Large,200,OK,true,512313,139,6,6,6,0,0
1637865750263,20,Small,200,OK,true,51512,138,6,6,10,0,4
1637865750232,65,Medium-Large,200,OK,true,512313,139,6,6,5,0,0
1637865750274,26,Medium,200,OK,true,307513,139,6,6,4,0,0
1637865750287,17,Small-Medium,200,OK,true,102713,139,6,6,6,0,0
1637865750311,10,Small,200,OK,true,51511,138,6,6,5,0,0
1637865750129,196,Large,200,OK,true,1048891,137,6,6,6,0,0
1637865750325,10,Small,200,OK,true,51511,138,6,6,5,0,0
1637865750255,84,Large,200,OK,true,1048891,137,6,6,5,0,0
1637865750297,45,Medium,200,OK,true,307513,139,6,6,5,0,0
1637865750185,164,Large,200,OK,true,1048890,137,6,6,5,0,0
1637865750339,10,Small,200,OK,true,51511,138,6,6,5,0,0
1637865750342,9,Small-Medium,200,OK,true,102712,139,6,6,4,0,0
1637865750349,8,Small,200,OK,true,51510,138,6,6,4,0,0
1637865750335,24,Medium,200,OK,true,307513,139,6,6,5,0,0
1637865750360,6,Small-Medium,200,OK,true,102713,139,6,6,2,0,0
1637865750300,86,Large,200,OK,true,1048891,137,6,6,5,0,0
1637865750383,10,Small,200,OK,true,51511,138,6,6,4,0,0
1637865750386,11,Small-Medium,200,OK,true,102713,139,6,6,5,0,0
1637865750366,34,Medium,200,OK,true,307512,139,6,6,3,0,0
1637865750364,39,Medium-Large,200,OK,true,512313,139,6,6,3,0,0
1637865750349,67,Medium-Large,200,OK,true,512313,139,6,6,5,0,0
1637865750416,14,Small,200,OK,true,51511,138,6,6,5,0,0
1637865750373,63,Medium-Large,200,OK,true,512312,139,6,6,5,0,0
1637865750436,20,Small,200,OK,true,51510,138,6,6,4,0,0
1637865750403,53,Medium-Large,200,OK,true,512313,139,6,6,4,0,0
1637865750400,64,Medium-Large,200,OK,true,512312,139,6,6,3,0,0
1637865750456,8,Small,200,OK,true,51511,138,6,6,4,0,0
1637865750407,69,Medium-Large,200,OK,true,512313,139,6,6,5,0,0
1637865750480,11,Small-Medium,200,OK,true,102713,139,6,6,4,0,0
1637865750460,43,Medium,200,OK,true,307512,139,6,6,5,0,0
1637865750411,94,Large,200,OK,true,1048891,137,6,6,6,0,0
1637865750506,11,Small-Medium,200,OK,true,102713,139,6,6,5,0,0
1637865750464,57,Medium-Large,200,OK,true,512312,139,6,6,5,0,0
1637865750440,92,Medium-Large,200,OK,true,512313,139,6,6,16,0,0
1637865750476,60,Medium-Large,200,OK,true,512313,139,6,6,5,0,0
1637865750504,43,Medium-Large,200,OK,true,512313,139,6,6,5,0,0
1637865750521,36,Medium,200,OK,true,307512,139,6,6,4,0,0
1637865750547,11,Small-Medium,200,OK,true,102713,139,6,6,5,0,0
1637865750504,69,Medium-Large,200,OK,true,512312,139,6,6,4,0,0
1637865750530,43,Medium-Large,200,OK,true,512313,139,6,6,4,0,0
1637865750574,12,Small,200,OK,true,51511,138,6,6,6,0,0
1637865750536,66,Medium-Large,200,OK,true,512313,139,6,6,7,0,0
1637865750571,46,Medium-Large,200,OK,true,512313,139,6,6,4,0,0
1637865750602,15,Small-Medium,200,OK,true,102713,139,6,6,5,0,0
1637865750598,27,Medium,200,OK,true,307513,139,6,6,5,0,0
1637865750558,67,Medium-Large,200,OK,true,512312,139,6,6,4,0,0
1637865750625,14,Small,200,OK,true,51510,138,6,6,8,0,0
1637865750625,47,Medium-Large,200,OK,true,512313,139,6,6,4,0,0
1637865750626,47,Medium,200,OK,true,307513,139,6,6,6,0,0
1637865750650,43,Medium,200,OK,true,307512,139,6,6,4,0,0
1637865750532,171,Large,200,OK,true,1048891,137,6,6,4,0,0
1637865750673,32,Medium,200,OK,true,307513,139,6,6,4,0,0
1637865750617,89,Large,200,OK,true,1048891,137,6,6,6,0,0
1637865750573,140,Large,200,OK,true,1048855,137,6,6,5,0,0
1637865750704,10,Small,200,OK,true,51511,138,6,6,4,0,0
1637865750705,11,Small-Medium,200,OK,true,102713,139,6,6,4,0,0
1637865750706,11,Small-Medium,200,OK,true,102713,139,6,6,5,0,0
1637865750693,43,Medium-Large,200,OK,true,512312,139,6,6,6,0,0
1637865750736,7,Small,200,OK,true,51475,138,6,6,6,0,0
1637865750730,48,Medium-Large,200,OK,true,512313,139,6,6,7,0,0
1637865750728,51,Medium,200,OK,true,307513,139,6,6,4,0,0
1637865750713,75,Medium-Large,200,OK,true,512314,139,6,6,7,0,5
1637865750673,118,Large,200,OK,true,1048891,137,6,6,6,0,0
1637865750788,12,Small,200,OK,true,51511,138,6,6,7,0,0
1637865750791,11,Small,200,OK,true,51511,138,6,6,5,0,0
1637865750760,48,Medium,200,OK,true,307514,139,6,6,9,0,5
1637865750730,95,Large,200,OK,true,1048891,137,6,6,4,0,0
1637865750808,18,Small-Medium,200,OK,true,102713,139,6,6,3,0,0
1637865750778,51,Medium-Large,200,OK,true,512313,139,6,6,5,0,0
1637865750824,10,Small-Medium,200,OK,true,102713,139,6,6,5,0,0
1637865750824,11,Small-Medium,200,OK,true,102713,139,6,6,4,0,0
1637865750825,14,Small,200,OK,true,51511,138,6,6,10,0,0
1637865750832,8,Small,200,OK,true,51511,138,6,6,5,0,0
1637865750839,8,Small-Medium,200,OK,true,102713,139,6,6,4,0,0
1637865750837,11,Small-Medium,200,OK,true,102713,139,6,6,4,0,0
1637865750779,72,Medium-Large,200,OK,true,512313,139,6,6,5,0,0
1637865750851,12,Small-Medium,200,OK,true,102713,139,6,6,5,0,0
1637865750856,7,Small,200,OK,true,51511,138,6,6,4,0,0
1637865750849,17,Medium,200,OK,true,307513,139,6,6,2,0,0
1637865750873,9,Small,200,OK,true,51511,138,6,6,4,0,0
1637865750875,10,Small,200,OK,true,51511,138,6,6,5,0,0
1637865750861,31,Medium,200,OK,true,307513,139,6,6,3,0,0
1637865750829,65,Large,200,OK,true,1048891,137,6,6,5,0,0
1637865750892,9,Small,200,OK,true,51511,138,6,6,4,0,0
1637865750897,9,Small,200,OK,true,51511,138,6,6,4,0,0
1637865750915,17,Small-Medium,200,OK,true,102713,139,6,6,5,0,0
1637865750921,33,Medium,200,OK,true,307513,139,6,6,7,0,0
1637865750954,12,Small-Medium,200,OK,true,102713,139,6,6,6,0,0
1637865750880,93,Large,200,OK,true,1048891,137,6,6,5,0,0
1637865750894,91,Large,200,OK,true,1048891,137,6,6,4,0,0
1637865750863,123,Large,200,OK,true,1048891,137,6,6,3,0,0
1637865750986,9,Small,200,OK,true,51511,138,6,6,4,0,0
1637865750973,29,Medium,200,OK,true,307513,139,6,6,3,0,0
1637865750986,19,Small-Medium,200,OK,true,102713,139,6,6,8,0,0
1637865751003,9,Small-Medium,200,OK,true,102713,139,6,6,3,0,0
1637865750940,73,Medium-Large,200,OK,true,512313,139,6,6,6,0,0
1637865750978,42,Medium-Large,200,OK,true,512313,139,6,6,6,0,0
1637865751010,10,Small,200,OK,true,51511,138,6,6,6,0,0
1637865751013,8,Small,200,OK,true,51511,138,6,6,5,0,0
1637865751020,6,Small,200,OK,true,51511,138,6,6,3,0,0
1637865751027,7,Small-Medium,200,OK,true,102713,139,6,6,3,0,0
1637865751034,7,Small,200,OK,true,51511,138,6,6,4,0,0
1637865750899,155,Large,200,OK,true,1048891,137,6,6,5,0,0
1637865751051,13,Small-Medium,200,OK,true,102713,139,6,6,7,0,0
1637865751058,12,Small-Medium,200,OK,true,102713,139,6,6,6,0,0
1637865751010,67,Large,200,OK,true,1048891,137,6,6,4,0,0
1637865751044,39,Medium-Large,200,OK,true,512313,139,6,6,4,0,0
1637865751082,12,Small-Medium,200,OK,true,102713,139,6,6,4,0,0
1637865751106,9,Small,200,OK,true,51511,138,6,6,4,0,0
1637865751077,40,Medium,200,OK,true,307513,139,6,6,4,0,0
1637865751118,9,Small,200,OK,true,51511,138,6,6,5,0,0
1637865751130,11,Small-Medium,200,OK,true,102713,139,6,6,5,0,0
1637865751142,9,Small,200,OK,true,51511,138,6,6,4,0,0
1637865751075,91,Large,200,OK,true,1048891,137,6,6,4,0,0
1637865751037,132,Large,200,OK,true,1048891,137,6,6,4,0,0
1637865751083,93,Large,200,OK,true,1048891,137,6,6,7,0,0
1637865751166,12,Small-Medium,200,OK,true,102713,139,6,6,4,0,0
1637865751177,8,Small,200,OK,true,51511,138,6,6,4,0,0
1637865751166,25,Medium,200,OK,true,307513,139,6,6,6,0,0
1637865751192,8,Small,200,OK,true,51511,138,6,6,4,0,0
1637865751163,39,Medium-Large,200,OK,true,512313,139,6,6,3,0,0
1637865751169,40,Medium,200,OK,true,307513,139,6,6,5,0,0
1637865751201,9,Small-Medium,200,OK,true,102713,139,6,6,4,0,0
1637865751202,9,Small,200,OK,true,51511,138,6,6,4,0,0
1637865751054,178,Large,200,OK,true,1048891,137,6,6,7,0,0
1637865751209,24,Medium,200,OK,true,307513,139,6,6,4,0,0
1637865751234,16,Small-Medium,200,OK,true,102713,139,6,6,5,0,0
1637865751225,32,Medium,200,OK,true,307513,139,6,6,4,0,0
1637865751258,10,Small,200,OK,true,51511,138,6,6,6,0,0
1637865751227,51,Medium-Large,200,OK,true,512313,139,6,6,5,0,0
1637865751232,58,Medium,200,OK,true,307513,139,6,6,5,0,0
1637865751282,11,Small,200,OK,true,51511,138,6,6,5,0,0
1637865751216,96,Large,200,OK,true,1048891,137,6,6,3,0,0
1637865751190,126,Large,200,OK,true,1048891,137,6,6,4,0,0
1637865751278,48,Medium-Large,200,OK,true,512312,139,6,6,4,0,0
1637865751326,9,Small,200,OK,true,51510,138,6,6,4,0,0
1637865751312,30,Medium,200,OK,true,307513,139,6,6,5,0,0
1637865751257,91,Large,200,OK,true,1048891,137,6,6,5,0,0
1637865751316,35,Medium,200,OK,true,307513,139,6,6,5,0,0
1637865751349,13,Small-Medium,200,OK,true,102713,139,6,6,4,0,0
1637865751351,12,Small-Medium,200,OK,true,102712,139,6,6,4,0,0
1637865751290,90,Medium-Large,200,OK,true,512313,139,6,6,6,0,0
1637865751313,75,Medium-Large,200,OK,true,512313,139,6,6,6,0,0
1637865751372,32,Medium,200,OK,true,307513,139,6,6,5,0,0
1637865751375,32,Medium,200,OK,true,307512,139,6,6,5,0,0
1637865751351,61,Medium-Large,200,OK,true,512313,139,6,6,7,0,0
1637865751412,20,Small-Medium,200,OK,true,102713,139,6,6,7,0,0
1637865751342,92,Large,200,OK,true,1048891,137,6,6,4,0,0
1637865751380,64,Medium,200,OK,true,307513,139,6,6,6,0,0
1637865751437,11,Small,200,OK,true,51511,138,6,6,5,0,0
1637865751407,46,Medium-Large,200,OK,true,512312,139,6,6,5,0,0
1637865751404,98,Large,200,OK,true,1048891,137,6,6,4,0,0
1637865751502,39,Medium,200,OK,true,307513,139,6,6,4,0,0
1637865751434,117,Large,200,OK,true,1048891,137,6,6,5,0,0
1637865751388,177,Large,200,OK,true,1048891,137,6,6,5,0,0
1637865751453,112,Large,200,OK,true,1048890,137,6,6,5,0,0
1637865751565,10,Small,200,OK,true,51511,138,6,6,4,0,0
1637865751565,11,Small,200,OK,true,51510,138,6,6,6,0,0
1637865751551,28,Medium,200,OK,true,307513,139,6,6,6,0,0
1637865751541,48,Medium-Large,200,OK,true,512313,139,6,6,5,0,0
1637865751589,15,Small-Medium,200,OK,true,102713,139,6,6,8,0,0
1637865751460,152,Large,200,OK,true,1048891,137,6,6,5,0,0
1637865751589,49,Medium-Large,200,OK,true,512312,139,6,6,4,0,0
1637865751445,202,Large,200,OK,true,1048891,137,6,6,5,0,0
1637865751639,9,Small,200,OK,true,51510,138,6,6,8,0,0
1637865751613,37,Medium,200,OK,true,307513,139,6,6,5,0,0
1637865751650,6,Small,200,OK,true,51511,138,6,6,5,0,0
1637865751648,12,Small,200,OK,true,51511,138,6,6,4,0,0
1637865751614,48,Medium-Large,200,OK,true,512313,139,6,6,6,0,0
1637865751579,84,Large,200,OK,true,1048891,137,6,6,3,0,0
1637865751589,77,Medium-Large,200,OK,true,512313,139,6,6,5,0,0
1637865751663,9,Small-Medium,200,OK,true,102713,139,6,6,3,0,0
1637865751674,10,Small,200,OK,true,51511,138,6,6,5,0,0
1637865751688,27,Medium,200,OK,true,307513,139,6,6,4,0,0
1637865751715,12,Small-Medium,200,OK,true,102713,139,6,6,5,0,0
1637865751672,57,Medium,200,OK,true,307513,139,6,6,5,0,0
1637865751729,15,Small-Medium,200,OK,true,102713,139,6,6,5,0,0
1637865751662,87,Large,200,OK,true,1048855,137,6,6,6,0,0
1637865751662,91,Large,200,OK,true,1048891,137,6,6,3,0,0
1637865751739,45,Medium-Large,200,OK,true,512313,139,6,6,5,0,0
1637865751753,34,Medium,200,OK,true,307513,139,6,6,6,0,0
1637865751749,63,Medium-Large,200,OK,true,512314,139,6,6,8,0,4
1637865751784,29,Medium,200,OK,true,307513,139,6,6,4,0,0
1637865751812,13,Small,200,OK,true,51511,138,6,6,7,0,0
1637865751666,161,Large,200,OK,true,1048891,137,6,6,5,0,0
1637865751753,92,Medium-Large,200,OK,true,512313,139,6,6,5,0,0
1637865751698,148,Large,200,OK,true,1048891,137,6,6,6,0,0
1637865751813,59,Medium-Large,200,OK,true,512313,139,6,6,4,0,0
1637865751846,29,Small-Medium,200,OK,true,102713,139,6,6,6,0,0
1637865751872,16,Small-Medium,200,OK,true,102713,139,6,6,5,0,0
1637865751787,103,Large,200,OK,true,1048891,137,6,6,5,0,0
1637865751836,57,Medium-Large,200,OK,true,512313,139,6,6,7,0,0
1637865751890,11,Small-Medium,200,OK,true,102713,139,6,6,4,0,0
1637865751893,28,Medium,200,OK,true,307513,139,6,6,3,0,0
1637865751914,12,Small-Medium,200,OK,true,102713,139,6,6,6,0,0
1637865751875,64,Medium-Large,200,OK,true,512313,139,6,6,4,0,0
1637865751845,107,Medium-Large,200,OK,true,512313,139,6,6,5,0,0
1637865751952,11,Small,200,OK,true,51511,138,6,6,5,0,0
1637865751938,29,Medium,200,OK,true,307513,139,6,6,5,0,0
1637865751922,48,Medium-Large,200,OK,true,512313,139,6,6,7,0,0
1637865751967,7,Small,200,OK,true,51511,138,6,6,4,0,0
1637865751897,84,Large,200,OK,true,1048891,137,6,6,6,0,0
1637865751827,159,Large,200,OK,true,1048891,137,6,6,4,0,0
1637865751939,47,Medium,200,OK,true,307513,139,6,6,9,0,0
1637865751978,10,Small,200,OK,true,51511,138,6,6,5,0,0
1637865751970,31,Medium,200,OK,true,307513,139,6,6,5,0,0
1637865751986,32,Medium,200,OK,true,307513,139,6,6,4,0,0
1637865751991,29,Medium,200,OK,true,307513,139,6,6,11,0,0
1637865752019,11,Small,200,OK,true,51511,138,6,6,5,0,0
1637865751981,49,Medium-Large,200,OK,true,512313,139,6,6,6,0,0
1637865751986,58,Medium-Large,200,OK,true,512313,139,6,6,6,0,0
1637865752030,16,Small,200,OK,true,51511,138,6,6,11,0,0
1637865752056,12,Small-Medium,200,OK,true,102713,139,6,6,5,0,0
1637865752044,51,Medium,200,OK,true,307513,139,6,6,6,0,0
1637865752001,96,Large,200,OK,true,1048891,137,6,6,8,0,0
1637865752095,10,Small,200,OK,true,51511,138,6,6,4,0,0
1637865752002,106,Medium-Large,200,OK,true,512313,139,6,6,10,0,0
1637865752020,91,Large,200,OK,true,1048891,137,6,6,7,0,0
1637865752108,17,Small-Medium,200,OK,true,102713,139,6,6,3,0,0
1637865752097,29,Medium,200,OK,true,307513,139,6,6,5,0,0
1637865752043,84,Medium-Large,200,OK,true,512313,139,6,6,6,0,0
1637865752126,11,Small-Medium,200,OK,true,102713,139,6,6,4,0,0
1637865752111,29,Medium,200,OK,true,307513,139,6,6,6,0,0
1637865752132,10,Small,200,OK,true,51511,138,6,6,6,0,0
1637865752127,16,Small-Medium,200,OK,true,102713,139,6,6,5,0,0
1637865752140,7,Small-Medium,200,OK,true,102713,139,6,6,3,0,0
1637865752119,32,Medium,200,OK,true,307513,139,6,6,7,0,0
1637865752079,76,Large,200,OK,true,1048891,137,6,6,5,0,0
1637865752151,10,Small,200,OK,true,51511,138,6,6,6,0,0
1637865752155,10,Small-Medium,200,OK,true,102713,139,6,6,4,0,0
1637865752164,9,Small-Medium,200,OK,true,102713,139,6,6,4,0,0
1637865752150,23,Medium,200,OK,true,307513,139,6,6,5,0,0
1637865752175,5,Small,200,OK,true,51511,138,6,6,2,0,0
1637865752152,30,Medium,200,OK,true,307513,139,6,6,6,0,0
1637865752156,30,Medium,200,OK,true,307513,139,6,6,6,0,0
1637865752188,11,Small,200,OK,true,51511,138,6,6,7,0,0
1637865752199,31,Small-Medium,200,OK,true,102713,139,6,6,9,0,0
1637865752180,50,Medium-Large,200,OK,true,512313,139,6,6,5,0,0
1637865752182,80,Medium-Large,200,OK,true,512313,139,6,6,6,0,0
1637865752230,39,Medium,200,OK,true,307513,139,6,6,11,0,0
1637865752212,58,Medium-Large,200,OK,true,512313,139,6,6,17,0,0
1637865752175,97,Large,200,OK,true,1048891,137,6,6,6,0,0
1637865752263,13,Small-Medium,200,OK,true,102713,139,6,6,6,0,0
1637865752186,93,Medium-Large,200,OK,true,512313,139,6,6,5,0,0
1637865752270,15,Small-Medium,200,OK,true,102713,139,6,6,9,0,0
1637865752230,64,Medium-Large,200,OK,true,512313,139,6,6,4,0,0
1637865752280,14,Small,200,OK,true,51511,138,6,6,7,0,0
1637865752287,8,Small,200,OK,true,51511,138,6,6,4,0,0
1637865752269,43,Medium-Large,200,OK,true,512313,139,6,6,4,0,0
1637865752272,42,Medium-Large,200,OK,true,512313,139,6,6,4,0,0
1637865752314,12,Small,200,OK,true,51511,138,6,6,6,0,0
1637865752311,16,Small-Medium,200,OK,true,102713,139,6,6,5,0,0
1637865752294,35,Medium,200,OK,true,307513,139,6,6,3,0,0
1637865752312,50,Medium-Large,200,OK,true,512313,139,6,6,5,0,0
1637865752338,32,Medium,200,OK,true,307513,139,6,6,8,0,0
1637865752362,13,Small,200,OK,true,51511,138,6,6,7,0,0
1637865752370,10,Small,200,OK,true,51511,138,6,6,6,0,0
1637865752294,88,Large,200,OK,true,1048891,137,6,6,5,0,0
1637865752305,83,Medium-Large,200,OK,true,512313,139,6,6,7,0,0
1637865752329,59,Medium-Large,200,OK,true,512313,139,6,6,4,0,0
1637865752389,8,Small,200,OK,true,51511,138,6,6,3,0,0
1637865752387,24,Medium,200,OK,true,307513,139,6,6,3,0,0
1637865752335,78,Medium-Large,200,OK,true,512313,139,6,6,5,0,0
1637865752411,12,Small-Medium,200,OK,true,102713,139,6,6,4,0,0
1637865752395,29,Medium,200,OK,true,307513,139,6,6,5,0,0
1637865752382,43,Medium-Large,200,OK,true,512313,139,6,6,4,0,0
1637865752388,46,Medium,200,OK,true,307513,139,6,6,5,0,0
1637865752426,8,Small,200,OK,true,51511,138,6,6,4,0,0
1637865752436,11,Small-Medium,200,OK,true,102713,139,6,6,5,0,0
1637865752424,39,Medium-Large,200,OK,true,512313,139,6,6,3,0,0
1637865752413,50,Medium-Large,200,OK,true,512313,139,6,6,7,0,0
1637865752463,13,Small-Medium,200,OK,true,102713,139,6,6,6,0,0
1637865752463,17,Small-Medium,200,OK,true,102713,139,6,6,8,0,0
1637865752450,31,Medium,200,OK,true,307513,139,6,6,5,0,0
1637865752434,47,Medium,200,OK,true,307513,139,6,6,4,0,0
1637865752413,70,Medium-Large,200,OK,true,512313,139,6,6,5,0,0
1637865752460,24,Medium,200,OK,true,307513,139,6,6,4,0,0
1637865752481,14,Small,200,OK,true,51511,138,6,6,8,0,0
1637865752487,14,Small,200,OK,true,51511,138,6,6,9,0,0
1637865752487,27,Medium,200,OK,true,307513,139,6,6,5,0,0
1637865752483,37,Medium,200,OK,true,307513,139,6,6,2,0,0
1637865752481,42,Medium-Large,200,OK,true,512313,139,6,6,3,0,0
1637865752512,16,Small-Medium,200,OK,true,102713,139,6,6,6,0,0
1637865752514,30,Medium,200,OK,true,307513,139,6,6,6,0,0
1637865752523,27,Medium,200,OK,true,307513,139,6,6,5,0,0
1637865752544,9,Small,200,OK,true,51511,138,6,6,4,0,0
1637865752551,10,Small,200,OK,true,51511,138,7,7,6,0,0
1637865752535,34,Medium,200,OK,true,307513,139,7,7,6,0,0
1637865752484,93,Large,200,OK,true,1048891,137,7,7,3,0,0
1637865752505,75,Medium-Large,200,OK,true,512313,139,7,7,5,0,0
1637865752568,39,Medium,200,OK,true,307513,139,7,7,5,0,0
1637865752579,28,Small,200,OK,true,51511,138,7,7,5,0,0
1637865752520,88,Medium-Large,200,OK,true,512313,139,7,7,5,0,0
1637865752607,12,Small,200,OK,true,51511,138,7,7,5,0,0
1637865752608,15,Small,200,OK,true,51511,138,7,7,7,0,0
1637865752577,55,Medium-Large,200,OK,true,512313,139,7,7,5,0,0
1637865752607,30,Medium,200,OK,true,307513,139,7,7,6,0,0
1637865752560,79,Medium-Large,200,OK,true,512314,139,7,7,11,0,6
1637865752636,10,Small-Medium,200,OK,true,102713,139,7,7,4,0,0
1637865752580,72,Medium,200,OK,true,307513,139,7,7,7,0,0
1637865752664,14,Small-Medium,200,OK,true,102713,139,7,7,6,0,0
1637865752637,51,Medium-Large,200,OK,true,512313,139,7,7,6,0,0
1637865752637,55,Medium,200,OK,true,307513,139,7,7,6,0,0
1637865752569,136,Large,200,OK,true,1048891,137,7,7,6,0,0
1637865752692,21,Small-Medium,200,OK,true,102713,139,7,7,8,0,0
1637865752692,34,Medium,200,OK,true,307513,139,7,7,6,0,0
1637865752639,96,Medium-Large,200,OK,true,512313,139,7,7,9,0,0
1637865752632,112,Large,200,OK,true,1048891,137,7,7,5,0,0
1637865752735,19,Small-Medium,200,OK,true,102713,139,7,7,7,0,0
1637865752744,13,Small,200,OK,true,51511,138,7,7,7,0,0
1637865752688,113,Large,200,OK,true,1048891,137,7,7,5,0,0
1637865752726,94,Medium-Large,200,OK,true,512313,139,7,7,9,0,0
1637865752773,58,Medium-Large,200,OK,true,512313,139,7,7,6,0,0
1637865752727,115,Large,200,OK,true,1048891,137,7,7,4,0,0
1637865752801,60,Medium-Large,200,OK,true,512313,139,7,7,6,0,0
1637865752763,101,Medium-Large,200,OK,true,512313,139,7,7,6,0,0
1637865752831,35,Medium,200,OK,true,307513,139,7,7,5,0,0
1637865752652,224,Large,200,OK,true,1048891,137,7,7,7,0,0
1637865752864,12,Small,200,OK,true,51511,138,7,7,6,0,0
1637865752866,12,Small-Medium,200,OK,true,102713,139,7,7,6,0,0
1637865752706,180,Large,200,OK,true,1048891,137,7,7,5,0,0
1637865752876,19,Small-Medium,200,OK,true,102713,139,7,7,5,0,0
1637865752842,54,Medium-Large,200,OK,true,512313,139,7,7,7,0,0
1637865752821,78,Medium-Large,200,OK,true,512313,139,7,7,6,0,0
1637865752894,13,Small-Medium,200,OK,true,102713,139,7,7,5,0,0
1637865752861,50,Medium-Large,200,OK,true,512313,139,7,7,7,0,0
1637865752899,17,Small-Medium,200,OK,true,102713,139,7,7,6,0,0
1637865752896,58,Medium-Large,200,OK,true,512313,139,7,7,5,0,0
1637865752886,73,Medium-Large,200,OK,true,512313,139,7,7,5,0,0
1637865752893,96,Medium-Large,200,OK,true,512313,139,7,7,4,0,0
1637865752989,14,Small,200,OK,true,51511,138,7,7,6,0,0
1637865752954,57,Medium-Large,200,OK,true,512313,139,7,7,6,0,0
1637865752911,117,Large,200,OK,true,1048891,137,7,7,3,0,0
1637865753017,19,Small-Medium,200,OK,true,102713,139,7,7,6,0,0
1637865752922,120,Large,200,OK,true,1048891,137,7,7,17,0,0
1637865753011,33,Medium,200,OK,true,307513,139,7,7,8,0,0
1637865752960,96,Medium-Large,200,OK,true,512313,139,7,7,6,0,0
1637865753028,39,Medium,200,OK,true,307513,139,7,7,6,0,0
1637865753042,33,Medium,200,OK,true,307513,139,7,7,6,0,0
1637865753056,19,Small-Medium,200,OK,true,102713,139,7,7,12,0,0
1637865753044,32,Medium,200,OK,true,307513,139,7,7,7,0,0
1637865753067,12,Small-Medium,200,OK,true,102713,139,7,7,6,0,0
1637865753075,9,Small,200,OK,true,51511,138,7,7,5,0,0
1637865753046,46,Medium,200,OK,true,307513,139,7,7,7,0,0
1637865753084,10,Small-Medium,200,OK,true,102713,139,7,7,4,0,0
1637865752939,161,Large,200,OK,true,1048891,137,7,7,5,0,0
1637865753076,27,Medium,200,OK,true,307513,139,7,7,5,0,0
1637865752904,206,Large,200,OK,true,1048891,137,7,7,7,0,0
1637865753096,17,Small-Medium,200,OK,true,102713,139,7,7,7,0,0
1637865753103,19,Small-Medium,200,OK,true,102713,139,7,7,7,0,0
1637865753092,35,Medium,200,OK,true,307513,139,7,7,4,0,0
1637865753105,38,Medium,200,OK,true,307513,139,7,7,9,0,0
1637865753127,17,Small-Medium,200,OK,true,102713,139,7,7,5,0,0
1637865753100,53,Medium,200,OK,true,307513,139,7,7,5,0,0
1637865753153,60,Medium,200,OK,true,307513,139,7,7,11,0,0
1637865753155,61,Medium,200,OK,true,307513,139,7,7,12,0,0
1637865753124,121,Large,200,OK,true,1048891,137,7,7,5,0,0
1637865753132,115,Large,200,OK,true,1048891,137,7,7,7,0,0
1637865753247,12,Small,200,OK,true,51511,138,7,7,6,0,0
1637865753143,117,Large,200,OK,true,1048891,137,7,7,6,0,0
1637865753213,56,Medium,200,OK,true,307513,139,7,7,7,0,0
1637865753112,167,Large,200,OK,true,1048891,137,7,7,5,0,0
1637865753260,41,Medium,200,OK,true,307513,139,7,7,6,0,0
1637865753216,89,Medium-Large,200,OK,true,512313,139,7,7,6,0,0
1637865753301,16,Small-Medium,200,OK,true,102712,139,7,7,5,0,0
1637865753276,46,Medium,200,OK,true,307513,139,7,7,6,0,0
1637865753322,10,Small,200,OK,true,51511,138,7,7,5,0,0
1637865753110,224,Large,200,OK,true,1048891,137,7,7,6,0,0
1637865753245,104,Large,200,OK,true,1048891,137,7,7,6,0,0
1637865753334,21,Small-Medium,200,OK,true,102713,139,7,7,6,0,0
1637865753305,50,Medium,200,OK,true,307513,139,7,7,8,0,0
1637865753269,88,Medium-Large,200,OK,true,512313,139,7,7,5,0,0
1637865753280,80,Medium-Large,200,OK,true,512313,139,7,7,16,0,0
1637865753362,13,Small,200,OK,true,51511,138,7,7,5,0,0
1637865753349,51,Medium-Large,200,OK,true,512313,139,7,7,4,0,0
1637865753351,52,Medium-Large,200,OK,true,512313,139,7,7,5,0,0
1637865753400,11,Small-Medium,200,OK,true,102713,139,7,7,4,0,0
1637865753403,13,Small-Medium,200,OK,true,102713,139,7,7,6,0,0
1637865753329,106,Large,200,OK,true,1048890,137,7,7,5,0,0
1637865753355,81,Medium-Large,200,OK,true,512313,139,7,7,5,0,0
1637865753357,79,Medium-Large,200,OK,true,512313,139,7,7,6,0,0
1637865753390,47,Medium,200,OK,true,307513,139,7,7,7,0,0
1637865753435,19,Small-Medium,200,OK,true,102713,139,7,7,10,0,0
1637865753435,22,Small-Medium,200,OK,true,102712,139,7,7,14,0,0
1637865753437,26,Small-Medium,200,OK,true,102713,139,7,7,13,0,0
1637865753461,13,Small-Medium,200,OK,true,102713,139,7,7,6,0,0
1637865753488,10,Small,200,OK,true,51511,138,7,7,4,0,0
1637865753360,147,Large,200,OK,true,1048891,137,7,7,11,0,0
1637865753464,53,Medium-Large,200,OK,true,512312,139,7,7,6,0,0
1637865753437,83,Medium-Large,200,OK,true,512313,139,7,7,6,0,0
1637865753466,60,Medium,200,OK,true,307513,139,7,7,7,0,0
1637865753516,13,Small-Medium,200,OK,true,102713,139,7,7,5,0,0
1637865753435,102,Large,200,OK,true,1048891,137,7,7,6,0,0
1637865753526,12,Small,200,OK,true,51511,138,7,7,7,0,0
1637865753518,49,Medium-Large,200,OK,true,512312,139,7,7,5,0,0
1637865753555,28,Small-Medium,200,OK,true,102713,139,7,7,7,0,0
1637865753507,86,Medium-Large,200,OK,true,512313,139,7,7,5,0,0
1637865753436,163,Large,200,OK,true,1048891,137,7,7,2,0,0
1637865753544,55,Medium-Large,200,OK,true,512313,139,7,7,6,0,0
1637865753520,88,Medium-Large,200,OK,true,512313,139,7,7,6,0,0
1637865753599,12,Small,200,OK,true,51511,138,7,7,6,0,0
1637865753593,18,Small-Medium,200,OK,true,102713,139,7,7,7,0,0
1637865753608,11,Small,200,OK,true,51511,138,7,7,7,0,0
1637865753537,99,Large,200,OK,true,1048891,137,7,7,4,0,0
1637865753583,53,Medium,200,OK,true,307513,139,7,7,5,0,0
1637865753636,13,Small,200,OK,true,51511,138,7,7,7,0,0
1637865753636,17,Small,200,OK,true,51511,138,7,7,6,0,0
1637865753637,19,Small-Medium,200,OK,true,102713,139,7,7,7,0,0
1637865753567,105,Large,200,OK,true,1048890,137,7,7,5,0,0
1637865753672,11,Small,200,OK,true,51510,138,7,7,5,0,0
1637865753672,13,Small,200,OK,true,51511,138,7,7,8,0,0
1637865753701,13,Small-Medium,200,OK,true,102712,139,7,7,6,0,0
1637865753627,102,Large,200,OK,true,1048891,137,7,7,6,0,0
1637865753729,12,Small,200,OK,true,51510,138,7,7,5,0,0
1637865753692,52,Medium-Large,200,OK,true,512313,139,7,7,5,0,0
1637865753672,80,Medium-Large,200,OK,true,512313,139,7,7,7,0,0
1637865753729,27,Medium,200,OK,true,307513,139,7,7,6,0,0
1637865753599,158,Large,200,OK,true,1048891,137,7,7,5,0,0
1637865753752,18,Small-Medium,200,OK,true,102713,139,7,7,6,0,0
1637865753621,161,Large,200,OK,true,1048891,137,7,7,6,0,0
1637865753744,51,Medium-Large,200,OK,true,512313,139,7,7,5,0,0
1637865753757,60,Medium-Large,200,OK,true,512277,139,7,7,7,0,0
1637865753817,28,Small,200,OK,true,51512,138,7,7,11,0,5
1637865753757,91,Medium-Large,200,OK,true,512313,139,7,7,5,0,0
1637865753845,13,Small,200,OK,true,51511,138,7,7,6,0,0
1637865753758,102,Large,200,OK,true,1048891,137,7,7,8,0,0
1637865753860,10,Small-Medium,200,OK,true,102713,139,7,7,4,0,0
1637865753672,202,Large,200,OK,true,1048891,137,7,7,4,0,0
1637865753783,92,Medium-Large,200,OK,true,512313,139,7,7,6,0,0
1637865753875,12,Small,200,OK,true,51511,138,7,7,5,0,0
1637865753875,13,Small,200,OK,true,51511,138,7,7,6,0,0
1637865753795,101,Large,200,OK,true,1048891,137,7,7,9,0,0
1637865753896,15,Small-Medium,200,OK,true,102713,139,7,7,7,0,0
1637865753904,11,Small,200,OK,true,51511,138,7,7,6,0,0
1637865753903,20,Small-Medium,200,OK,true,102713,139,7,7,6,0,0
1637865753889,43,Medium-Large,200,OK,true,512313,139,7,7,4,0,0
1637865753933,20,Small-Medium,200,OK,true,102713,139,7,7,7,0,0
1637865753783,171,Large,200,OK,true,1048891,137,7,7,8,0,0
1637865753874,86,Large,200,OK,true,1048891,137,7,7,3,0,0
1637865753954,20,Small-Medium,200,OK,true,102713,139,7,7,7,0,0
1637865753925,52,Medium-Large,200,OK,true,512313,139,7,7,6,0,0
1637865753977,12,Small-Medium,200,OK,true,102713,139,7,7,5,0,0
1637865753932,72,Medium-Large,200,OK,true,512313,139,7,7,6,0,0
1637865753982,26,Small-Medium,200,OK,true,102713,139,7,7,6,0,0
1637865753931,77,Medium,200,OK,true,307513,139,7,7,6,0,0
1637865753848,165,Large,200,OK,true,1048891,137,7,7,6,0,0
1637865754004,9,Small,200,OK,true,51511,138,7,7,4,0,0
1637865753960,59,Medium-Large,200,OK,true,512313,139,7,7,5,0,0
1637865754013,9,Small,200,OK,true,51511,138,7,7,5,0,0
1637865754010,17,Small,200,OK,true,51511,138,7,7,7,0,0
1637865754008,20,Small-Medium,200,OK,true,102713,139,7,7,7,0,0
1637865754006,25,Medium,200,OK,true,307513,139,7,7,4,0,0
1637865754039,13,Small,200,OK,true,51511,138,7,7,6,0,0
1637865754041,14,Small,200,OK,true,51511,138,7,7,8,0,0
1637865754035,30,Medium,200,OK,true,307513,139,7,7,5,0,0
1637865754065,37,Medium,200,OK,true,307513,139,7,7,4,0,0
1637865753960,160,Large,200,OK,true,1048891,137,7,7,7,0,0
1637865754019,110,Large,200,OK,true,1048891,137,7,7,4,0,0
1637865754070,62,Medium,200,OK,true,307513,139,7,7,7,0,0
1637865754032,105,Large,200,OK,true,1048891,137,7,7,3,0,0
1637865754129,11,Small,200,OK,true,51511,138,7,7,6,0,0
1637865754066,86,Medium-Large,200,OK,true,512313,139,7,7,6,0,0
1637865754103,58,Medium-Large,200,OK,true,512313,139,7,7,5,0,0
1637865754138,28,Medium,200,OK,true,307513,139,7,7,4,0,0
1637865754157,11,Small,200,OK,true,51511,138,7,7,6,0,0
1637865754152,17,Small-Medium,200,OK,true,102713,139,7,7,5,0,0
1637865754120,50,Medium,200,OK,true,307513,139,7,7,7,0,0
1637865754161,11,Small,200,OK,true,51511,138,7,7,6,0,0
1637865754180,11,Small,200,OK,true,51511,138,7,7,6,0,0
1637865754132,67,Medium-Large,200,OK,true,512313,139,7,7,5,0,0
1637865754170,31,Medium,200,OK,true,307513,139,7,7,3,0,0
1637865754166,43,Medium-Large,200,OK,true,512313,139,7,7,4,0,0
1637865754209,18,Small-Medium,200,OK,true,102713,139,7,7,10,0,0
1637865754037,203,Large,200,OK,true,1048891,137,7,7,6,0,0
1637865754185,56,Medium-Large,200,OK,true,512313,139,7,7,7,0,0
1637865754199,51,Medium,200,OK,true,307513,139,7,7,5,0,0
1637865754201,51,Medium,200,OK,true,307513,139,7,7,6,0,0
1637865754208,49,Medium,200,OK,true,307513,139,7,7,7,0,0
1637865754257,15,Small,200,OK,true,51511,138,7,7,8,0,0
1637865754252,21,Small-Medium,200,OK,true,102713,139,7,7,8,0,0
1637865754189,100,Large,200,OK,true,1048891,137,7,7,6,0,0
1637865754237,56,Medium-Large,200,OK,true,512313,139,7,7,4,0,0
1637865754241,56,Medium-Large,200,OK,true,512313,139,7,7,5,0,0
1637865754250,54,Medium,200,OK,true,307513,139,7,7,7,0,0
1637865754241,66,Medium,200,OK,true,307513,139,7,7,6,0,0
1637865754289,36,Medium,200,OK,true,307513,139,7,7,5,0,0
1637865754293,46,Medium,200,OK,true,307513,139,7,7,5,0,0
1637865754308,34,Small-Medium,200,OK,true,102713,139,7,7,6,0,0
1637865754281,63,Medium,200,OK,true,307513,139,7,7,6,0,0
1637865754285,72,Medium,200,OK,true,307513,139,7,7,6,0,0
1637865754305,53,Medium,200,OK,true,307513,139,7,7,4,0,0
1637865754343,21,Small,200,OK,true,51511,138,7,7,5,0,0
1637865754297,71,Medium-Large,200,OK,true,512313,139,7,7,6,0,0
1637865754325,45,Medium,200,OK,true,307513,139,7,7,16,0,0
1637865754357,16,Small-Medium,200,OK,true,102713,139,7,7,6,0,0
1637865754370,10,Small,200,OK,true,51511,138,7,7,4,0,0
1637865754344,46,Medium,200,OK,true,307513,139,7,7,4,0,0
1637865754390,17,Small-Medium,200,OK,true,102713,139,7,7,6,0,0
1637865754368,48,Medium-Large,200,OK,true,512313,139,7,7,5,0,0
1637865754398,29,Medium,200,OK,true,307513,139,7,7,5,0,0
1637865754371,63,Medium,200,OK,true,307513,139,7,7,6,0,0
1637865754419,18,Small-Medium,200,OK,true,102713,139,7,7,6,0,0
1637865754385,53,Medium,200,OK,true,307513,139,7,7,5,0,0
1637865754358,85,Medium-Large,200,OK,true,512313,139,7,7,7,0,0
1637865754340,106,Large,200,OK,true,1048891,137,7,7,4,0,0
1637865754417,33,Medium,200,OK,true,307513,139,7,7,6,0,0
1637865754446,12,Small-Medium,200,OK,true,102713,139,7,7,6,0,0
1637865754450,13,Small-Medium,200,OK,true,102713,139,7,7,5,0,0
1637865754447,17,Small-Medium,200,OK,true,102713,139,7,7,6,0,0
1637865754427,43,Medium-Large,200,OK,true,512313,139,7,7,5,0,0
1637865754438,40,Medium,200,OK,true,307513,139,7,7,5,0,0
1637865754470,9,Small-Medium,200,OK,true,102713,139,7,7,4,0,0
1637865754474,10,Small,200,OK,true,51511,138,7,7,5,0,0
1637865754478,10,Small-Medium,200,OK,true,102713,139,7,7,5,0,0
1637865754478,11,Small,200,OK,true,51511,138,7,7,7,0,0
1637865754443,53,Medium-Large,200,OK,true,512313,139,7,7,5,0,0
1637865754475,29,Medium,200,OK,true,307513,139,7,7,5,0,0
1637865754434,70,Medium-Large,200,OK,true,512313,139,7,7,5,0,0
1637865754504,18,Small,200,OK,true,51511,138,7,7,10,0,0
1637865754534,23,Small-Medium,200,OK,true,102713,139,7,7,10,0,0
1637865754506,57,Medium-Large,200,OK,true,512313,139,7,7,6,0,0
1637865754504,59,Medium-Large,200,OK,true,512313,139,7,7,3,0,0
1637865754563,38,Medium,200,OK,true,307513,139,7,7,7,0,0
1637865754507,95,Medium-Large,200,OK,true,512313,139,7,7,9,0,0
1637865754504,105,Large,200,OK,true,1048891,137,7,7,7,0,0
1637865754504,108,Medium-Large,200,OK,true,512313,139,7,7,4,0,0
1637865754602,11,Small-Medium,200,OK,true,102713,139,7,7,4,0,0
1637865754561,56,Medium,200,OK,true,307513,139,7,7,6,0,0
1637865754563,59,Medium-Large,200,OK,true,512313,139,7,7,6,0,0
1637865754497,148,Large,200,OK,true,1048891,137,7,7,7,0,0
1637865754630,16,Small-Medium,200,OK,true,102713,139,7,7,8,0,0
1637865754622,34,Medium,200,OK,true,307513,139,7,7,5,0,0
1637865754617,104,Medium-Large,200,OK,true,512313,139,7,7,6,0,0
1637865754722,9,Small,200,OK,true,51511,138,7,7,4,0,0
1637865754609,123,Large,200,OK,true,1048891,137,7,7,5,0,0
1637865754732,11,Small,200,OK,true,51511,138,7,7,5,0,0
1637865754750,12,Small,200,OK,true,51511,138,7,7,7,0,0
1637865754656,113,Large,200,OK,true,1048891,137,7,7,4,0,0
1637865754658,113,Large,200,OK,true,1048891,137,7,7,7,0,0
1637865754602,176,Large,200,OK,true,1048891,137,7,7,7,0,0
1637865754772,11,Small-Medium,200,OK,true,102713,139,7,7,5,0,0
1637865754799,14,Small-Medium,200,OK,true,102713,139,7,7,6,0,0
1637865754778,48,Medium,200,OK,true,307513,139,7,7,8,0,0
1637865754645,185,Large,200,OK,true,1048891,137,7,7,5,0,0
1637865754778,52,Medium,200,OK,true,307513,139,7,7,6,0,0
1637865754613,218,Large,200,OK,true,1048891,137,7,7,5,0,0
1637865754826,9,Small,200,OK,true,51511,138,7,7,5,0,0
1637865754831,20,Small-Medium,200,OK,true,102713,139,7,7,7,0,0
1637865754831,23,Small-Medium,200,OK,true,102713,139,7,7,6,0,0
1637865754760,103,Large,200,OK,true,1048891,137,7,7,5,0,0
1637865754769,99,Large,200,OK,true,1048891,137,7,7,5,0,0
1637865754855,18,Small-Medium,200,OK,true,102713,139,7,7,8,0,0
1637865754863,16,Small,200,OK,true,51511,138,7,7,10,0,0
1637865754863,31,Medium,200,OK,true,307513,139,7,7,6,0,0
1637865754868,36,Medium,200,OK,true,307513,139,7,7,7,0,0
1637865754894,11,Small,200,OK,true,51511,138,7,7,6,0,0
1637865754827,103,Large,200,OK,true,1048891,137,7,7,5,0,0
1637865754883,48,Medium,200,OK,true,307513,139,7,7,5,0,0
1637865754931,21,Small-Medium,200,OK,true,102713,139,7,7,7,0,0
1637865754922,39,Medium,200,OK,true,307513,139,7,7,6,0,0
1637865754863,106,Medium-Large,200,OK,true,512313,139,7,7,4,0,0
1637865754959,12,Small,200,OK,true,51511,138,7,7,6,0,0
1637865754887,94,Medium-Large,200,OK,true,512313,139,7,7,7,0,0
1637865754981,11,Small,200,OK,true,51511,138,7,7,5,0,0
1637865754961,34,Medium,200,OK,true,307513,139,7,7,7,0,0
1637865754904,98,Large,200,OK,true,1048891,137,7,7,6,0,0
1637865754830,174,Large,200,OK,true,1048891,137,7,7,5,0,0
1637865754996,9,Small,200,OK,true,51511,138,7,7,5,0,0
1637865754930,111,Large,200,OK,true,1048891,137,7,7,6,0,0
1637865755002,56,Medium-Large,200,OK,true,512313,139,7,7,4,0,0
1637865755024,59,Medium-Large,200,OK,true,512313,139,7,7,5,0,0
1637865755083,13,Small-Medium,200,OK,true,102713,139,7,7,6,0,0
1637865755004,93,Medium-Large,200,OK,true,512313,139,7,7,5,0,0
1637865755058,41,Medium,200,OK,true,307513,139,7,7,19,0,0
1637865755041,60,Medium-Large,200,OK,true,512313,139,7,7,7,0,0
1637865755009,95,Medium-Large,200,OK,true,512313,139,7,7,5,0,0
1637865755099,7,Small,200,OK,true,51511,138,7,7,4,0,0
1637865755097,11,Small-Medium,200,OK,true,102713,139,7,7,4,0,0
1637865755101,23,Medium,200,OK,true,307513,139,7,7,5,0,0
1637865755126,18,Small-Medium,200,OK,true,102713,139,7,7,9,0,0
1637865754987,159,Large,200,OK,true,1048891,137,7,7,5,0,0
1637865754969,186,Large,200,OK,true,1048891,137,7,7,6,0,0
1637865755111,49,Medium-Large,200,OK,true,512312,139,7,7,5,0,0
1637865755129,34,Medium,200,OK,true,307513,139,7,7,6,0,0
1637865755104,76,Medium-Large,200,OK,true,512313,139,7,7,11,0,0
1637865755154,37,Medium,200,OK,true,307513,139,7,7,7,0,0
1637865755163,37,Medium,200,OK,true,307513,139,7,7,6,0,0
1637865755146,57,Medium,200,OK,true,307513,139,7,7,5,0,0
1637865755191,13,Small-Medium,200,OK,true,102713,139,7,7,6,0,0
1637865755219,15,Small,200,OK,true,51511,138,7,7,8,0,0
1637865755161,97,Large,200,OK,true,1048890,137,7,7,4,0,0
1637865755203,56,Medium,200,OK,true,307513,139,7,7,6,0,0
1637865755247,13,Small-Medium,200,OK,true,102713,139,7,7,7,0,0
1637865755201,102,Large,200,OK,true,1048891,137,7,7,4,0,0
1637865755275,32,Medium,200,OK,true,307513,139,7,7,5,0,0
1637865755258,58,Medium-Large,200,OK,true,512312,139,7,7,4,0,0
1637865755303,14,Small,200,OK,true,51511,138,7,7,7,0,0
1637865755126,191,Large,200,OK,true,1048891,137,7,7,4,0,0
1637865755332,14,Small-Medium,200,OK,true,102713,139,7,7,7,0,0
1637865755259,88,Medium-Large,200,OK,true,512313,139,7,7,6,0,0
1637865755180,179,Large,200,OK,true,1048890,137,7,7,6,0,0
1637865755155,211,Large,200,OK,true,1048891,137,7,7,6,0,0
1637865755366,14,Small,200,OK,true,51511,138,7,7,7,0,0
1637865755360,38,Medium,200,OK,true,307513,139,7,7,8,0,0
1637865755347,53,Medium,200,OK,true,307513,139,7,7,7,0,0
1637865755307,97,Large,200,OK,true,1048891,137,7,7,6,0,0
1637865755404,12,Small,200,OK,true,51511,138,7,7,6,0,0
1637865755395,24,Small-Medium,200,OK,true,102713,139,7,7,5,0,0
1637865755317,109,Large,200,OK,true,1048890,137,7,7,4,0,0
1637865755426,17,Small-Medium,200,OK,true,102712,139,7,7,12,0,0
1637865755438,11,Small-Medium,200,OK,true,102713,139,7,7,6,0,0
1637865755455,40,Medium,200,OK,true,307512,139,7,7,7,0,0
1637865755317,183,Large,200,OK,true,1048891,137,7,7,6,0,0
1637865755400,102,Medium-Large,200,OK,true,512313,139,7,7,6,0,0
1637865755495,10,Small,200,OK,true,51510,138,7,7,6,0,0
1637865755398,108,Large,200,OK,true,1048891,137,7,7,6,0,0
1637865755501,16,Small-Medium,200,OK,true,102713,139,7,7,5,0,0
1637865755423,109,Medium-Large,200,OK,true,512313,139,7,7,15,0,0
1637865755359,185,Large,200,OK,true,1048890,137,7,7,6,0,0
1637865755544,12,Small,200,OK,true,51510,138,7,7,6,0,0
1637865755507,51,Medium-Large,200,OK,true,512313,139,7,7,5,0,0
1637865755460,120,Large,200,OK,true,1048891,137,7,7,6,0,0
1637865755573,16,Small-Medium,200,OK,true,102712,139,7,7,7,0,0
1637865755558,32,Medium,200,OK,true,307513,139,7,7,5,0,0
1637865755580,12,Small,200,OK,true,51511,138,7,7,6,0,0
1637865755532,62,Medium,200,OK,true,307513,139,7,7,7,0,0
1637865755590,11,Small-Medium,200,OK,true,102713,139,7,7,6,0,0
1637865755529,81,Medium-Large,200,OK,true,512313,139,7,7,7,0,0
1637865755602,9,Small,200,OK,true,51510,138,7,7,4,0,0
1637865755523,95,Large,200,OK,true,1048890,137,7,7,4,0,0
1637865755608,10,Small,200,OK,true,51511,138,7,7,6,0,0
1637865755610,9,Small,200,OK,true,51511,138,7,7,6,0,0
1637865755639,19,Small-Medium,200,OK,true,102713,139,7,7,6,0,0
1637865755637,32,Medium,200,OK,true,307513,139,7,7,5,0,0
1637865755503,169,Large,200,OK,true,1048891,137,7,7,5,0,0
1637865755595,85,Medium-Large,200,OK,true,512313,139,7,7,3,0,0
1637865755669,12,Small,200,OK,true,51511,138,7,7,6,0,0
1637865755667,18,Small-Medium,200,OK,true,102713,139,7,7,6,0,0
1637865755629,80,Medium-Large,200,OK,true,512312,139,7,7,6,0,0
1637865755619,92,Large,200,OK,true,1048891,137,7,7,4,0,0
1637865755618,97,Large,200,OK,true,1048890,137,7,7,3,0,0
1637865755711,12,Small,200,OK,true,51511,138,7,7,6,0,0
1637865755672,57,Medium,200,OK,true,307513,139,7,7,7,0,0
1637865755698,33,Medium,200,OK,true,307513,139,7,7,6,0,0
1637865755732,10,Small-Medium,200,OK,true,102713,139,7,7,4,0,0
1637865755695,48,Medium,200,OK,true,307513,139,7,7,6,0,0
1637865755709,42,Medium,200,OK,true,307512,139,7,7,6,0,0
1637865755715,53,Medium-Large,200,OK,true,512277,139,7,7,6,0,0
1637865755740,49,Medium-Large,200,OK,true,512313,139,7,7,7,0,0
1637865755743,48,Medium,200,OK,true,307513,139,7,7,5,0,0
1637865755760,32,Medium,200,OK,true,307513,139,7,7,6,0,0
1637865755789,20,Small,200,OK,true,51511,138,7,7,16,0,0
1637865755792,18,Small,200,OK,true,51511,138,7,7,16,0,0
1637865755821,11,Small,200,OK,true,51511,138,7,7,6,0,0
1637865755818,25,Medium,200,OK,true,307513,139,7,7,5,0,0
1637865755680,177,Large,200,OK,true,1048891,137,7,7,5,0,0
1637865755791,73,Medium-Large,200,OK,true,512313,139,7,7,15,0,0
1637865755864,12,Small,200,OK,true,51511,138,7,7,6,0,0
1637865755847,30,Medium,200,OK,true,307513,139,7,7,4,0,0
1637865755849,30,Medium,200,OK,true,307513,139,7,7,5,0,0
1637865755877,11,Small-Medium,200,OK,true,102713,139,7,7,5,0,0
1637865755729,173,Large,200,OK,true,1048891,137,7,7,5,0,0
1637865755752,155,Large,200,OK,true,1048890,137,7,7,5,0,0
1637865755903,12,Small,200,OK,true,51511,138,7,7,5,0,0
1637865755857,60,Medium,200,OK,true,307513,139,7,7,7,0,0
1637865755905,13,Small-Medium,200,OK,true,102713,139,7,7,6,0,0
1637865755907,13,Small,200,OK,true,51510,138,7,7,7,0,0
1637865755935,8,Small,200,OK,true,51475,138,7,7,7,0,0
1637865755768,177,Large,200,OK,true,1048892,137,7,7,12,0,6
1637865755879,85,Large,200,OK,true,1048891,137,7,7,6,0,0
1637865755917,48,Medium,200,OK,true,307513,139,7,7,4,0,0
1637865755945,21,Small-Medium,200,OK,true,102713,139,7,7,5,0,0
1637865755965,14,Small,200,OK,true,51511,138,7,7,8,0,0
1637865755931,83,Medium-Large,200,OK,true,512313,139,7,7,5,0,0
1637865755965,51,Medium-Large,200,OK,true,512313,139,7,7,3,0,0
1637865755993,32,Small-Medium,200,OK,true,102713,139,7,7,7,0,0
1637865756014,19,Small-Medium,200,OK,true,102713,139,7,7,6,0,0
1637865755933,105,Large,200,OK,true,1048891,137,7,7,7,0,0
1637865756038,9,Small,200,OK,true,51511,138,7,7,4,0,0
1637865755893,163,Large,200,OK,true,1048891,137,7,7,5,0,0
1637865756056,17,Small-Medium,200,OK,true,102713,139,7,7,6,0,0
1637865755963,113,Large,200,OK,true,1048892,137,7,7,7,0,4
1637865756066,12,Small,200,OK,true,51511,138,7,7,6,0,0
1637865756025,58,Medium,200,OK,true,307513,139,7,7,5,0,0
1637865756076,10,Small-Medium,200,OK,true,102713,139,7,7,5,0,0
1637865756042,49,Medium,200,OK,true,307513,139,7,7,6,0,0
1637865756084,9,Small,200,OK,true,51511,138,7,7,5,0,0
1637865756016,93,Large,200,OK,true,1048891,137,7,7,6,0,0
1637865756094,32,Medium,200,OK,true,307513,139,7,7,4,0,0
1637865756083,45,Medium,200,OK,true,307513,139,7,7,4,0,0
1637865756112,17,Small-Medium,200,OK,true,102713,139,7,7,6,0,0
1637865756091,42,Medium,200,OK,true,307513,139,7,7,4,0,0
1637865756127,7,Small,200,OK,true,51511,138,7,7,3,0,0
1637865755975,176,Large,200,OK,true,1048891,137,7,7,5,0,0
1637865756129,24,Small-Medium,200,OK,true,102713,139,7,7,4,0,0
1637865756151,10,Small,200,OK,true,51511,138,7,7,5,0,0
1637865756109,58,Medium-Large,200,OK,true,512313,139,7,7,7,0,0
1637865756104,66,Medium-Large,200,OK,true,512313,139,7,7,7,0,0
1637865756167,38,Medium,200,OK,true,307513,139,7,7,5,0,0
1637865756133,81,Medium-Large,200,OK,true,512313,139,7,7,5,0,0
1637865756171,43,Medium,200,OK,true,307513,139,7,7,5,0,0
1637865756157,74,Medium,200,OK,true,307513,139,7,7,5,0,0
1637865756214,43,Medium,200,OK,true,307513,139,7,7,6,0,0
1637865756206,52,Medium-Large,200,OK,true,512313,139,7,7,5,0,0
1637865756155,115,Large,200,OK,true,1048890,137,7,7,6,0,0
1637865756271,11,Small,200,OK,true,51510,138,7,7,6,0,0
1637865756258,32,Medium,200,OK,true,307513,139,7,7,6,0,0
1637865756214,79,Medium-Large,200,OK,true,512313,139,7,7,5,0,0
1637865756257,39,Medium,200,OK,true,307513,139,7,7,5,0,0
1637865756293,18,Small-Medium,200,OK,true,102712,139,7,7,6,0,0
1637865756152,168,Large,200,OK,true,1048891,137,7,7,4,0,0
1637865756168,160,Large,200,OK,true,1048891,137,7,7,5,0,0
1637865756321,10,Small,200,OK,true,51510,138,7,7,5,0,0
1637865756320,47,Medium,200,OK,true,307513,139,7,7,6,0,0
1637865756368,11,Small,200,OK,true,51511,138,7,7,5,0,0
1637865756290,101,Large,200,OK,true,1048891,137,7,7,6,0,0
1637865756349,50,Medium,200,OK,true,307512,139,7,7,6,0,0
1637865756299,107,Large,200,OK,true,1048890,137,7,7,8,0,0
1637865756328,86,Medium-Large,200,OK,true,512313,139,7,7,5,0,0
1637865756396,22,Small-Medium,200,OK,true,102713,139,7,7,7,0,0
1637865756231,198,Large,200,OK,true,1048891,137,7,7,4,0,0
1637865756391,47,Medium-Large,200,OK,true,512313,139,7,7,4,0,0
1637865756425,21,Small-Medium,200,OK,true,102713,139,7,7,5,0,0
1637865756439,8,Small,200,OK,true,51511,138,7,7,4,0,0
1637865756429,20,Small-Medium,200,OK,true,102713,139,7,7,6,0,0
1637865756296,157,Large,200,OK,true,1048891,137,7,7,5,0,0
1637865756399,80,Medium-Large,200,OK,true,512312,139,7,7,6,0,0
1637865756467,29,Medium,200,OK,true,307513,139,7,7,4,0,0
1637865756406,112,Large,200,OK,true,1048890,137,7,7,5,0,0
1637865756457,68,Medium,200,OK,true,307513,139,7,7,6,0,0
1637865756479,48,Medium,200,OK,true,307512,139,7,7,6,0,0
1637865756496,42,Medium,200,OK,true,307513,139,7,7,5,0,0
1637865756452,89,Medium-Large,200,OK,true,512313,139,7,7,3,0,0
1637865756538,9,Small,200,OK,true,51511,138,7,7,4,0,0
1637865756414,159,Large,200,OK,true,1048891,137,7,7,6,0,0
1637865756567,13,Small-Medium,200,OK,true,102713,139,7,7,6,0,0
1637865756595,11,Small-Medium,200,OK,true,102713,139,7,7,4,0,0
1637865756542,66,Medium-Large,200,OK,true,512313,139,7,7,5,0,0
1637865756518,91,Large,200,OK,true,1048890,137,7,7,5,0,0
1637865756527,82,Medium-Large,200,OK,true,512312,139,7,7,6,0,0
1637865756453,160,Large,200,OK,true,1048891,137,7,7,4,0,0
1637865756609,7,Small,200,OK,true,51510,138,7,7,3,0,0
1637865756525,93,Medium-Large,200,OK,true,512312,139,7,7,6,0,0
1637865756608,12,Small-Medium,200,OK,true,102713,139,7,7,3,0,0
1637865756573,72,Medium-Large,200,OK,true,512313,139,7,7,6,0,0
1637865756609,36,Medium,200,OK,true,307512,139,7,7,5,0,0
1637865756637,11,Small,200,OK,true,51510,138,7,7,6,0,0
1637865756637,16,Small-Medium,200,OK,true,102713,139,7,7,5,0,0
1637865756645,11,Small,200,OK,true,51511,138,7,7,6,0,0
1637865756618,41,Medium,200,OK,true,307512,139,7,7,5,0,0
1637865756646,14,Small-Medium,200,OK,true,102712,139,7,7,6,0,0
1637865756623,85,Large,200,OK,true,1048891,137,7,7,4,0,0
1637865756659,49,Medium,200,OK,true,307512,139,7,7,3,0,0
1637865756709,9,Small,200,OK,true,51511,138,7,7,4,0,0
1637865756669,53,Medium,200,OK,true,307513,139,7,7,4,0,0
1637865756709,17,Small,200,OK,true,51510,138,7,7,8,0,0
1637865756614,120,Large,200,OK,true,1048891,137,7,7,4,0,0
1637865756734,11,Small-Medium,200,OK,true,102713,139,7,7,4,0,0
1637865756669,89,Large,200,OK,true,1048890,137,7,7,5,0,0
1637865756758,36,Medium,200,OK,true,307512,139,7,7,5,0,0
1637865756736,62,Medium,200,OK,true,307512,139,7,7,5,0,0
1637865756795,11,Small-Medium,200,OK,true,102677,139,7,7,5,0,0
1637865756736,95,Large,200,OK,true,1048891,137,7,7,6,0,0
1637865756673,162,Large,200,OK,true,1048891,137,7,7,4,0,0
1637865756675,165,Large,200,OK,true,1048890,137,7,7,6,0,0
1637865756831,11,Small,200,OK,true,51511,138,7,7,6,0,0
1637865756762,85,Medium-Large,200,OK,true,512313,139,7,7,8,0,0
1637865756835,15,Small-Medium,200,OK,true,102713,139,7,7,5,0,0
1637865756847,8,Small,200,OK,true,51511,138,7,7,4,0,0
1637865756799,63,Medium-Large,200,OK,true,512312,139,7,7,7,0,0
1637865756722,148,Large,200,OK,true,1048891,137,7,7,5,0,0
1637865756840,39,Medium,200,OK,true,307477,139,7,7,5,0,0
1637865756875,11,Small,200,OK,true,51511,138,7,7,5,0,0
1637865756859,52,Medium-Large,200,OK,true,512313,139,7,7,3,0,0
1637865756863,49,Medium,200,OK,true,307513,139,7,7,6,0,0
1637865756879,33,Small,200,OK,true,51512,138,7,7,10,0,5
1637865756908,9,Small-Medium,200,OK,true,102713,139,7,7,5,0,0
1637865756862,56,Medium,200,OK,true,307512,139,7,7,5,0,0
1637865756911,8,Small-Medium,200,OK,true,102713,139,7,7,3,0,0
1637865756931,9,Small,200,OK,true,51511,138,7,7,5,0,0
1637865756822,137,Large,200,OK,true,1048892,137,7,7,11,0,5
1637865756939,27,Medium,200,OK,true,307513,139,7,7,7,0,0
1637865756959,12,Small,200,OK,true,51511,138,7,7,7,0,0
1637865756912,72,Medium-Large,200,OK,true,512313,139,7,7,4,0,0
1637865756968,28,Medium,200,OK,true,307513,139,7,7,4,0,0
1637865756996,8,Small,200,OK,true,51511,138,7,7,4,0,0
1637865756870,152,Large,200,OK,true,1048891,137,7,7,5,0,0
1637865756984,41,Medium,200,OK,true,307513,139,7,7,6,0,0
1637865756987,39,Medium,200,OK,true,307513,139,7,7,6,0,0
1637865757022,16,Small,200,OK,true,51511,138,7,7,6,0,0
1637865757027,12,Small,200,OK,true,51511,138,7,7,11,0,0
1637865756912,132,Large,200,OK,true,1048891,137,7,7,5,0,0
1637865757024,29,Medium,200,OK,true,307513,139,7,7,6,0,0
1637865757025,41,Medium,200,OK,true,307513,139,7,7,13,0,0
1637865757055,13,Small,200,OK,true,51511,138,7,7,8,0,0
1637865757044,35,Medium,200,OK,true,307513,139,7,7,4,0,0
1637865756918,175,Large,200,OK,true,1048890,137,7,7,4,0,0
1637865757053,49,Medium-Large,200,OK,true,512313,139,7,7,4,0,0
1637865756959,144,Large,200,OK,true,1048891,137,7,7,5,0,0
1637865757094,10,Small,200,OK,true,51510,138,7,7,4,0,0
1637865757066,45,Medium,200,OK,true,307513,139,7,7,5,0,0
1637865757102,12,Small,200,OK,true,51511,138,7,7,7,0,0
1637865757111,9,Small,200,OK,true,51511,138,7,7,6,0,0
1637865757083,39,Medium,200,OK,true,307513,139,7,7,5,0,0
1637865757122,17,Small-Medium,200,OK,true,102713,139,7,7,6,0,0
1637865757079,70,Medium-Large,200,OK,true,512313,139,7,7,5,0,0
1637865757131,48,Medium-Large,200,OK,true,512313,139,7,7,5,0,0
1637865757052,135,Large,200,OK,true,1048891,137,7,7,4,0,0
1637865757187,21,Small-Medium,200,OK,true,102713,139,7,7,6,0,0
1637865757122,94,Medium-Large,200,OK,true,512277,139,7,7,4,0,0
1637865757140,77,Medium-Large,200,OK,true,512313,139,7,7,5,0,0
1637865757149,72,Medium-Large,200,OK,true,512313,139,7,7,6,0,0
1637865757221,18,Small,200,OK,true,51511,138,7,7,18,0,0
1637865757216,23,Small-Medium,200,OK,true,102713,139,7,7,5,0,0
1637865757179,60,Medium-Large,200,OK,true,512313,139,7,7,4,0,0
1637865757103,137,Large,200,OK,true,1048891,137,7,7,4,0,0
1637865757216,34,Small-Medium,200,OK,true,102714,139,7,7,23,0,4
1637865757239,11,Small,200,OK,true,51511,138,7,7,5,0,0
1637865757243,20,Small-Medium,200,OK,true,102713,139,7,7,6,0,0
1637865757217,70,Medium-Large,200,OK,true,512313,139,7,7,22,0,0
1637865757150,137,Large,200,OK,true,1048891,137,7,7,6,0,0
1637865757271,24,Small-Medium,200,OK,true,102713,139,7,7,8,0,0
1637865757287,11,Small,200,OK,true,51511,138,7,7,5,0,0
1637865757287,16,Small-Medium,200,OK,true,102713,139,7,7,7,0,0
1637865757240,65,Medium-Large,200,OK,true,512313,139,7,7,5,0,0
1637865757250,85,Medium-Large,200,OK,true,512313,139,7,7,5,0,0
1637865757335,23,Small-Medium,200,OK,true,102713,139,7,7,5,0,0
1637865757315,51,Medium,200,OK,true,307513,139,7,7,7,0,0
1637865757268,99,Large,200,OK,true,1048891,137,7,7,6,0,0
1637865757249,128,Large,200,OK,true,1048891,137,7,7,3,0,0
1637865757305,74,Medium-Large,200,OK,true,512313,139,7,7,4,0,0
1637865757377,17,Small-Medium,200,OK,true,102713,139,7,7,6,0,0
1637865757380,15,Small-Medium,200,OK,true,102713,139,7,7,5,0,0
1637865757367,39,Medium,200,OK,true,307513,139,7,7,4,0,0
1637865757408,12,Small,200,OK,true,51511,138,7,7,6,0,0
1637865757406,17,Small-Medium,200,OK,true,102713,139,7,7,6,0,0
1637865757300,143,Large,200,OK,true,1048891,137,7,7,4,0,0
1637865757405,40,Medium,200,OK,true,307513,139,7,7,5,0,0
1637865757367,94,Large,200,OK,true,1048891,137,7,7,9,0,0
1637865757315,146,Large,200,OK,true,1048891,137,7,7,6,0,0
1637865757443,55,Medium,200,OK,true,307513,139,7,7,5,0,0
1637865757498,11,Small,200,OK,true,51511,138,7,7,6,0,0
1637865757435,83,Medium-Large,200,OK,true,512313,139,7,7,5,0,0
1637865757436,86,Medium-Large,200,OK,true,512313,139,7,7,6,0,0
1637865757519,9,Small,200,OK,true,51511,138,7,7,4,0,0
1637865757461,89,Large,200,OK,true,1048891,137,7,7,5,0,0
1637865757366,186,Large,200,OK,true,1048891,137,7,7,4,0,0
1637865757550,10,Small,200,OK,true,51511,138,7,7,5,0,0
1637865757552,9,Small,200,OK,true,51511,138,7,7,5,0,0
1637865757526,41,Medium,200,OK,true,307513,139,7,7,5,0,0
1637865757583,12,Small,200,OK,true,51511,138,7,7,7,0,0
1637865757446,153,Large,200,OK,true,1048891,137,7,7,5,0,0
1637865757546,55,Medium,200,OK,true,307513,139,7,7,6,0,0
1637865757568,33,Small-Medium,200,OK,true,102713,139,7,7,5,0,0
1637865757600,12,Small-Medium,200,OK,true,102713,139,7,7,4,0,0
1637865757583,31,Medium,200,OK,true,307513,139,7,7,5,0,0
1637865757601,14,Small-Medium,200,OK,true,102713,139,7,7,5,0,0
1637865757461,160,Large,200,OK,true,1048891,137,7,7,6,0,0
1637865757614,8,Small-Medium,200,OK,true,102713,139,7,7,3,0,0
1637865757621,9,Small,200,OK,true,51511,138,7,7,5,0,0
1637865757601,32,Medium,200,OK,true,307513,139,7,7,4,0,0
1637865757629,9,Small,200,OK,true,51511,138,7,7,5,0,0
1637865757633,11,Small-Medium,200,OK,true,102713,139,7,7,4,0,0
1637865757522,123,Large,200,OK,true,1048891,137,7,7,6,0,0
1637865757608,40,Medium,200,OK,true,307513,139,7,7,5,0,0
1637865757642,9,Small-Medium,200,OK,true,102713,139,7,7,4,0,0
1637865757645,8,Small-Medium,200,OK,true,102713,139,7,7,3,0,0
1637865757657,7,Small,200,OK,true,51511,138,7,7,3,0,0
1637865757628,42,Medium-Large,200,OK,true,512313,139,7,7,4,0,0
1637865757661,11,Small-Medium,200,OK,true,102713,139,7,7,4,0,0
1637865757670,9,Small,200,OK,true,51511,138,7,7,5,0,0
1637865757669,11,Small-Medium,200,OK,true,102713,139,7,7,4,0,0
1637865757649,36,Medium-Large,200,OK,true,512313,139,7,7,4,0,0
1637865757648,53,Medium-Large,200,OK,true,512313,139,7,7,4,0,0
1637865757685,16,Small-Medium,200,OK,true,102713,139,7,7,6,0,0
1637865757689,13,Small,200,OK,true,51511,138,7,7,6,0,0
1637865757701,14,Small-Medium,200,OK,true,102713,139,7,7,7,0,0
1637865757701,16,Small,200,OK,true,51511,138,7,7,7,0,0
1637865757672,46,Medium-Large,200,OK,true,512313,139,7,7,5,0,0
1637865757714,12,Small-Medium,200,OK,true,102713,139,7,7,4,0,0
1637865757701,26,Medium,200,OK,true,307513,139,7,7,4,0,0
1637865757685,42,Medium-Large,200,OK,true,512313,139,7,7,3,0,0
1637865757718,12,Small-Medium,200,OK,true,102713,139,7,7,5,0,0
1637865757717,13,Small-Medium,200,OK,true,102713,139,7,7,3,0,0
1637865757726,7,Small-Medium,200,OK,true,102713,139,7,7,3,0,0
1637865757727,7,Small,200,OK,true,51511,138,7,7,5,0,0
1637865757729,8,Small-Medium,200,OK,true,102713,139,7,7,4,0,0
1637865757727,19,Medium-Large,200,OK,true,512313,139,7,7,3,0,0
1637865757745,4,Small,200,OK,true,51511,138,7,7,2,0,0
1637865757746,5,Small,200,OK,true,51511,138,7,7,3,0,0
1637865757755,9,Small,200,OK,true,51511,138,7,7,4,0,0
1637865757773,18,Small-Medium,200,OK,true,102713,139,7,7,5,0,0
1637865757801,12,Small,200,OK,true,51511,138,7,7,6,0,0
1637865757784,35,Medium,200,OK,true,307513,139,7,7,4,0,0
1637865757754,82,Large,200,OK,true,1048891,137,7,7,2,0,0
1637865757742,102,Large,200,OK,true,1048891,137,7,7,3,0,0
1637865757844,19,Small-Medium,200,OK,true,102713,139,7,7,6,0,0
1637865757819,49,Medium,200,OK,true,307513,139,7,7,5,0,0
1637865757829,43,Medium,200,OK,true,307513,139,7,7,4,0,0
1637865757872,11,Small,200,OK,true,51511,138,7,7,6,0,0
1637865757756,145,Large,200,OK,true,1048891,137,7,7,5,0,0
1637865757901,26,Small-Medium,200,OK,true,102713,139,7,7,6,0,0
1637865757756,174,Large,200,OK,true,1048891,137,7,7,5,0,0
1637865757900,34,Small-Medium,200,OK,true,102713,139,7,7,13,0,0
1637865757836,99,Large,200,OK,true,1048891,137,7,7,6,0,0
1637865757774,165,Large,200,OK,true,1048891,137,7,7,7,0,0
1637865757934,18,Small-Medium,200,OK,true,102713,139,7,7,5,0,0
1637865757930,25,Small-Medium,200,OK,true,102713,139,7,7,9,0,0
1637865757930,47,Medium,200,OK,true,307513,139,7,7,6,0,0
1637865757977,44,Medium,200,OK,true,307513,139,7,7,5,0,0
1637865757868,156,Large,200,OK,true,1048891,137,7,7,6,0,0
1637865757939,85,Medium-Large,200,OK,true,512313,139,7,7,6,0,0
1637865757935,92,Large,200,OK,true,1048891,137,7,7,7,0,0
1637865758028,12,Small-Medium,200,OK,true,102713,139,7,7,6,0,0
1637865757962,79,Medium-Large,200,OK,true,512313,139,7,7,6,0,0
1637865757873,182,Large,200,OK,true,1048891,137,7,7,12,0,0
1637865758021,36,Medium,200,OK,true,307513,139,7,7,5,0,0
1637865758024,39,Medium,200,OK,true,307513,139,7,7,4,0,0
1637865758025,42,Medium,200,OK,true,307513,139,7,7,6,0,0
1637865758055,17,Small-Medium,200,OK,true,102713,139,7,7,4,0,0
1637865758068,10,Small,200,OK,true,51511,138,7,7,5,0,0
1637865758041,69,Medium-Large,200,OK,true,512313,139,7,7,3,0,0
1637865758096,16,Small-Medium,200,OK,true,102713,139,7,7,6,0,0
1637865758055,90,Large,200,OK,true,1048891,137,7,7,6,0,0
1637865757959,197,Large,200,OK,true,1048891,137,7,7,5,0,0
1637865758145,11,Small-Medium,200,OK,true,102713,139,7,7,5,0,0
1637865758156,14,Small-Medium,200,OK,true,102713,139,7,7,4,0,0
1637865758124,48,Medium,200,OK,true,307513,139,7,7,7,0,0
1637865758173,9,Small,200,OK,true,51511,138,7,7,3,0,0
1637865758058,137,Large,200,OK,true,1048891,137,7,7,6,0,0
1637865758063,144,Large,200,OK,true,1048891,137,7,7,7,0,0
1637865758195,43,Medium,200,OK,true,307513,139,7,7,5,0,0
1637865758083,157,Large,200,OK,true,1048891,137,7,7,5,0,0
1637865758110,136,Large,200,OK,true,1048891,137,7,7,4,0,0
1637865758239,11,Small,200,OK,true,51511,138,7,7,5,0,0
1637865758207,47,Medium,200,OK,true,307513,139,7,7,5,0,0
1637865758246,10,Small,200,OK,true,51511,138,7,7,6,0,0
1637865758174,93,Large,200,OK,true,1048891,137,7,7,5,0,0
1637865758266,11,Small,200,OK,true,51511,138,7,7,6,0,0
1637865758201,78,Medium-Large,200,OK,true,512313,139,7,7,6,0,0
1637865758279,18,Small-Medium,200,OK,true,102713,139,7,7,17,0,0
1637865758267,40,Medium,200,OK,true,307512,139,7,7,7,0,0
1637865758296,13,Small-Medium,200,OK,true,102713,139,7,7,5,0,0
1637865758241,74,Medium-Large,200,OK,true,512313,139,7,7,5,0,0
1637865758307,16,Small-Medium,200,OK,true,102713,139,7,7,7,0,0
1637865758315,9,Small,200,OK,true,51511,138,7,7,5,0,0
1637865758274,57,Medium,200,OK,true,307513,139,7,7,6,0,0
1637865758307,40,Medium-Large,200,OK,true,512312,139,7,7,3,0,0
1637865758184,186,Large,200,OK,true,1048891,137,7,7,5,0,0
1637865758370,11,Small,200,OK,true,51511,138,7,7,5,0,0
1637865758322,75,Medium-Large,200,OK,true,512313,139,7,7,4,0,0
1637865758331,66,Medium-Large,200,OK,true,512313,139,7,7,4,0,0
1637865758254,146,Large,200,OK,true,1048891,137,7,7,4,0,0
1637865758397,18,Small-Medium,200,OK,true,102713,139,7,7,6,0,0
1637865758344,72,Medium-Large,200,OK,true,512313,139,7,7,4,0,0
1637865758335,81,Medium-Large,200,OK,true,512313,139,7,7,5,0,0
1637865758400,16,Small-Medium,200,OK,true,102713,139,7,7,7,0,0
1637865758416,16,Small-Medium,200,OK,true,102713,139,7,7,5,0,0
1637865758347,90,Large,200,OK,true,1048890,137,7,7,5,0,0
1637865758432,10,Small,200,OK,true,51511,138,7,7,5,0,0
1637865758416,28,Medium,200,OK,true,307513,139,7,7,4,0,0
1637865758437,11,Small-Medium,200,OK,true,102712,139,7,7,5,0,0
1637865758432,17,Small,200,OK,true,51511,138,7,7,7,0,0
1637865758397,55,Medium-Large,200,OK,true,512313,139,7,7,5,0,0
1637865758452,10,Small,200,OK,true,51511,138,7,7,5,0,0
1637865758456,11,Small,200,OK,true,51511,138,7,7,7,0,0
1637865758398,74,Medium-Large,200,OK,true,512313,139,7,7,6,0,0
1637865758454,18,Small-Medium,200,OK,true,102713,139,7,7,5,0,0
1637865758472,15,Small,200,OK,true,51511,138,7,7,5,0,0
1637865758466,29,Medium,200,OK,true,307512,139,7,7,4,0,0
1637865758480,16,Small-Medium,200,OK,true,102713,139,7,7,5,0,0
1637865758484,14,Small-Medium,200,OK,true,102713,139,7,7,6,0,0
1637865758482,18,Small-Medium,200,OK,true,102713,139,7,7,6,0,0
1637865758495,8,Small-Medium,200,OK,true,102712,139,7,7,4,0,0
1637865758510,11,Small,200,OK,true,51511,138,7,7,5,0,0
1637865758445,97,Large,200,OK,true,1048891,137,7,7,5,0,0
1637865758444,101,Large,200,OK,true,1048891,137,7,7,5,0,0
1637865758542,12,Small,200,OK,true,51511,138,8,8,5,0,0
1637865758546,15,Small-Medium,200,OK,true,102713,139,8,8,5,0,0
1637865758508,63,Medium-Large,200,OK,true,512313,139,8,8,4,0,0
1637865758555,24,Small,200,OK,true,51512,138,8,8,10,0,5
1637865758512,76,Medium-Large,200,OK,true,512313,139,8,8,6,0,0
1637865758574,15,Small-Medium,200,OK,true,102713,139,8,8,5,0,0
1637865758571,45,Medium,200,OK,true,307513,139,8,8,4,0,0
1637865758523,96,Large,200,OK,true,1048890,137,8,8,4,0,0
1637865758537,92,Medium-Large,200,OK,true,512313,139,8,8,5,0,0
1637865758619,13,Small,200,OK,true,51510,138,8,8,7,0,0
1637865758629,29,Small,200,OK,true,51511,138,8,8,18,0,0
1637865758578,88,Medium-Large,200,OK,true,512313,139,8,8,7,0,0
1637865758616,55,Medium,200,OK,true,307513,139,8,8,7,0,0
1637865758667,11,Small,200,OK,true,51511,138,8,8,5,0,0
1637865758661,20,Small,200,OK,true,51511,138,8,8,7,0,0
1637865758589,101,Medium-Large,200,OK,true,512313,139,8,8,5,0,0
1637865758500,193,Large,200,OK,true,1048891,137,8,8,4,0,0
1637865758586,117,Large,200,OK,true,1048891,137,8,8,5,0,0
1637865758651,52,Medium-Large,200,OK,true,512312,139,8,8,5,0,0
1637865758606,99,Medium-Large,200,OK,true,512313,139,8,8,5,0,0
1637865758699,16,Small-Medium,200,OK,true,102713,139,8,8,4,0,0
1637865758703,35,Medium,200,OK,true,307513,139,8,8,4,0,0
1637865758731,12,Small,200,OK,true,51511,138,8,8,6,0,0
1637865758703,57,Medium-Large,200,OK,true,512277,139,8,8,9,0,0
1637865758690,92,Medium-Large,200,OK,true,512313,139,8,8,5,0,0
1637865758693,95,Medium-Large,200,OK,true,512313,139,8,8,6,0,0
1637865758705,92,Medium-Large,200,OK,true,512313,139,8,8,5,0,0
1637865758797,13,Small,200,OK,true,51511,138,8,8,5,0,0
1637865758788,24,Small-Medium,200,OK,true,102713,139,8,8,8,0,0
1637865758760,57,Medium,200,OK,true,307514,139,8,8,12,0,5
1637865758672,168,Large,200,OK,true,1048891,137,8,8,6,0,0
1637865758817,26,Small-Medium,200,OK,true,102713,139,8,8,13,0,0
1637865758738,106,Large,200,OK,true,1048891,137,8,8,5,0,0
1637865758840,53,Medium,200,OK,true,307513,139,8,8,5,0,0
1637865758844,53,Medium-Large,200,OK,true,512313,139,8,8,6,0,0
1637865758893,18,Small-Medium,200,OK,true,102713,139,8,8,5,0,0
1637865758693,220,Large,200,OK,true,1048891,137,8,8,7,0,0
1637865758821,94,Medium-Large,200,OK,true,512313,139,8,8,6,0,0
1637865758915,11,Small,200,OK,true,51511,138,8,8,4,0,0
1637865758763,172,Large,200,OK,true,1048891,137,8,8,6,0,0
1637865758913,22,Small-Medium,200,OK,true,102713,139,8,8,6,0,0
1637865758849,90,Medium-Large,200,OK,true,512313,139,8,8,7,0,0
1637865758782,175,Large,200,OK,true,1048891,137,8,8,6,0,0
1637865758926,47,Medium,200,OK,true,307513,139,8,8,7,0,0
1637865758957,17,Small-Medium,200,OK,true,102713,139,8,8,6,0,0
1637865758947,29,Small-Medium,200,OK,true,102713,139,8,8,8,0,0
1637865758935,44,Medium,200,OK,true,307513,139,8,8,4,0,0
1637865758898,101,Large,200,OK,true,1048891,137,8,8,6,0,0
1637865758989,14,Small-Medium,200,OK,true,102713,139,8,8,6,0,0
1637865758829,176,Large,200,OK,true,1048891,137,8,8,8,0,0
1637865758999,10,Small,200,OK,true,51511,138,8,8,5,0,0
1637865758947,70,Medium,200,OK,true,307513,139,8,8,7,0,0
1637865758939,78,Medium-Large,200,OK,true,512313,139,8,8,6,0,0
1637865759005,13,Small-Medium,200,OK,true,102713,139,8,8,6,0,0
1637865759017,20,Small-Medium,200,OK,true,102713,139,8,8,2,0,0
1637865759036,13,Small-Medium,200,OK,true,102713,139,8,8,5,0,0
1637865759037,21,Small-Medium,200,OK,true,102713,139,8,8,11,0,0
1637865759058,11,Small,200,OK,true,51511,138,8,8,6,0,0
1637865759017,73,Medium-Large,200,OK,true,512313,139,8,8,20,0,0
1637865759064,31,Medium,200,OK,true,307513,139,8,8,6,0,0
1637865759037,75,Medium-Large,200,OK,true,512313,139,8,8,6,0,0
1637865758974,148,Large,200,OK,true,1048891,137,8,8,5,0,0
1637865759049,85,Medium-Large,200,OK,true,512313,139,8,8,5,0,0
1637865758979,160,Large,200,OK,true,1048891,137,8,8,6,0,0
1637865759090,65,Medium,200,OK,true,307513,139,8,8,5,0,0
1637865758979,190,Large,200,OK,true,1048891,137,8,8,5,0,0
1637865759134,55,Medium,200,OK,true,307513,139,8,8,6,0,0
1637865759091,99,Medium-Large,200,OK,true,512313,139,8,8,7,0,0
1637865759190,13,Small,200,OK,true,51511,138,8,8,5,0,0
1637865759095,108,Large,200,OK,true,1048891,137,8,8,6,0,0
1637865759190,21,Small-Medium,200,OK,true,102713,139,8,8,8,0,0
1637865759155,62,Medium,200,OK,true,307513,139,8,8,5,0,0
1637865759139,84,Medium-Large,200,OK,true,512313,139,8,8,5,0,0
1637865759203,25,Medium,200,OK,true,307513,139,8,8,5,0,0
1637865759221,13,Small,200,OK,true,51511,138,8,8,8,0,0
1637865759224,11,Small,200,OK,true,51511,138,8,8,7,0,0
1637865759222,13,Small,200,OK,true,51511,138,8,8,9,0,0
1637865759169,67,Medium,200,OK,true,307513,139,8,8,6,0,0
1637865759123,140,Large,200,OK,true,1048891,137,8,8,5,0,0
1637865759253,13,Small,200,OK,true,51511,138,8,8,5,0,0
1637865759254,13,Small,200,OK,true,51511,138,8,8,6,0,0
1637865759112,161,Large,200,OK,true,1048891,137,8,8,5,0,0
1637865759263,13,Small-Medium,200,OK,true,102713,139,8,8,5,0,0
1637865759237,43,Medium-Large,200,OK,true,512313,139,8,8,2,0,0
1637865759273,13,Small-Medium,200,OK,true,102713,139,8,8,5,0,0
1637865759236,53,Medium,200,OK,true,307513,139,8,8,8,0,0
1637865759285,15,Small-Medium,200,OK,true,102713,139,8,8,4,0,0
1637865759280,25,Medium,200,OK,true,307513,139,8,8,3,0,0
1637865759295,11,Small,200,OK,true,51511,138,8,8,6,0,0
1637865759256,65,Medium-Large,200,OK,true,512313,139,8,8,8,0,0
1637865759327,19,Small-Medium,200,OK,true,102713,139,8,8,8,0,0
1637865759312,36,Medium,200,OK,true,307513,139,8,8,5,0,0
1637865759286,72,Medium-Large,200,OK,true,512313,139,8,8,4,0,0
1637865759348,11,Small-Medium,200,OK,true,102713,139,8,8,4,0,0
1637865759218,143,Large,200,OK,true,1048891,137,8,8,4,0,0
1637865759321,47,Medium,200,OK,true,307513,139,8,8,5,0,0
1637865759317,53,Medium,200,OK,true,307513,139,8,8,4,0,0
1637865759358,15,Small-Medium,200,OK,true,102713,139,8,8,5,0,0
1637865759289,88,Medium-Large,200,OK,true,512313,139,8,8,6,0,0
1637865759369,9,Small,200,OK,true,51511,138,8,8,5,0,0
1637865759305,74,Medium-Large,200,OK,true,512312,139,8,8,4,0,0
1637865759379,5,Small,200,OK,true,51510,138,8,8,4,0,0
1637865759380,10,Small,200,OK,true,51511,138,8,8,5,0,0
1637865759370,27,Medium,200,OK,true,307513,139,8,8,4,0,0
1637865759361,40,Medium,200,OK,true,307513,139,8,8,6,0,0
1637865759359,45,Medium-Large,200,OK,true,512313,139,8,8,5,0,0
1637865759404,23,Small-Medium,200,OK,true,102713,139,8,8,6,0,0
1637865759403,24,Small-Medium,200,OK,true,102713,139,8,8,5,0,0
1637865759378,49,Medium,200,OK,true,307513,139,8,8,3,0,0
1637865759401,26,Small-Medium,200,OK,true,102713,139,8,8,8,0,0
1637865759390,56,Medium-Large,200,OK,true,512313,139,8,8,5,0,0
1637865759401,78,Medium-Large,200,OK,true,512313,139,8,8,3,0,0
1637865759479,13,Small,200,OK,true,51511,138,8,8,6,0,0
1637865759435,58,Medium,200,OK,true,307513,139,8,8,6,0,0
1637865759446,52,Medium,200,OK,true,307513,139,8,8,6,0,0
1637865759493,16,Small-Medium,200,OK,true,102713,139,8,8,5,0,0
1637865759427,86,Medium-Large,200,OK,true,512312,139,8,8,5,0,0
1637865759427,95,Large,200,OK,true,1048891,137,8,8,3,0,0
1637865759433,90,Medium-Large,200,OK,true,512313,139,8,8,5,0,0
1637865759514,10,Small,200,OK,true,51510,138,8,8,5,0,0
1637865759511,21,Small-Medium,200,OK,true,102713,139,8,8,5,0,0
1637865759498,41,Medium,200,OK,true,307513,139,8,8,6,0,0
1637865759539,10,Small,200,OK,true,51511,138,8,8,5,0,0
1637865759523,45,Medium,200,OK,true,307513,139,8,8,5,0,0
1637865759543,26,Small-Medium,200,OK,true,102713,139,8,8,5,0,0
1637865759522,55,Medium-Large,200,OK,true,512313,139,8,8,3,0,0
1637865759577,12,Small,200,OK,true,51511,138,8,8,6,0,0
1637865759545,48,Medium,200,OK,true,307512,139,8,8,7,0,0
1637865759575,21,Small-Medium,200,OK,true,102713,139,8,8,7,0,0
1637865759436,161,Large,200,OK,true,1048891,137,8,8,6,0,0
1637865759593,8,Small,200,OK,true,51510,138,8,8,4,0,0
1637865759597,9,Small,200,OK,true,51511,138,8,8,5,0,0
1637865759570,39,Medium,200,OK,true,307513,139,8,8,6,0,0
1637865759427,195,Large,200,OK,true,1048891,137,8,8,6,0,0
1637865759609,30,Medium,200,OK,true,307513,139,8,8,4,0,0
1637865759626,14,Small,200,OK,true,51510,138,8,8,7,0,0
1637865759643,11,Small-Medium,200,OK,true,102713,139,8,8,4,0,0
1637865759525,139,Large,200,OK,true,1048891,137,8,8,5,0,0
1637865759664,11,Small,200,OK,true,51511,138,8,8,5,0,0
1637865759658,17,Small-Medium,200,OK,true,102712,139,8,8,6,0,0
1637865759608,69,Medium-Large,200,OK,true,512313,139,8,8,4,0,0
1637865759622,58,Medium,200,OK,true,307513,139,8,8,4,0,0
1637865759609,77,Medium-Large,200,OK,true,512313,139,8,8,7,0,0
1637865759677,15,Small-Medium,200,OK,true,102713,139,8,8,6,0,0
1637865759687,10,Small,200,OK,true,51511,138,8,8,4,0,0
1637865759690,9,Small,200,OK,true,51510,138,8,8,5,0,0
1637865759629,71,Medium-Large,200,OK,true,512313,139,8,8,8,0,0
1637865759696,13,Small-Medium,200,OK,true,102713,139,8,8,4,0,0
1637865759674,40,Medium-Large,200,OK,true,512313,139,8,8,5,0,0
1637865759568,147,Large,200,OK,true,1048891,137,8,8,6,0,0
1637865759710,15,Small,200,OK,true,51511,138,8,8,6,0,0
1637865759700,26,Medium,200,OK,true,307513,139,8,8,4,0,0
1637865759742,11,Small,200,OK,true,51511,138,8,8,5,0,0
1637865759715,43,Medium,200,OK,true,307513,139,8,8,5,0,0
1637865759714,47,Medium-Large,200,OK,true,512313,139,8,8,3,0,0
1637865759680,94,Medium-Large,200,OK,true,512313,139,8,8,7,0,0
1637865759729,47,Medium,200,OK,true,307513,139,8,8,4,0,0
1637865759732,49,Medium,200,OK,true,307513,139,8,8,6,0,0
1637865759774,36,Small-Medium,200,OK,true,102713,139,8,8,7,0,0
1637865759722,99,Medium-Large,200,OK,true,512277,139,8,8,5,0,0
1637865759782,51,Medium,200,OK,true,307513,139,8,8,18,0,0
1637865759821,30,Small-Medium,200,OK,true,102714,139,8,8,12,0,5
1637865759761,110,Large,200,OK,true,1048891,137,8,8,5,0,0
1637865759777,95,Medium-Large,200,OK,true,512313,139,8,8,6,0,0
1637865759810,73,Medium,200,OK,true,307513,139,8,8,8,0,0
1637865759774,114,Medium-Large,200,OK,true,512313,139,8,8,5,0,0
1637865759871,31,Medium,200,OK,true,307513,139,8,8,6,0,0
1637865759719,189,Large,200,OK,true,1048891,137,8,8,5,0,0
1637865759883,30,Small-Medium,200,OK,true,102713,139,8,8,7,0,0
1637865759908,18,Small-Medium,200,OK,true,102713,139,8,8,6,0,0
1637865759903,36,Medium,200,OK,true,307513,139,8,8,6,0,0
1637865759916,31,Small-Medium,200,OK,true,102713,139,8,8,7,0,0
1637865759758,189,Large,200,OK,true,1048891,137,8,8,6,0,0
1637865759888,60,Medium,200,OK,true,307513,139,8,8,5,0,0
1637865759940,19,Small-Medium,200,OK,true,102713,139,8,8,7,0,0
1637865759947,13,Small,200,OK,true,51511,138,8,8,6,0,0
1637865759948,16,Small,200,OK,true,51511,138,8,8,7,0,0
1637865759948,17,Small,200,OK,true,51511,138,8,8,9,0,0
1637865759855,112,Large,200,OK,true,1048891,137,8,8,5,0,0
1637865759940,51,Medium-Large,200,OK,true,512313,139,8,8,5,0,0
1637865759833,159,Large,200,OK,true,1048891,137,8,8,5,0,0
1637865759980,18,Small,200,OK,true,51511,138,8,8,7,0,0
1637865759991,12,Small-Medium,200,OK,true,102713,139,8,8,5,0,0
1637865759979,49,Medium,200,OK,true,307513,139,8,8,6,0,0
1637865760012,16,Small,200,OK,true,51511,138,8,8,5,0,0
1637865759980,53,Medium,200,OK,true,307513,139,8,8,6,0,0
1637865760028,18,Small-Medium,200,OK,true,102713,139,8,8,6,0,0
1637865759872,177,Large,200,OK,true,1048891,137,8,8,7,0,0
1637865760044,13,Small,200,OK,true,51511,138,8,8,6,0,0
1637865759967,94,Large,200,OK,true,1048891,137,8,8,5,0,0
1637865759972,89,Medium-Large,200,OK,true,512313,139,8,8,6,0,0
1637865760049,22,Small-Medium,200,OK,true,102713,139,8,8,6,0,0
1637865760060,17,Small-Medium,200,OK,true,102713,139,8,8,4,0,0
1637865760061,16,Small-Medium,200,OK,true,102713,139,8,8,4,0,0
1637865760061,28,Medium,200,OK,true,307513,139,8,8,5,0,0
1637865760081,11,Small,200,OK,true,51511,138,8,8,6,0,0
1637865760092,17,Small-Medium,200,OK,true,102713,139,8,8,4,0,0
1637865760022,96,Large,200,OK,true,1048891,137,8,8,6,0,0
1637865760093,30,Medium,200,OK,true,307513,139,8,8,5,0,0
1637865760033,94,Medium-Large,200,OK,true,512313,139,8,8,6,0,0
1637865760124,11,Small,200,OK,true,51511,138,8,8,4,0,0
1637865760076,60,Medium,200,OK,true,307513,139,8,8,5,0,0
1637865760127,12,Small,200,OK,true,51511,138,8,8,7,0,0
1637865760118,33,Medium,200,OK,true,307513,139,8,8,6,0,0
1637865759993,178,Large,200,OK,true,1048891,137,8,8,6,0,0
1637865760113,66,Medium,200,OK,true,307513,139,8,8,7,0,0
1637865760156,32,Small-Medium,200,OK,true,102713,139,8,8,15,0,0
1637865760171,22,Small-Medium,200,OK,true,102713,139,8,8,6,0,0
1637865760151,45,Medium,200,OK,true,307513,139,8,8,5,0,0
1637865760196,37,Medium,200,OK,true,307513,139,8,8,6,0,0
1637865760188,56,Medium,200,OK,true,307513,139,8,8,6,0,0
1637865760125,123,Large,200,OK,true,1048891,137,8,8,6,0,0
1637865760244,11,Small,200,OK,true,51511,138,8,8,5,0,0
1637865760233,35,Medium,200,OK,true,307513,139,8,8,6,0,0
1637865760136,140,Medium-Large,200,OK,true,512313,139,8,8,7,0,0
1637865760248,33,Medium,200,OK,true,307513,139,8,8,5,0,0
1637865760093,198,Large,200,OK,true,1048891,137,8,8,6,0,0
1637865760203,94,Medium-Large,200,OK,true,512313,139,8,8,9,0,0
1637865760291,15,Small,200,OK,true,51511,138,8,8,7,0,0
1637865760297,19,Small-Medium,200,OK,true,102713,139,8,8,8,0,0
1637865760268,57,Medium-Large,200,OK,true,512313,139,8,8,6,0,0
1637865760277,50,Medium,200,OK,true,307513,139,8,8,6,0,0
1637865760282,54,Medium-Large,200,OK,true,512313,139,8,8,8,0,0
1637865760325,15,Small-Medium,200,OK,true,102713,139,8,8,6,0,0
1637865760336,11,Small,200,OK,true,51511,138,8,8,6,0,0
1637865760329,18,Small-Medium,200,OK,true,102713,139,8,8,8,0,0
1637865760167,189,Large,200,OK,true,1048891,137,8,8,6,0,0
1637865760179,181,Large,200,OK,true,1048891,137,8,8,6,0,0
1637865760327,35,Medium,200,OK,true,307513,139,8,8,7,0,0
1637865760356,9,Small,200,OK,true,51511,138,8,8,4,0,0
1637865760276,101,Medium-Large,200,OK,true,512313,139,8,8,6,0,0
1637865760323,64,Medium-Large,200,OK,true,512313,139,8,8,6,0,0
1637865760360,53,Medium,200,OK,true,307513,139,8,8,5,0,0
1637865760357,59,Medium-Large,200,OK,true,512313,139,8,8,5,0,0
1637865760361,58,Medium,200,OK,true,307513,139,8,8,10,0,0
1637865760369,55,Medium-Large,200,OK,true,512313,139,8,8,6,0,0
1637865760413,19,Small-Medium,200,OK,true,102713,139,8,8,7,0,0
1637865760425,12,Small-Medium,200,OK,true,102713,139,8,8,6,0,0
1637865760377,66,Medium,200,OK,true,307513,139,8,8,7,0,0
1637865760446,13,Small,200,OK,true,51511,138,8,8,7,0,0
1637865760456,12,Small-Medium,200,OK,true,102713,139,8,8,6,0,0
1637865760420,96,Medium-Large,200,OK,true,512313,139,8,8,7,0,0
1637865760416,109,Large,200,OK,true,1048891,137,8,8,6,0,0
1637865760516,20,Small-Medium,200,OK,true,102713,139,8,8,7,0,0
1637865760362,183,Large,200,OK,true,1048891,137,8,8,4,0,0
1637865760545,12,Small,200,OK,true,51511,138,8,8,5,0,0
1637865760548,16,Small,200,OK,true,51511,138,8,8,10,0,0
1637865760387,190,Large,200,OK,true,1048891,137,8,8,5,0,0
1637865760580,13,Small,200,OK,true,51511,138,8,8,7,0,0
1637865760577,19,Small-Medium,200,OK,true,102713,139,8,8,6,0,0
1637865760388,209,Large,200,OK,true,1048891,137,8,8,7,0,0
1637865760488,111,Large,200,OK,true,1048891,137,8,8,17,0,0
1637865760610,13,Small,200,OK,true,51511,138,8,8,6,0,0
1637865760576,57,Medium,200,OK,true,307513,139,8,8,6,0,0
1637865760525,112,Large,200,OK,true,1048891,137,8,8,6,0,0
1637865760633,13,Small,200,OK,true,51511,138,8,8,6,0,0
1637865760637,15,Small-Medium,200,OK,true,102713,139,8,8,7,0,0
1637865760599,54,Medium-Large,200,OK,true,512313,139,8,8,4,0,0
1637865760477,178,Large,200,OK,true,1048891,137,8,8,6,0,0
1637865760612,44,Medium,200,OK,true,307513,139,8,8,6,0,0
1637865760597,59,Medium,200,OK,true,307513,139,8,8,5,0,0
1637865760655,12,Small,200,OK,true,51511,138,8,8,5,0,0
1637865760444,226,Large,200,OK,true,1048891,137,8,8,4,0,0
1637865760665,12,Small,200,OK,true,51511,138,8,8,6,0,0
1637865760669,11,Small,200,OK,true,51511,138,8,8,5,0,0
1637865760642,46,Medium,200,OK,true,307513,139,8,8,7,0,0
1637865760656,35,Medium,200,OK,true,307513,139,8,8,6,0,0
1637865760656,42,Medium,200,OK,true,307513,139,8,8,3,0,0
1637865760691,12,Small,200,OK,true,51511,138,8,8,6,0,0
1637865760701,13,Small,200,OK,true,51511,138,8,8,6,0,0
1637865760698,18,Small-Medium,200,OK,true,102713,139,8,8,6,0,0
1637865760653,83,Large,200,OK,true,1048891,137,8,8,4,0,0
1637865760697,47,Medium,200,OK,true,307513,139,8,8,6,0,0
1637865760733,12,Small,200,OK,true,51511,138,8,8,6,0,0
1637865760764,11,Small,200,OK,true,51511,138,8,8,6,0,0
1637865760737,51,Medium-Large,200,OK,true,512313,139,8,8,5,0,0
1637865760722,84,Medium-Large,200,OK,true,512313,139,8,8,6,0,0
1637865760788,36,Medium,200,OK,true,307513,139,8,8,4,0,0
1637865760806,18,Small-Medium,200,OK,true,102713,139,8,8,6,0,0
1637865760824,10,Small,200,OK,true,51511,138,8,8,5,0,0
1637865760744,91,Medium-Large,200,OK,true,512313,139,8,8,6,0,0
1637865760835,25,Small-Medium,200,OK,true,102713,139,8,8,5,0,0
1637865760688,180,Large,200,OK,true,1048891,137,8,8,7,0,0
1637865760838,30,Small-Medium,200,OK,true,102713,139,8,8,15,0,0
1637865760687,182,Large,200,OK,true,1048891,137,8,8,5,0,0
1637865760670,206,Large,200,OK,true,1048891,137,8,8,6,0,0
1637865760869,20,Small-Medium,200,OK,true,102713,139,8,8,7,0,0
1637865760867,24,Small-Medium,200,OK,true,102713,139,8,8,5,0,0
1637865760876,17,Small,200,OK,true,51511,138,8,8,8,0,0
1637865760856,47,Medium-Large,200,OK,true,512313,139,8,8,4,0,0
1637865760731,176,Large,200,OK,true,1048891,137,8,8,6,0,0
1637865760797,114,Large,200,OK,true,1048891,137,8,8,5,0,0
1637865760902,13,Small,200,OK,true,51511,138,8,8,6,0,0
1637865760903,12,Small,200,OK,true,51511,138,8,8,6,0,0
1637865760870,49,Medium,200,OK,true,307513,139,8,8,7,0,0
1637865760907,21,Small-Medium,200,OK,true,102713,139,8,8,7,0,0
1637865760908,20,Small,200,OK,true,51511,138,8,8,6,0,0
1637865760919,13,Small-Medium,200,OK,true,102713,139,8,8,4,0,0
1637865760911,43,Medium-Large,200,OK,true,512313,139,8,8,5,0,0
1637865760934,50,Medium,200,OK,true,307513,139,8,8,4,0,0
1637865760954,34,Medium,200,OK,true,307513,139,8,8,6,0,0
1637865760936,57,Medium-Large,200,OK,true,512313,139,8,8,6,0,0
1637865760988,14,Small-Medium,200,OK,true,102713,139,8,8,6,0,0
1637865760940,70,Medium,200,OK,true,307513,139,8,8,6,0,0
1637865760868,158,Large,200,OK,true,1048891,137,8,8,5,0,0
1637865761010,16,Small-Medium,200,OK,true,102713,139,8,8,4,0,0
1637865760993,34,Medium,200,OK,true,307513,139,8,8,6,0,0
1637865761020,11,Small,200,OK,true,51511,138,8,8,6,0,0
1637865761028,8,Small,200,OK,true,51511,138,8,8,4,0,0
1637865760951,88,Medium-Large,200,OK,true,512313,139,8,8,6,0,0
1637865761040,10,Small,200,OK,true,51511,138,8,8,4,0,0
1637865760984,70,Medium-Large,200,OK,true,512313,139,8,8,6,0,0
1637865760899,155,Large,200,OK,true,1048891,137,8,8,6,0,0
1637865761026,32,Medium,200,OK,true,307513,139,8,8,4,0,0
1637865761054,11,Small,200,OK,true,51511,138,8,8,6,0,0
1637865761054,14,Small-Medium,200,OK,true,102713,139,8,8,4,0,0
1637865761058,10,Small,200,OK,true,51511,138,8,8,5,0,0
1637865761059,13,Small-Medium,200,OK,true,102713,139,8,8,8,0,0
1637865761052,21,Medium,200,OK,true,307513,139,8,8,3,0,0
1637865761071,17,Medium,200,OK,true,307513,139,8,8,4,0,0
1637865761084,8,Small,200,OK,true,51511,138,8,8,3,0,0
1637865761086,9,Small,200,OK,true,51511,138,8,8,6,0,0
1637865761092,9,Small,200,OK,true,51511,138,8,8,4,0,0
1637865760940,162,Large,200,OK,true,1048891,137,8,8,7,0,0
1637865761086,27,Medium,200,OK,true,307513,139,8,8,4,0,0
1637865761102,56,Medium,200,OK,true,307513,139,8,8,3,0,0
1637865761158,13,Small,200,OK,true,51511,138,8,8,6,0,0
1637865761116,55,Medium-Large,200,OK,true,512313,139,8,8,5,0,0
1637865761118,57,Medium,200,OK,true,307513,139,8,8,6,0,0
1637865761118,58,Medium,200,OK,true,307513,139,8,8,8,0,0
1637865761175,13,Small,200,OK,true,51511,138,8,8,6,0,0
1637865761176,18,Small-Medium,200,OK,true,102713,139,8,8,7,0,0
1637865761172,31,Medium,200,OK,true,307513,139,8,8,5,0,0
1637865761042,164,Large,200,OK,true,1048891,137,8,8,6,0,0
1637865761190,19,Small-Medium,200,OK,true,102713,139,8,8,6,0,0
1637865761124,111,Large,200,OK,true,1048891,137,8,8,6,0,0
1637865761204,42,Medium,200,OK,true,307513,139,8,8,4,0,0
1637865761090,161,Large,200,OK,true,1048891,137,8,8,4,0,0
1637865761235,36,Medium,200,OK,true,307513,139,8,8,5,0,0
1637865761103,170,Large,200,OK,true,1048891,137,8,8,4,0,0
1637865761273,14,Small,200,OK,true,51511,138,8,8,7,0,0
1637865761207,91,Medium,200,OK,true,307513,139,8,8,21,0,0
1637865761271,32,Medium,200,OK,true,307513,139,8,8,6,0,0
1637865761303,13,Small-Medium,200,OK,true,102713,139,8,8,5,0,0
1637865761208,109,Medium-Large,200,OK,true,512313,139,8,8,16,0,0
1637865761318,17,Small-Medium,200,OK,true,102713,139,8,8,5,0,0
1637865761251,92,Medium-Large,200,OK,true,512313,139,8,8,8,0,0
1637865761246,110,Large,200,OK,true,1048891,137,8,8,6,0,0
1637865761343,13,Small,200,OK,true,51511,138,8,8,13,0,0
1637865761299,67,Medium,200,OK,true,307513,139,8,8,7,0,0
1637865761336,31,Medium,200,OK,true,307513,139,8,8,5,0,0
1637865761356,15,Small-Medium,200,OK,true,102713,139,8,8,8,0,0
1637865761366,10,Small,200,OK,true,51511,138,8,8,5,0,0
1637865761207,184,Large,200,OK,true,1048891,137,8,8,14,0,0
1637865761391,11,Small,200,OK,true,51511,138,8,8,6,0,0
1637865761399,13,Small,200,OK,true,51510,138,8,8,7,0,0
1637865761356,56,Medium,200,OK,true,307513,139,8,8,6,0,0
1637865761222,198,Large,200,OK,true,1048891,137,8,8,8,0,0
1637865761420,30,Small-Medium,200,OK,true,102713,139,8,8,6,0,0
1637865761306,158,Large,200,OK,true,1048891,137,8,8,6,0,0
1637865761413,52,Medium,200,OK,true,307513,139,8,8,4,0,0
1637865761452,19,Small,200,OK,true,51511,138,8,8,7,0,0
1637865761367,107,Large,200,OK,true,1048891,137,8,8,6,0,0
1637865761388,100,Large,200,OK,true,1048891,137,8,8,5,0,0
1637865761484,19,Small,200,OK,true,51511,138,8,8,7,0,0
1637865761465,54,Medium,200,OK,true,307513,139,8,8,6,0,0
1637865761423,97,Medium-Large,200,OK,true,512313,139,8,8,6,0,0
1637865761488,35,Medium,200,OK,true,307513,139,8,8,6,0,0
1637865761474,54,Medium-Large,200,OK,true,512313,139,8,8,6,0,0
1637865761431,100,Medium-Large,200,OK,true,512312,139,8,8,7,0,0
1637865761528,12,Small,200,OK,true,51511,138,8,8,6,0,0
1637865761532,12,Small,200,OK,true,51510,138,8,8,6,0,0
1637865761516,29,Small-Medium,200,OK,true,102713,139,8,8,6,0,0
1637865761524,27,Medium,200,OK,true,307513,139,8,8,6,0,0
1637865761464,88,Medium-Large,200,OK,true,512312,139,8,8,6,0,0
1637865761376,181,Large,200,OK,true,1048891,137,8,8,5,0,0
1637865761520,39,Medium,200,OK,true,307513,139,8,8,5,0,0
1637865761552,10,Small-Medium,200,OK,true,102712,139,8,8,4,0,0
1637865761561,39,Medium,200,OK,true,307513,139,8,8,6,0,0
1637865761564,37,Small-Medium,200,OK,true,102712,139,8,8,7,0,0
1637865761520,84,Medium-Large,200,OK,true,512313,139,8,8,6,0,0
1637865761584,30,Small-Medium,200,OK,true,102712,139,8,8,19,0,0
1637865761559,56,Medium,200,OK,true,307513,139,8,8,6,0,0
1637865761604,20,Small-Medium,200,OK,true,102713,139,8,8,9,0,0
1637865761615,16,Small-Medium,200,OK,true,102713,139,8,8,5,0,0
1637865761616,19,Small-Medium,200,OK,true,102712,139,8,8,6,0,0
1637865761557,93,Medium-Large,200,OK,true,512313,139,8,8,6,0,0
1637865761637,17,Small-Medium,200,OK,true,102713,139,8,8,6,0,0
1637865761601,59,Medium,200,OK,true,307512,139,8,8,10,0,0
1637865761556,109,Large,200,OK,true,1048891,137,8,8,4,0,0
1637865761648,19,Small-Medium,200,OK,true,102712,139,8,8,7,0,0
1637865761650,18,Small-Medium,200,OK,true,102713,139,8,8,6,0,0
1637865761669,14,Small,200,OK,true,51511,138,8,8,8,0,0
1637865761600,107,Large,200,OK,true,1048891,137,8,8,6,0,0
1637865761683,55,Medium,200,OK,true,307513,139,8,8,5,0,0
1637865761707,38,Medium,200,OK,true,307513,139,8,8,7,0,0
1637865761548,230,Large,200,OK,true,1048891,137,8,8,5,0,0
1637865761665,114,Large,200,OK,true,1048891,137,8,8,6,0,0
1637865761680,100,Medium-Large,200,OK,true,512312,139,8,8,6,0,0
1637865761780,20,Small-Medium,200,OK,true,102712,139,8,8,6,0,0
1637865761701,101,Medium-Large,200,OK,true,512313,139,8,8,7,0,0
1637865761745,60,Medium-Large,200,OK,true,512313,139,8,8,6,0,0
1637865761648,178,Large,200,OK,true,1048891,137,8,8,5,0,0
1637865761780,54,Medium-Large,200,OK,true,512313,139,8,8,4,0,0
1637865761738,97,Medium-Large,200,OK,true,512313,139,8,8,7,0,0
1637865761826,12,Small,200,OK,true,51511,138,8,8,6,0,0
1637865761778,76,Medium,200,OK,true,307513,139,8,8,5,0,0
1637865761802,54,Medium,200,OK,true,307513,139,8,8,4,0,0
1637865761834,30,Medium,200,OK,true,307513,139,8,8,5,0,0
1637865761805,59,Medium-Large,200,OK,true,512313,139,8,8,5,0,0
1637865761660,208,Large,200,OK,true,1048890,137,8,8,5,0,0
1637865761858,11,Small,200,OK,true,51511,138,8,8,6,0,0
1637865761864,9,Small,200,OK,true,51511,138,8,8,5,0,0
1637865761855,22,Small-Medium,200,OK,true,102713,139,8,8,5,0,0
1637865761868,14,Small-Medium,200,OK,true,102712,139,8,8,5,0,0
1637865761856,43,Medium,200,OK,true,307513,139,8,8,5,0,0
1637865761890,18,Small-Medium,200,OK,true,102713,139,8,8,6,0,0
1637865761835,75,Medium-Large,200,OK,true,512313,139,8,8,6,0,0
1637865761866,47,Medium-Large,200,OK,true,512313,139,8,8,6,0,0
1637865761910,12,Small,200,OK,true,51511,138,8,8,6,0,0
1637865761896,31,Medium,200,OK,true,307513,139,8,8,6,0,0
1637865761900,64,Medium,200,OK,true,307512,139,8,8,7,0,0
1637865761913,72,Medium-Large,200,OK,true,512313,139,8,8,5,0,0
1637865761964,29,Small-Medium,200,OK,true,102712,139,8,8,8,0,0
1637865761812,182,Large,200,OK,true,1048890,137,8,8,7,0,0
1637865761899,95,Medium-Large,200,OK,true,512313,139,8,8,6,0,0
1637865761928,68,Medium-Large,200,OK,true,512313,139,8,8,6,0,0
1637865761994,14,Small,200,OK,true,51511,138,8,8,6,0,0
1637865761887,127,Medium-Large,200,OK,true,512313,139,8,8,7,0,0
1637865761997,18,Small,200,OK,true,51475,138,8,8,7,0,0
1637865761923,96,Medium-Large,200,OK,true,512313,139,8,8,6,0,0
1637865761996,33,Medium,200,OK,true,307513,139,8,8,9,0,0
1637865762028,30,Small,200,OK,true,51512,138,8,8,12,0,5
1637865762029,36,Medium,200,OK,true,307513,139,8,8,5,0,0
1637865762019,55,Medium,200,OK,true,307513,139,8,8,5,0,0
1637865762065,18,Small-Medium,200,OK,true,102713,139,8,8,8,0,0
1637865762026,58,Medium,200,OK,true,307513,139,8,8,6,0,0
1637865761994,91,Medium-Large,200,OK,true,512312,139,8,8,4,0,0
1637865761985,112,Large,200,OK,true,1048891,137,8,8,9,0,0
1637865762079,19,Small-Medium,200,OK,true,102713,139,8,8,7,0,0
1637865762085,17,Small-Medium,200,OK,true,102677,139,8,8,6,0,0
1637865762098,10,Small,200,OK,true,51511,138,8,8,6,0,0
1637865762097,14,Small-Medium,200,OK,true,102713,139,8,8,5,0,0
1637865761954,166,Large,200,OK,true,1048891,137,8,8,6,0,0
1637865762084,37,Medium,200,OK,true,307513,139,8,8,5,0,0
1637865762111,10,Small,200,OK,true,51511,138,8,8,5,0,0
1637865762015,107,Medium-Large,200,OK,true,512313,139,8,8,5,0,0
1637865762121,9,Small-Medium,200,OK,true,102713,139,8,8,4,0,0
1637865762120,11,Small-Medium,200,OK,true,102713,139,8,8,6,0,0
1637865762129,12,Small-Medium,200,OK,true,102713,139,8,8,6,0,0
1637865762117,25,Small,200,OK,true,51512,138,8,8,12,0,4
1637865762060,104,Large,200,OK,true,1048891,137,8,8,6,0,0
1637865762153,19,Small-Medium,200,OK,true,102713,139,8,8,6,0,0
1637865762161,15,Small-Medium,200,OK,true,102713,139,8,8,7,0,0
1637865762164,13,Small-Medium,200,OK,true,102713,139,8,8,5,0,0
1637865762122,58,Medium,200,OK,true,307513,139,8,8,6,0,0
1637865762149,40,Medium,200,OK,true,307513,139,8,8,6,0,0
1637865762180,13,Small,200,OK,true,51511,138,8,8,5,0,0
1637865762152,46,Medium,200,OK,true,307513,139,8,8,6,0,0
1637865762198,15,Small,200,OK,true,51511,138,8,8,7,0,0
1637865762129,95,Large,200,OK,true,1048891,137,8,8,5,0,0
1637865762143,84,Medium-Large,200,OK,true,512313,139,8,8,4,0,0
1637865762189,38,Medium,200,OK,true,307513,139,8,8,5,0,0
1637865762196,37,Medium,200,OK,true,307513,139,8,8,7,0,0
1637865762185,61,Medium,200,OK,true,307513,139,8,8,6,0,0
1637865762224,37,Medium,200,OK,true,307513,139,8,8,7,0,0
1637865762227,44,Medium,200,OK,true,307513,139,8,8,8,0,0
1637865762230,73,Medium,200,OK,true,307513,139,8,8,9,0,0
1637865762227,76,Medium,200,OK,true,307513,139,8,8,6,0,0
1637865762193,128,Large,200,OK,true,1048891,137,8,8,5,0,0
1637865762271,68,Medium-Large,200,OK,true,512313,139,8,8,5,0,0
1637865762246,109,Medium-Large,200,OK,true,512313,139,8,8,7,0,0
1637865762303,62,Medium,200,OK,true,307513,139,8,8,5,0,0
1637865762364,21,Small-Medium,200,OK,true,102713,139,8,8,7,0,0
1637865762261,128,Large,200,OK,true,1048891,137,8,8,7,0,0
1637865762339,55,Medium-Large,200,OK,true,512313,139,8,8,5,0,0
1637865762388,11,Small,200,OK,true,51511,138,8,8,6,0,0
1637865762395,10,Small,200,OK,true,51511,138,8,8,5,0,0
1637865762233,190,Large,200,OK,true,1048891,137,8,8,8,0,0
1637865762320,106,Large,200,OK,true,1048891,137,8,8,5,0,0
1637865762422,24,Small-Medium,200,OK,true,102713,139,8,8,8,0,0
1637865762421,35,Medium,200,OK,true,307513,139,8,8,6,0,0
1637865762428,39,Medium,200,OK,true,307513,139,8,8,9,0,0
1637865762396,86,Medium-Large,200,OK,true,512313,139,8,8,6,0,0
1637865762482,14,Small,200,OK,true,51511,138,8,8,6,0,0
1637865762467,39,Medium,200,OK,true,307513,139,8,8,6,0,0
1637865762303,210,Large,200,OK,true,1048891,137,8,8,6,0,0
1637865762212,303,Large,200,OK,true,1048891,137,8,8,6,0,0
1637865762456,59,Medium-Large,200,OK,true,512313,139,8,8,8,0,0
1637865762455,62,Medium,200,OK,true,307513,139,8,8,7,0,0
1637865762512,11,Small,200,OK,true,51511,138,8,8,5,0,0
1637865762515,13,Small,200,OK,true,51511,138,8,8,6,0,0
1637865762514,17,Small,200,OK,true,51511,138,8,8,5,0,0
1637865762514,19,Small-Medium,200,OK,true,102713,139,8,8,6,0,0
1637865762426,111,Large,200,OK,true,1048891,137,8,8,8,0,0
1637865762354,186,Large,200,OK,true,1048891,137,8,8,7,0,0
1637865762537,7,Small,200,OK,true,51511,138,8,8,4,0,0
1637865762544,19,Small-Medium,200,OK,true,102713,139,8,8,5,0,0
1637865762517,61,Medium-Large,200,OK,true,512313,139,8,8,6,0,0
1637865762541,47,Medium,200,OK,true,307513,139,8,8,4,0,0
1637865762578,22,Small,200,OK,true,51511,138,8,8,8,0,0
1637865762588,13,Small,200,OK,true,51511,138,8,8,6,0,0
1637865762507,96,Large,200,OK,true,1048891,137,8,8,5,0,0
1637865762570,39,Medium,200,OK,true,307513,139,8,8,6,0,0
1637865762609,12,Small-Medium,200,OK,true,102713,139,8,8,5,0,0
1637865762619,13,Small,200,OK,true,51511,138,8,8,8,0,0
1637865762546,95,Medium-Large,200,OK,true,512312,139,8,8,7,0,0
1637865762547,117,Large,200,OK,true,1048891,137,8,8,7,0,0
1637865762641,23,Small-Medium,200,OK,true,102713,139,8,8,6,0,0
1637865762641,70,Medium,200,OK,true,307512,139,8,8,5,0,0
1637865762603,133,Large,200,OK,true,1048891,137,8,8,6,0,0
1637865762673,78,Medium-Large,200,OK,true,512313,139,8,8,5,0,0
1637865762736,38,Medium,200,OK,true,307513,139,8,8,5,0,0
1637865762576,208,Large,200,OK,true,1048891,137,8,8,6,0,0
1637865762664,122,Large,200,OK,true,1048891,137,8,8,6,0,0
1637865762751,41,Medium,200,OK,true,307513,139,8,8,6,0,0
1637865762786,15,Small,200,OK,true,51511,138,8,8,9,0,0
1637865762774,35,Medium,200,OK,true,307513,139,8,8,5,0,0
1637865762546,273,Large,200,OK,true,1048891,137,8,8,6,0,0
1637865762610,210,Large,200,OK,true,1048891,137,8,8,6,0,0
1637865762785,57,Medium,200,OK,true,307513,139,8,8,8,0,0
1637865762809,39,Medium,200,OK,true,307513,139,8,8,6,0,0
1637865762793,57,Medium-Large,200,OK,true,512313,139,8,8,5,0,0
1637865762842,13,Small,200,OK,true,51511,138,8,8,7,0,0
1637865762652,208,Large,200,OK,true,1048891,137,8,8,15,0,0
1637865762850,41,Medium,200,OK,true,307513,139,8,8,7,0,0
1637865762875,21,Small-Medium,200,OK,true,102713,139,8,8,8,0,0
1637865762848,64,Medium-Large,200,OK,true,512313,139,8,8,6,0,0
1637865762711,202,Large,200,OK,true,1048890,137,8,8,6,0,0
1637865762818,111,Large,200,OK,true,1048891,137,8,8,6,0,0
1637865762929,14,Small-Medium,200,OK,true,102713,139,8,8,6,0,0
1637865762860,106,Medium-Large,200,OK,true,512313,139,8,8,7,0,0
1637865762908,62,Medium,200,OK,true,307513,139,8,8,5,0,0
1637865762913,59,Medium-Large,200,OK,true,512313,139,8,8,6,0,0
1637865762970,22,Small-Medium,200,OK,true,102713,139,8,8,7,0,0
1637865762961,51,Medium,200,OK,true,307513,139,8,8,6,0,0
1637865762892,120,Large,200,OK,true,1048891,137,8,8,6,0,0
1637865762972,43,Medium,200,OK,true,307513,139,8,8,7,0,0
1637865762820,202,Large,200,OK,true,1048891,137,8,8,7,0,0
1637865763012,15,Small,200,OK,true,51511,138,8,8,9,0,0
1637865763015,13,Small,200,OK,true,51511,138,8,8,6,0,0
1637865763045,14,Small-Medium,200,OK,true,102713,139,8,8,5,0,0
1637865763012,57,Medium-Large,200,OK,true,512313,139,8,8,6,0,0
1637865762913,189,Large,200,OK,true,1048890,137,8,8,5,0,0
1637865763070,38,Medium,200,OK,true,307513,139,8,8,5,0,0
1637865763108,20,Small-Medium,200,OK,true,102713,139,8,8,8,0,0
1637865762820,326,Large,200,OK,true,1048891,137,8,8,9,0,0
1637865762967,198,Large,200,OK,true,1048891,137,8,8,6,0,0
1637865763048,120,Large,200,OK,true,1048891,137,8,8,6,0,0
1637865763140,60,Medium-Large,200,OK,true,512313,139,8,8,6,0,0
1637865763012,195,Large,200,OK,true,1048891,137,8,8,5,0,0
1637865763169,39,Medium,200,OK,true,307513,139,8,8,6,0,0
1637865763076,135,Large,200,OK,true,1048891,137,8,8,7,0,0
1637865763200,11,Small,200,OK,true,51511,138,8,8,6,0,0
1637865763023,191,Large,200,OK,true,1048891,137,8,8,6,0,0
1637865763207,11,Small,200,OK,true,51510,138,8,8,5,0,0
1637865763211,12,Small,200,OK,true,51511,138,8,8,6,0,0
1637865763208,49,Medium-Large,200,OK,true,512313,139,8,8,6,0,0
1637865763232,35,Medium,200,OK,true,307513,139,8,8,5,0,0
1637865763258,12,Small,200,OK,true,51511,138,8,8,6,0,0
1637865763267,10,Small,200,OK,true,51511,138,8,8,5,0,0
1637865763243,35,Medium,200,OK,true,307513,139,8,8,6,0,0
1637865763102,183,Large,200,OK,true,1048890,137,8,8,8,0,0
1637865763215,71,Medium-Large,200,OK,true,512313,139,8,8,4,0,0
1637865763278,9,Small-Medium,200,OK,true,102713,139,8,8,4,0,0
1637865763287,11,Small-Medium,200,OK,true,102713,139,8,8,4,0,0
1637865763290,32,Medium,200,OK,true,307513,139,8,8,5,0,0
1637865763239,83,Medium-Large,200,OK,true,512312,139,8,8,7,0,0
1637865763322,14,Small,200,OK,true,51511,138,8,8,6,0,0
1637865763165,191,Large,200,OK,true,1048891,137,8,8,6,0,0
1637865763356,18,Small,200,OK,true,51511,138,8,8,14,0,0
1637865763319,61,Medium,200,OK,true,307513,139,8,8,6,0,0
1637865763147,235,Large,200,OK,true,1048891,137,8,8,7,0,0
1637865763354,68,Medium-Large,200,OK,true,512313,139,8,8,16,0,0
1637865763322,100,Medium-Large,200,OK,true,512312,139,8,8,7,0,0
1637865763299,124,Large,200,OK,true,1048891,137,8,8,6,0,0
1637865763310,120,Large,200,OK,true,1048891,137,8,8,8,0,0
1637865763422,17,Small,200,OK,true,51510,138,8,8,9,0,0
1637865763422,31,Medium,200,OK,true,307513,139,8,8,5,0,0
1637865763423,36,Medium,200,OK,true,307513,139,8,8,6,0,0
1637865763430,31,Medium,200,OK,true,307513,139,8,8,7,0,0
1637865763285,182,Large,200,OK,true,1048890,137,8,8,5,0,0
1637865763459,13,Small-Medium,200,OK,true,102713,139,8,8,5,0,0
1637865763388,106,Medium-Large,200,OK,true,512313,139,8,8,6,0,0
1637865763455,57,Medium-Large,200,OK,true,512313,139,8,8,5,0,0
1637865763494,19,Small,200,OK,true,51511,138,8,8,8,0,0
1637865763463,59,Medium-Large,200,OK,true,512313,139,8,8,7,0,0
1637865763468,60,Medium,200,OK,true,307512,139,8,8,7,0,0
1637865763527,13,Small,200,OK,true,51511,138,8,8,7,0,0
1637865763455,92,Medium-Large,200,OK,true,512312,139,8,8,7,0,0
1637865763523,39,Medium,200,OK,true,307513,139,8,8,6,0,0
1637865763562,14,Small,200,OK,true,51511,138,8,8,7,0,0
1637865763381,210,Large,200,OK,true,1048891,137,8,8,5,0,0
1637865763491,108,Large,200,OK,true,1048891,137,8,8,6,0,0
1637865763591,13,Small,200,OK,true,51511,138,8,8,6,0,0
1637865763594,12,Small,200,OK,true,51510,138,8,8,6,0,0
1637865763599,13,Small-Medium,200,OK,true,102713,139,8,8,7,0,0
1637865763513,103,Large,200,OK,true,1048891,137,8,8,5,0,0
1637865763528,91,Medium-Large,200,OK,true,512312,139,8,8,7,0,0
1637865763547,82,Medium-Large,200,OK,true,512312,139,8,8,6,0,0
1637865763558,75,Medium-Large,200,OK,true,512313,139,8,8,6,0,0
1637865763629,10,Small,200,OK,true,51510,138,8,8,5,0,0
1637865763633,13,Small,200,OK,true,51511,138,8,8,7,0,0
1637865763626,26,Small-Medium,200,OK,true,102712,139,8,8,14,0,0
1637865763382,273,Large,200,OK,true,1048891,137,8,8,6,0,0
1637865763631,27,Medium,200,OK,true,307513,139,8,8,4,0,0
1637865763655,17,Small-Medium,200,OK,true,102713,139,8,8,5,0,0
1637865763624,48,Medium,200,OK,true,307513,139,8,8,6,0,0
1637865763663,13,Small,200,OK,true,51511,138,8,8,7,0,0
1637865763672,15,Small-Medium,200,OK,true,102713,139,8,8,5,0,0
1637865763658,34,Medium,200,OK,true,307512,139,8,8,5,0,0
1637865763692,8,Small,200,OK,true,51510,138,8,8,4,0,0
1637865763617,89,Large,200,OK,true,1048891,137,8,8,3,0,0
1637865763694,17,Small,200,OK,true,51511,138,8,8,12,0,0
1637865763706,12,Small-Medium,200,OK,true,102713,139,8,8,5,0,0
1637865763705,15,Small-Medium,200,OK,true,102713,139,8,8,4,0,0
1637865763727,45,Medium,200,OK,true,307513,139,8,8,5,0,0
1637865763619,169,Large,200,OK,true,1048890,137,8,8,5,0,0
1637865763773,39,Medium,200,OK,true,307513,139,8,8,5,0,0
1637865763812,15,Small-Medium,200,OK,true,102713,139,8,8,7,0,0
1637865763662,171,Large,200,OK,true,1048890,137,8,8,6,0,0
1637865763666,171,Large,200,OK,true,1048891,137,8,8,7,0,0
1637865763789,57,Medium,200,OK,true,307477,139,8,8,5,0,0
1637865763834,12,Small,200,OK,true,51510,138,8,8,6,0,0
1637865763724,126,Large,200,OK,true,1048890,137,8,8,5,0,0
1637865763844,12,Small,200,OK,true,51511,138,8,8,6,0,0
1637865763850,11,Small,200,OK,true,51510,138,8,8,7,0,0
1637865763746,125,Large,200,OK,true,1048891,137,8,8,9,0,0
1637865763871,10,Small,200,OK,true,51511,138,8,8,5,0,0
1637865763866,45,Medium,200,OK,true,307477,139,8,8,5,0,0
1637865763876,36,Medium,200,OK,true,307513,139,8,8,5,0,0
1637865763846,91,Medium-Large,200,OK,true,512314,139,8,8,12,0,5
1637865763882,56,Medium-Large,200,OK,true,512312,139,8,8,4,0,0
1637865763746,194,Large,200,OK,true,1048891,137,8,8,6,0,0
1637865763687,253,Large,200,OK,true,1048891,137,8,8,5,0,0
1637865763912,36,Medium,200,OK,true,307513,139,8,8,5,0,0
1637865763941,12,Small,200,OK,true,51511,138,8,8,4,0,0
1637865763902,63,Medium-Large,200,OK,true,512313,139,8,8,7,0,0
1637865763973,16,Small,200,OK,true,51511,138,8,8,7,0,0
1637865763937,62,Medium,200,OK,true,307513,139,8,8,5,0,0
1637865763938,66,Medium-Large,200,OK,true,512312,139,8,8,5,0,0
1637865764005,13,Small,200,OK,true,51510,138,8,8,6,0,0
1637865763948,71,Medium-Large,200,OK,true,512313,139,8,8,7,0,0
1637865763965,57,Medium-Large,200,OK,true,512313,139,8,8,5,0,0
1637865763838,188,Large,200,OK,true,1048891,137,8,8,5,0,0
1637865764019,11,Small-Medium,200,OK,true,102713,139,8,8,5,0,0
1637865764022,11,Small,200,OK,true,51511,138,8,8,5,0,0
1637865764026,10,Small,200,OK,true,51511,138,8,8,5,0,0
1637865764037,6,Small,200,OK,true,51475,138,8,8,5,0,0
1637865763940,107,Medium-Large,200,OK,true,512313,139,8,8,8,0,0
1637865763912,135,Large,200,OK,true,1048892,137,8,8,12,0,5
1637865764047,7,Small-Medium,200,OK,true,102713,139,8,8,3,0,0
1637865764051,9,Small,200,OK,true,51511,138,8,8,4,0,0
1637865764054,10,Small-Medium,200,OK,true,102713,139,8,8,4,0,0
1637865763999,72,Medium-Large,200,OK,true,512313,139,8,8,7,0,0
1637865764071,18,Small,200,OK,true,51511,138,8,8,14,0,0
1637865764058,46,Medium,200,OK,true,307513,139,8,8,5,0,0
1637865764086,32,Medium,200,OK,true,307513,139,8,8,5,0,0
1637865764083,36,Medium,200,OK,true,307513,139,8,8,4,0,0
1637865764005,124,Large,200,OK,true,1048891,137,8,8,7,0,0
1637865764119,12,Small-Medium,200,OK,true,102713,139,8,8,5,0,0
1637865764068,72,Small,200,OK,true,51512,138,8,8,23,0,15
1637865764047,95,Medium-Large,200,OK,true,512313,139,8,8,5,0,0
1637865764129,18,Small-Medium,200,OK,true,102713,139,8,8,7,0,0
1637865764119,31,Medium,200,OK,true,307513,139,8,8,7,0,0
1637865764104,51,Medium,200,OK,true,307513,139,8,8,7,0,0
1637865764152,13,Small,200,OK,true,51511,138,8,8,6,0,0
1637865764155,20,Small-Medium,200,OK,true,102713,139,8,8,6,0,0
1637865764161,19,Small-Medium,200,OK,true,102713,139,8,8,7,0,0
1637865764083,101,Large,200,OK,true,1048891,137,8,8,6,0,0
1637865764104,83,Medium-Large,200,OK,true,512313,139,8,8,8,0,0
1637865764142,57,Medium,200,OK,true,307513,139,8,8,5,0,0
1637865764187,13,Small,200,OK,true,51511,138,8,8,6,0,0
1637865764188,15,Small,200,OK,true,51511,138,8,8,8,0,0
1637865764140,84,Medium-Large,200,OK,true,512313,139,8,8,6,0,0
1637865764200,27,Small-Medium,200,OK,true,102713,139,8,8,4,0,0
1637865764220,22,Small-Medium,200,OK,true,102713,139,8,8,9,0,0
1637865764184,59,Medium-Large,200,OK,true,512313,139,8,8,4,0,0
1637865764232,12,Small,200,OK,true,51511,138,8,8,7,0,0
1637865764150,118,Large,200,OK,true,1048891,137,8,8,5,0,0
1637865764268,14,Small,200,OK,true,51511,138,8,8,6,0,0
1637865764224,68,Medium-Large,200,OK,true,512313,139,8,8,7,0,0
1637865764264,33,Small-Medium,200,OK,true,102713,139,8,8,6,0,0
1637865764184,119,Large,200,OK,true,1048891,137,8,8,5,0,0
1637865764243,65,Medium-Large,200,OK,true,512313,139,8,8,6,0,0
1637865764303,15,Small-Medium,200,OK,true,102713,139,8,8,6,0,0
1637865764252,67,Medium,200,OK,true,307513,139,8,8,7,0,0
1637865764293,38,Medium,200,OK,true,307513,139,8,8,5,0,0
1637865764335,20,Small-Medium,200,OK,true,102713,139,8,8,7,0,0
1637865764308,60,Medium-Large,200,OK,true,512313,139,8,8,8,0,0
1637865764367,14,Small-Medium,200,OK,true,102713,139,8,8,6,0,0
1637865764193,198,Large,200,OK,true,1048891,137,8,8,7,0,0
1637865764300,110,Large,200,OK,true,1048891,137,8,8,7,0,0
1637865764410,14,Small-Medium,200,OK,true,102713,139,8,8,7,0,0
1637865764219,205,Large,200,OK,true,1048891,137,8,8,6,0,0
1637865764368,58,Medium-Large,200,OK,true,512313,139,8,8,7,0,0
1637865764331,95,Medium-Large,200,OK,true,512313,139,8,8,6,0,0
1637865764297,133,Medium-Large,200,OK,true,512313,139,8,8,7,0,0
1637865764425,8,Small,200,OK,true,51511,138,8,8,3,0,0
1637865764399,34,Medium,200,OK,true,307513,139,8,8,8,0,0
1637865764449,11,Small,200,OK,true,51511,138,8,8,5,0,0
1637865764426,52,Medium,200,OK,true,307513,139,8,8,23,0,0
1637865764475,14,Small-Medium,200,OK,true,102713,139,8,8,6,0,0
1637865764456,51,Medium,200,OK,true,307513,139,8,8,7,0,0
1637865764433,74,Medium-Large,200,OK,true,512313,139,8,8,16,0,0
1637865764320,192,Large,200,OK,true,1048891,137,8,8,8,0,0
1637865764512,14,Small,200,OK,true,51511,138,8,8,7,0,0
1637865764507,21,Small-Medium,200,OK,true,102713,139,8,8,6,0,0
1637865764478,60,Medium-Large,200,OK,true,512313,139,8,8,8,0,0
1637865764507,34,Medium,200,OK,true,307513,139,8,8,5,0,0
1637865764507,37,Medium,200,OK,true,307513,139,8,8,9,0,0
1637865764391,164,Large,200,OK,true,1048891,137,8,8,6,0,0
1637865764541,40,Medium,200,OK,true,307513,139,9,9,5,0,0
1637865764426,181,Large,200,OK,true,1048891,137,9,9,5,0,0
1637865764544,81,Medium-Large,200,OK,true,512313,139,9,9,8,0,0
1637865764625,13,Small,200,OK,true,51510,138,9,9,6,0,0
1637865764581,76,Medium-Large,200,OK,true,512313,139,9,9,7,0,0
1637865764538,143,Large,200,OK,true,1048891,137,9,9,4,0,0
1637865764662,20,Small-Medium,200,OK,true,102712,139,9,9,7,0,0
1637865764682,10,Small,200,OK,true,51511,138,9,9,4,0,0
1637865764430,270,Large,200,OK,true,1048891,137,9,9,5,0,0
1637865764608,99,Medium-Large,200,OK,true,512313,139,9,9,7,0,0
1637865764657,63,Medium-Large,200,OK,true,512313,139,9,9,6,0,0
1637865764700,33,Small-Medium,200,OK,true,102713,139,9,9,7,0,0
1637865764698,37,Medium,200,OK,true,307512,139,9,9,5,0,0
1637865764539,202,Large,200,OK,true,1048891,137,9,9,6,0,0
1637865764544,200,Large,200,OK,true,1048891,137,9,9,6,0,0
1637865764735,14,Small,200,OK,true,51510,138,9,9,7,0,0
1637865764737,19,Small,200,OK,true,51511,138,9,9,6,0,0
1637865764718,39,Medium,200,OK,true,307513,139,9,9,5,0,0
1637865764555,202,Large,200,OK,true,1048891,137,9,9,9,0,0
1637865764745,18,Small-Medium,200,OK,true,102713,139,9,9,7,0,0
1637865764721,56,Medium-Large,200,OK,true,512313,139,9,9,7,0,0
1637865764558,221,Large,200,OK,true,1048892,137,9,9,19,0,7
1637865764773,21,Small,200,OK,true,51511,138,9,9,6,0,0
1637865764781,16,Small,200,OK,true,51511,138,9,9,9,0,0
1637865764707,108,Medium-Large,200,OK,true,512313,139,9,9,7,0,0
1637865764770,50,Medium,200,OK,true,307512,139,9,9,6,0,0
1637865764757,63,Medium,200,OK,true,307513,139,9,9,7,0,0
1637865764777,44,Medium,200,OK,true,307513,139,9,9,7,0,0
1637865764757,69,Medium-Large,200,OK,true,512313,139,9,9,5,0,0
1637865764741,109,Medium-Large,200,OK,true,512313,139,9,9,5,0,0
1637865764821,39,Medium,200,OK,true,307513,139,9,9,10,0,0
1637865764850,21,Small,200,OK,true,51511,138,9,9,12,0,0
1637865764815,56,Small-Medium,200,OK,true,102713,139,9,9,14,0,0
1637865764861,15,Small-Medium,200,OK,true,102713,139,9,9,8,0,0
1637865764815,63,Medium,200,OK,true,307513,139,9,9,6,0,0
1637865764820,60,Medium-Large,200,OK,true,512312,139,9,9,7,0,0
1637865764878,12,Small,200,OK,true,51511,138,9,9,6,0,0
1637865764886,11,Small,200,OK,true,51511,138,9,9,5,0,0
1637865764880,36,Medium,200,OK,true,307512,139,9,9,6,0,0
1637865764817,102,Medium-Large,200,OK,true,512313,139,9,9,5,0,0
1637865764916,14,Small,200,OK,true,51510,138,9,9,7,0,0
1637865764919,14,Small,200,OK,true,51511,138,9,9,7,0,0
1637865764914,19,Small-Medium,200,OK,true,102713,139,9,9,6,0,0
1637865764826,112,Large,200,OK,true,1048891,137,9,9,9,0,0
1637865764922,21,Small-Medium,200,OK,true,102713,139,9,9,7,0,0
1637865764938,9,Small,200,OK,true,51511,138,9,9,5,0,0
1637865764897,55,Medium-Large,200,OK,true,512313,139,9,9,7,0,0
1637865764950,10,Small,200,OK,true,51511,138,9,9,4,0,0
1637865764871,97,Medium-Large,200,OK,true,512313,139,9,9,7,0,0
1637865764779,197,Large,200,OK,true,1048891,137,9,9,8,0,0
1637865764958,18,Small,200,OK,true,51511,138,9,9,7,0,0
1637865764976,25,Small-Medium,200,OK,true,102713,139,9,9,9,0,0
1637865764821,189,Large,200,OK,true,1048891,137,9,9,8,0,0
1637865765013,15,Small,200,OK,true,51511,138,9,9,7,0,0
1637865764975,67,Medium-Large,200,OK,true,512313,139,9,9,6,0,0
1637865765043,13,Small,200,OK,true,51511,138,9,9,5,0,0
1637865764952,121,Large,200,OK,true,1048891,137,9,9,4,0,0
1637865764952,124,Large,200,OK,true,1048890,137,9,9,7,0,0
1637865765011,66,Medium,200,OK,true,307513,139,9,9,7,0,0
1637865764968,115,Medium,200,OK,true,307513,139,9,9,7,0,0
1637865765073,13,Small-Medium,200,OK,true,102713,139,9,9,5,0,0
1637865764994,97,Medium-Large,200,OK,true,512313,139,9,9,7,0,0
1637865765078,14,Small,200,OK,true,51511,138,9,9,9,0,0
1637865765048,54,Medium,200,OK,true,307513,139,9,9,8,0,0
1637865765092,15,Small-Medium,200,OK,true,102713,139,9,9,5,0,0
1637865765110,11,Small,200,OK,true,51511,138,9,9,5,0,0
1637865765076,50,Medium-Large,200,OK,true,512277,139,9,9,6,0,0
1637865765115,13,Small-Medium,200,OK,true,102713,139,9,9,7,0,0
1637865764955,184,Large,200,OK,true,1048891,137,9,9,7,0,0
1637865765102,48,Medium,200,OK,true,307513,139,9,9,5,0,0
1637865764986,190,Large,200,OK,true,1048891,137,9,9,8,0,0
1637865765176,22,Small-Medium,200,OK,true,102713,139,9,9,7,0,0
1637865765145,72,Medium-Large,200,OK,true,512313,139,9,9,6,0,0
1637865765150,70,Medium,200,OK,true,307513,139,9,9,6,0,0
1637865765221,13,Small,200,OK,true,51511,138,9,9,6,0,0
1637865765077,161,Large,200,OK,true,1048891,137,9,9,7,0,0
1637865765139,106,Medium-Large,200,OK,true,512312,139,9,9,7,0,0
1637865765257,14,Small,200,OK,true,51511,138,9,9,7,0,0
1637865765150,136,Large,200,OK,true,1048891,137,9,9,8,0,0
1637865765238,57,Medium,200,OK,true,307513,139,9,9,6,0,0
1637865765296,13,Small,200,OK,true,51511,138,9,9,7,0,0
1637865765126,208,Large,200,OK,true,1048892,137,9,9,9,0,4
1637865765128,211,Large,200,OK,true,1048891,137,9,9,3,0,0
1637865765286,57,Medium-Large,200,OK,true,512313,139,9,9,5,0,0
1637865765217,130,Large,200,OK,true,1048891,137,9,9,12,0,0
1637865765245,103,Medium-Large,200,OK,true,512312,139,9,9,7,0,0
1637865765293,58,Medium,200,OK,true,307513,139,9,9,6,0,0
1637865765347,13,Small,200,OK,true,51511,138,9,9,6,0,0
1637865765351,14,Small,200,OK,true,51511,138,9,9,7,0,0
1637865765344,33,Medium,200,OK,true,307513,139,9,9,5,0,0
1637865765083,301,Large,200,OK,true,1048891,137,9,9,8,0,0
1637865765381,12,Small,200,OK,true,51511,138,9,9,5,0,0
1637865765339,55,Medium,200,OK,true,307513,139,9,9,7,0,0
1637865765212,186,Large,200,OK,true,1048891,137,9,9,10,0,0
1637865765399,18,Small-Medium,200,OK,true,102713,139,9,9,6,0,0
1637865765395,23,Small-Medium,200,OK,true,102713,139,9,9,6,0,0
1637865765383,36,Medium,200,OK,true,307513,139,9,9,6,0,0
1637865765331,93,Medium-Large,200,OK,true,512313,139,9,9,6,0,0
1637865765348,92,Medium-Large,200,OK,true,512312,139,9,9,6,0,0
1637865765387,54,Medium,200,OK,true,307513,139,9,9,7,0,0
1637865765416,37,Medium,200,OK,true,307513,139,9,9,4,0,0
1637865765440,22,Small-Medium,200,OK,true,102712,139,9,9,8,0,0
1637865765419,62,Medium-Large,200,OK,true,512313,139,9,9,5,0,0
1637865765453,39,Medium,200,OK,true,307513,139,9,9,7,0,0
1637865765481,14,Small-Medium,200,OK,true,102713,139,9,9,7,0,0
1637865765441,57,Medium,200,OK,true,307513,139,9,9,8,0,0
1637865765492,12,Small,200,OK,true,51511,138,9,9,7,0,0
1637865765431,81,Medium-Large,200,OK,true,512313,139,9,9,5,0,0
1637865765385,128,Medium-Large,200,OK,true,512313,139,9,9,6,0,0
1637865765334,179,Large,200,OK,true,1048891,137,9,9,7,0,0
1637865765513,15,Small,200,OK,true,51511,138,9,9,6,0,0
1637865765513,21,Small-Medium,200,OK,true,102713,139,9,9,8,0,0
1637865765517,20,Small-Medium,200,OK,true,102713,139,9,9,8,0,0
1637865765476,73,Medium-Large,200,OK,true,512312,139,9,9,5,0,0
1637865765549,21,Small,200,OK,true,51511,138,9,9,5,0,0
1637865765549,22,Small-Medium,200,OK,true,102712,139,9,9,6,0,0
1637865765499,80,Medium-Large,200,OK,true,512313,139,9,9,5,0,0
1637865765529,54,Medium-Large,200,OK,true,512313,139,9,9,6,0,0
1637865765512,85,Medium-Large,200,OK,true,512313,139,9,9,5,0,0
1637865765424,181,Large,200,OK,true,1048891,137,9,9,6,0,0
1637865765597,13,Small,200,OK,true,51511,138,9,9,6,0,0
1637865765553,60,Medium-Large,200,OK,true,512313,139,9,9,7,0,0
1637865765585,31,Small-Medium,200,OK,true,102713,139,9,9,6,0,0
1637865765583,39,Medium,200,OK,true,307513,139,9,9,6,0,0
1637865765435,205,Large,200,OK,true,1048891,137,9,9,7,0,0
1637865765549,93,Medium-Large,200,OK,true,512313,139,9,9,5,0,0
1637865765622,23,Small-Medium,200,OK,true,102713,139,9,9,16,0,0
1637865765613,36,Medium,200,OK,true,307513,139,9,9,7,0,0
1637865765640,14,Small,200,OK,true,51511,138,9,9,8,0,0
1637865765621,35,Small-Medium,200,OK,true,102713,139,9,9,17,0,0
1637865765642,18,Small-Medium,200,OK,true,102713,139,9,9,7,0,0
1637865765650,11,Small-Medium,200,OK,true,102713,139,9,9,6,0,0
1637865765605,58,Medium,200,OK,true,307513,139,9,9,6,0,0
1637865765638,26,Small-Medium,200,OK,true,102713,139,9,9,8,0,0
1637865765658,10,Small-Medium,200,OK,true,102713,139,9,9,5,0,0
1637865765657,13,Small-Medium,200,OK,true,102713,139,9,9,4,0,0
1637865765579,95,Medium-Large,200,OK,true,512313,139,9,9,8,0,0
1637865765663,32,Medium,200,OK,true,307513,139,9,9,4,0,0
1637865765679,17,Small-Medium,200,OK,true,102713,139,9,9,7,0,0
1637865765694,40,Medium,200,OK,true,307513,139,9,9,7,0,0
1637865765714,23,Small-Medium,200,OK,true,102713,139,9,9,8,0,0
1637865765686,54,Medium-Large,200,OK,true,512313,139,9,9,5,0,0
1637865765670,80,Medium-Large,200,OK,true,512313,139,9,9,3,0,0
1637865765741,14,Small,200,OK,true,51511,138,9,9,8,0,0
1637865765750,12,Small,200,OK,true,51511,138,9,9,6,0,0
1637865765674,90,Medium-Large,200,OK,true,512313,139,9,9,5,0,0
1637865765585,180,Large,200,OK,true,1048890,137,9,9,7,0,0
1637865765751,17,Small-Medium,200,OK,true,102713,139,9,9,6,0,0
1637865765699,86,Medium-Large,200,OK,true,512313,139,9,9,6,0,0
1637865765777,14,Small-Medium,200,OK,true,102713,139,9,9,6,0,0
1637865765734,61,Medium-Large,200,OK,true,512313,139,9,9,6,0,0
1637865765785,11,Small,200,OK,true,51511,138,9,9,7,0,0
1637865765795,10,Small,200,OK,true,51511,138,9,9,5,0,0
1637865765675,172,Large,200,OK,true,1048891,137,9,9,7,0,0
1637865765847,14,Small,200,OK,true,51511,138,9,9,6,0,0
1637865765813,64,Medium-Large,200,OK,true,512313,139,9,9,6,0,0
1637865765786,94,Medium-Large,200,OK,true,512313,139,9,9,7,0,0
1637865765787,94,Medium-Large,200,OK,true,512313,139,9,9,7,0,0
1637865765831,57,Medium-Large,200,OK,true,512313,139,9,9,7,0,0
1637865765880,12,Small,200,OK,true,51511,138,9,9,6,0,0
1637865765882,14,Small,200,OK,true,51511,138,9,9,7,0,0
1637865765693,219,Large,200,OK,true,1048890,137,9,9,6,0,0
1637865765878,36,Medium,200,OK,true,307513,139,9,9,4,0,0
1637865765821,97,Medium-Large,200,OK,true,512313,139,9,9,6,0,0
1637865765916,13,Small,200,OK,true,51511,138,9,9,5,0,0
1637865765765,177,Large,200,OK,true,1048890,137,9,9,11,0,0
1637865765764,187,Large,200,OK,true,1048891,137,9,9,5,0,0
1637865765914,39,Medium,200,OK,true,307513,139,9,9,5,0,0
1637865765919,60,Medium,200,OK,true,307513,139,9,9,6,0,0
1637865765951,61,Medium,200,OK,true,307513,139,9,9,6,0,0
1637865765953,74,Medium-Large,200,OK,true,512313,139,9,9,7,0,0
1637865765889,138,Large,200,OK,true,1048891,137,9,9,6,0,0
1637865765918,111,Medium-Large,200,OK,true,512313,139,9,9,7,0,0
1637865765979,66,Medium,200,OK,true,307513,139,9,9,7,0,0
1637865766027,19,Small-Medium,200,OK,true,102713,139,9,9,9,0,0
1637865766045,12,Small,200,OK,true,51511,138,9,9,6,0,0
1637865765912,150,Medium-Large,200,OK,true,512312,139,9,9,5,0,0
1637865765881,189,Large,200,OK,true,1048891,137,9,9,7,0,0
1637865766012,62,Medium,200,OK,true,307513,139,9,9,15,0,0
1637865766070,20,Small-Medium,200,OK,true,102713,139,9,9,7,0,0
1637865766081,19,Small,200,OK,true,51511,138,9,9,7,0,0
1637865766029,97,Medium-Large,200,OK,true,512313,139,9,9,4,0,0
1637865766107,20,Small-Medium,200,OK,true,102713,139,9,9,7,0,0
1637865766075,56,Medium,200,OK,true,307513,139,9,9,5,0,0
1637865766117,21,Small-Medium,200,OK,true,102713,139,9,9,7,0,0
1637865766131,13,Small,200,OK,true,51511,138,9,9,6,0,0
1637865765942,209,Large,200,OK,true,1048890,137,9,9,7,0,0
1637865766027,130,Large,200,OK,true,1048891,137,9,9,5,0,0
1637865765952,205,Large,200,OK,true,1048891,137,9,9,6,0,0
1637865766151,19,Small-Medium,200,OK,true,102677,139,9,9,6,0,0
1637865766168,13,Small,200,OK,true,51511,138,9,9,6,0,0
1637865766064,119,Large,200,OK,true,1048891,137,9,9,6,0,0
1637865766183,12,Small-Medium,200,OK,true,102713,139,9,9,6,0,0
1637865766062,140,Medium-Large,200,OK,true,512312,139,9,9,6,0,0
1637865766153,53,Medium,200,OK,true,307513,139,9,9,6,0,0
1637865766126,87,Medium-Large,200,OK,true,512313,139,9,9,7,0,0
1637865766157,60,Medium-Large,200,OK,true,512313,139,9,9,8,0,0
1637865766217,13,Small-Medium,200,OK,true,102713,139,9,9,5,0,0
1637865766219,16,Small,200,OK,true,51511,138,9,9,9,0,0
1637865766204,52,Medium,200,OK,true,307513,139,9,9,4,0,0
1637865766206,53,Medium,200,OK,true,307513,139,9,9,6,0,0
1637865766213,47,Medium,200,OK,true,307513,139,9,9,5,0,0
1637865766261,14,Small,200,OK,true,51511,138,9,9,7,0,0
1637865766254,39,Medium,200,OK,true,307513,139,9,9,7,0,0
1637865766294,13,Small,200,OK,true,51511,138,9,9,7,0,0
1637865766296,13,Small,200,OK,true,51511,138,9,9,7,0,0
1637865766143,171,Large,200,OK,true,1048891,137,9,9,8,0,0
1637865766252,63,Medium-Large,200,OK,true,512313,139,9,9,7,0,0
1637865766259,57,Medium,200,OK,true,307513,139,9,9,7,0,0
1637865766202,120,Medium-Large,200,OK,true,512312,139,9,9,5,0,0
1637865766316,10,Small,200,OK,true,51511,138,9,9,5,0,0
1637865766317,10,Small,200,OK,true,51511,138,9,9,6,0,0
1637865766314,14,Small-Medium,200,OK,true,102713,139,9,9,4,0,0
1637865766188,144,Large,200,OK,true,1048892,137,9,9,12,0,6
1637865766157,176,Large,200,OK,true,1048891,137,9,9,10,0,0
1637865766256,79,Medium-Large,200,OK,true,512313,139,9,9,7,0,0
1637865766330,16,Small,200,OK,true,51511,138,9,9,10,0,0
1637865766335,11,Small,200,OK,true,51511,138,9,9,6,0,0
1637865766366,10,Small,200,OK,true,51511,138,9,9,5,0,0
1637865766371,24,Small,200,OK,true,51511,138,9,9,8,0,0
1637865766352,60,Medium-Large,200,OK,true,512313,139,9,9,5,0,0
1637865766407,22,Small,200,OK,true,51511,138,9,9,8,0,0
1637865766412,67,Medium-Large,200,OK,true,512313,139,9,9,6,0,0
1637865766333,170,Large,200,OK,true,1048891,137,9,9,2,0,0
1637865766503,21,Small-Medium,200,OK,true,102713,139,9,9,7,0,0
1637865766402,135,Large,200,OK,true,1048891,137,9,9,8,0,0
1637865766333,205,Large,200,OK,true,1048891,137,9,9,6,0,0
1637865766350,190,Large,200,OK,true,1048891,137,9,9,5,0,0
1637865766479,62,Medium-Large,200,OK,true,512313,139,9,9,6,0,0
1637865766333,208,Large,200,OK,true,1048891,137,9,9,4,0,0
1637865766353,193,Large,200,OK,true,1048891,137,9,9,6,0,0
1637865766538,15,Small,200,OK,true,51511,138,9,9,7,0,0
1637865766546,15,Small,200,OK,true,51511,138,9,9,9,0,0
1637865766323,245,Large,200,OK,true,1048890,137,9,9,5,0,0
1637865766537,39,Medium,200,OK,true,307513,139,9,9,5,0,0
1637865766541,43,Medium,200,OK,true,307513,139,9,9,10,0,0
1637865766577,13,Small-Medium,200,OK,true,102713,139,9,9,6,0,0
1637865766568,32,Small-Medium,200,OK,true,102712,139,9,9,7,0,0
1637865766604,14,Small,200,OK,true,51510,138,9,9,6,0,0
1637865766541,97,Medium-Large,200,OK,true,512313,139,9,9,13,0,0
1637865766443,198,Large,200,OK,true,1048891,137,9,9,7,0,0
1637865766613,40,Medium,200,OK,true,307513,139,9,9,7,0,0
1637865766642,14,Small,200,OK,true,51511,138,9,9,7,0,0
1637865766653,15,Small-Medium,200,OK,true,102713,139,9,9,7,0,0
1637865766574,101,Medium-Large,200,OK,true,512313,139,9,9,6,0,0
1637865766638,55,Medium,200,OK,true,307513,139,9,9,6,0,0
1637865766678,20,Small-Medium,200,OK,true,102713,139,9,9,6,0,0
1637865766584,115,Large,200,OK,true,1048891,137,9,9,7,0,0
1637865766699,12,Small,200,OK,true,51511,138,9,9,6,0,0
1637865766693,24,Small-Medium,200,OK,true,102713,139,9,9,7,0,0
1637865766689,29,Medium,200,OK,true,307513,139,9,9,5,0,0
1637865766640,81,Medium,200,OK,true,307512,139,9,9,8,0,0
1637865766540,182,Large,200,OK,true,1048891,137,9,9,9,0,0
1637865766539,193,Large,200,OK,true,1048891,137,9,9,5,0,0
1637865766721,13,Small,200,OK,true,51510,138,9,9,3,0,0
1637865766725,12,Small,200,OK,true,51511,138,9,9,6,0,0
1637865766732,12,Small,200,OK,true,51511,138,9,9,6,0,0
1637865766729,31,Small-Medium,200,OK,true,102713,139,9,9,6,0,0
1637865766581,192,Large,200,OK,true,1048891,137,9,9,8,0,0
1637865766761,38,Medium,200,OK,true,307513,139,9,9,4,0,0
1637865766714,93,Medium-Large,200,OK,true,512313,139,9,9,6,0,0
1637865766722,89,Medium,200,OK,true,307513,139,9,9,8,0,0
1637865766799,14,Small-Medium,200,OK,true,102713,139,9,9,6,0,0
1637865766735,129,Large,200,OK,true,1048891,137,9,9,5,0,0
1637865766676,191,Large,200,OK,true,1048891,137,9,9,5,0,0
1637865766765,104,Medium-Large,200,OK,true,512313,139,9,9,7,0,0
1637865766835,39,Medium,200,OK,true,307513,139,9,9,6,0,0
1637865766869,14,Small,200,OK,true,51511,138,9,9,6,0,0
1637865766864,37,Medium,200,OK,true,307513,139,9,9,5,0,0
1637865766811,93,Medium-Large,200,OK,true,512313,139,9,9,7,0,0
1637865766867,59,Medium,200,OK,true,307513,139,9,9,6,0,0
1637865766874,69,Medium-Large,200,OK,true,512312,139,9,9,7,0,0
1637865766902,44,Medium,200,OK,true,307513,139,9,9,5,0,0
1637865766943,15,Small-Medium,200,OK,true,102712,139,9,9,5,0,0
1637865766768,191,Large,200,OK,true,1048891,137,9,9,6,0,0
1637865766773,204,Large,200,OK,true,1048891,137,9,9,8,0,0
1637865766946,39,Medium,200,OK,true,307513,139,9,9,7,0,0
1637865766977,12,Small,200,OK,true,51511,138,9,9,6,0,0
1637865766904,86,Medium-Large,200,OK,true,512313,139,9,9,7,0,0
1637865766985,12,Small,200,OK,true,51511,138,9,9,7,0,0
1637865766807,198,Large,200,OK,true,1048891,137,9,9,7,0,0
1637865766979,34,Medium,200,OK,true,307512,139,9,9,6,0,0
1637865767015,12,Small,200,OK,true,51510,138,9,9,6,0,0
1637865766757,294,Large,200,OK,true,1048855,137,9,9,3,0,0
1637865767005,50,Medium,200,OK,true,307513,139,9,9,6,0,0
1637865766959,96,Medium-Large,200,OK,true,512313,139,9,9,6,0,0
1637865766990,89,Medium-Large,200,OK,true,512313,139,9,9,4,0,0
1637865767021,62,Medium-Large,200,OK,true,512313,139,9,9,6,0,0
1637865767052,32,Small,200,OK,true,51512,138,9,9,13,0,5
1637865766906,183,Large,200,OK,true,1048891,137,9,9,8,0,0
1637865767079,14,Small,200,OK,true,51511,138,9,9,8,0,0
1637865767051,59,Medium-Large,200,OK,true,512312,139,9,9,7,0,0
1637865767055,57,Medium,200,OK,true,307513,139,9,9,7,0,0
1637865767088,25,Small-Medium,200,OK,true,102713,139,9,9,7,0,0
1637865766926,192,Large,200,OK,true,1048891,137,9,9,7,0,0
1637865767112,78,Medium,200,OK,true,307513,139,9,9,6,0,0
1637865767118,76,Medium,200,OK,true,307513,139,9,9,7,0,0
1637865767190,14,Small,200,OK,true,51511,138,9,9,7,0,0
1637865767089,123,Medium-Large,200,OK,true,512313,139,9,9,7,0,0
1637865767194,22,Small-Medium,200,OK,true,102713,139,9,9,6,0,0
1637865767013,215,Large,200,OK,true,1048891,137,9,9,5,0,0
1637865767083,151,Large,200,OK,true,1048891,137,9,9,6,0,0
1637865767212,24,Small-Medium,200,OK,true,102713,139,9,9,6,0,0
1637865767226,18,Small-Medium,200,OK,true,102713,139,9,9,5,0,0
1637865767110,157,Large,200,OK,true,1048890,137,9,9,6,0,0
1637865767249,20,Small-Medium,200,OK,true,102713,139,9,9,6,0,0
1637865767228,51,Medium,200,OK,true,307513,139,9,9,5,0,0
1637865767262,17,Small,200,OK,true,51511,138,9,9,6,0,0
1637865767055,226,Large,200,OK,true,1048891,137,9,9,6,0,0
1637865767124,171,Large,200,OK,true,1048891,137,9,9,8,0,0
1637865767234,71,Medium-Large,200,OK,true,512313,139,9,9,5,0,0
1637865767230,85,Medium-Large,200,OK,true,512313,139,9,9,7,0,0
1637865767298,21,Small-Medium,200,OK,true,102713,139,9,9,8,0,0
1637865767115,226,Large,200,OK,true,1048891,137,9,9,7,0,0
1637865767295,57,Medium,200,OK,true,307513,139,9,9,7,0,0
1637865767285,80,Medium,200,OK,true,307513,139,9,9,7,0,0
1637865767341,27,Small-Medium,200,OK,true,102713,139,9,9,8,0,0
1637865767365,28,Small-Medium,200,OK,true,102713,139,9,9,6,0,0
1637865767334,69,Medium,200,OK,true,307513,139,9,9,8,0,0
1637865767267,138,Large,200,OK,true,1048890,137,9,9,12,0,0
1637865767405,20,Small-Medium,200,OK,true,102712,139,9,9,7,0,0
1637865767353,87,Medium-Large,200,OK,true,512313,139,9,9,6,0,0
1637865767305,139,Large,200,OK,true,1048891,137,9,9,7,0,0
1637865767441,14,Small,200,OK,true,51510,138,9,9,7,0,0
1637865767441,15,Small-Medium,200,OK,true,102713,139,9,9,5,0,0
1637865767279,205,Large,200,OK,true,1048891,137,9,9,5,0,0
1637865767281,225,Large,200,OK,true,1048891,137,9,9,5,0,0
1637865767476,30,Small-Medium,200,OK,true,102713,139,9,9,6,0,0
1637865767477,29,Small-Medium,200,OK,true,102677,139,9,9,7,0,0
1637865767506,15,Small,200,OK,true,51511,138,9,9,5,0,0
1637865767512,11,Small,200,OK,true,51511,138,9,9,5,0,0
1637865767315,212,Large,200,OK,true,1048891,137,9,9,5,0,0
1637865767377,188,Large,200,OK,true,1048891,137,9,9,7,0,0
1637865767527,50,Medium,200,OK,true,307513,139,9,9,5,0,0
1637865767444,135,Large,200,OK,true,1048891,137,9,9,7,0,0
1637865767513,67,Medium,200,OK,true,307514,139,9,9,13,0,6
1637865767577,13,Small,200,OK,true,51511,138,9,9,6,0,0
1637865767403,188,Large,200,OK,true,1048891,137,9,9,7,0,0
1637865767579,13,Small,200,OK,true,51511,138,9,9,6,0,0
1637865767565,28,Small-Medium,200,OK,true,102713,139,9,9,8,0,0
1637865767580,15,Small-Medium,200,OK,true,102713,139,9,9,8,0,0
1637865767402,198,Large,200,OK,true,1048891,137,9,9,7,0,0
1637865767591,13,Small-Medium,200,OK,true,102713,139,9,9,5,0,0
1637865767600,10,Small,200,OK,true,51511,138,9,9,5,0,0
1637865767548,62,Medium-Large,200,OK,true,512313,139,9,9,7,0,0
1637865767543,76,Medium-Large,200,OK,true,512313,139,9,9,7,0,0
1637865767614,13,Small-Medium,200,OK,true,102713,139,9,9,5,0,0
1637865767619,12,Small,200,OK,true,51511,138,9,9,6,0,0
1637865767627,11,Small,200,OK,true,51511,138,9,9,5,0,0
1637865767611,32,Medium,200,OK,true,307513,139,9,9,3,0,0
1637865767484,167,Large,200,OK,true,1048891,137,9,9,6,0,0
1637865767636,16,Small-Medium,200,OK,true,102713,139,9,9,6,0,0
1637865767612,41,Medium,200,OK,true,307513,139,9,9,5,0,0
1637865767651,5,Small,200,OK,true,51511,138,9,9,3,0,0
1637865767653,11,Small,200,OK,true,51511,138,9,9,5,0,0
1637865767616,48,Medium-Large,200,OK,true,512313,139,9,9,7,0,0
1637865767601,76,Medium-Large,200,OK,true,512313,139,9,9,6,0,0
1637865767651,34,Medium,200,OK,true,307513,139,9,9,5,0,0
1637865767677,11,Small,200,OK,true,51511,138,9,9,6,0,0
1637865767672,53,Medium,200,OK,true,307513,139,9,9,5,0,0
1637865767725,13,Small,200,OK,true,51511,138,9,9,6,0,0
1637865767653,91,Medium-Large,200,OK,true,512313,139,9,9,7,0,0
1637865767683,62,Medium-Large,200,OK,true,512313,139,9,9,5,0,0
1637865767654,94,Medium-Large,200,OK,true,512313,139,9,9,7,0,0
1637865767664,87,Medium-Large,200,OK,true,512313,139,9,9,5,0,0
1637865767688,65,Medium-Large,200,OK,true,512313,139,9,9,8,0,0
1637865767746,12,Small,200,OK,true,51511,138,9,9,6,0,0
1637865767752,19,Small-Medium,200,OK,true,102713,139,9,9,6,0,0
1637865767688,94,Medium-Large,200,OK,true,512313,139,9,9,5,0,0
1637865767788,15,Small,200,OK,true,51511,138,9,9,8,0,0
1637865767760,55,Medium,200,OK,true,307513,139,9,9,6,0,0
1637865767754,61,Medium-Large,200,OK,true,512313,139,9,9,7,0,0
1637865767781,44,Medium,200,OK,true,307513,139,9,9,6,0,0
1637865767815,11,Small,200,OK,true,51511,138,9,9,6,0,0
1637865767782,59,Medium,200,OK,true,307513,139,9,9,8,0,0
1637865767662,182,Large,200,OK,true,1048891,137,9,9,4,0,0
1637865767748,101,Medium-Large,200,OK,true,512313,139,9,9,7,0,0
1637865767841,12,Small,200,OK,true,51511,138,9,9,6,0,0
1637865767844,18,Small-Medium,200,OK,true,102713,139,9,9,6,0,0
1637865767849,14,Small,200,OK,true,51511,138,9,9,7,0,0
1637865767826,63,Medium-Large,200,OK,true,512313,139,9,9,6,0,0
1637865767714,176,Large,200,OK,true,1048891,137,9,9,6,0,0
1637865767884,16,Small,200,OK,true,51511,138,9,9,10,0,0
1637865767884,25,Small-Medium,200,OK,true,102713,139,9,9,10,0,0
1637865767823,89,Medium-Large,200,OK,true,512313,139,9,9,6,0,0
1637865767851,70,Medium-Large,200,OK,true,512313,139,9,9,7,0,0
1637865767916,14,Small,200,OK,true,51511,138,9,9,7,0,0
1637865767912,20,Small-Medium,200,OK,true,102713,139,9,9,5,0,0
1637865767914,23,Small-Medium,200,OK,true,102713,139,9,9,8,0,0
1637865767744,195,Large,200,OK,true,1048891,137,9,9,6,0,0
1637865767939,11,Small,200,OK,true,51511,138,9,9,5,0,0
1637865767948,12,Small,200,OK,true,51511,138,9,9,6,0,0
1637865767889,71,Medium-Large,200,OK,true,512313,139,9,9,7,0,0
1637865767960,13,Small-Medium,200,OK,true,102713,139,9,9,6,0,0
1637865767891,97,Medium-Large,200,OK,true,512313,139,9,9,8,0,0
1637865767950,59,Medium,200,OK,true,307513,139,9,9,6,0,0
1637865767997,12,Small,200,OK,true,51511,138,9,9,7,0,0
1637865767952,58,Medium,200,OK,true,307513,139,9,9,7,0,0
1637865767815,196,Large,200,OK,true,1048891,137,9,9,7,0,0
1637865767922,114,Large,200,OK,true,1048891,137,9,9,6,0,0
1637865768009,53,Medium,200,OK,true,307513,139,9,9,5,0,0
1637865767885,184,Large,200,OK,true,1048891,137,9,9,6,0,0
1637865768011,64,Medium,200,OK,true,307513,139,9,9,13,0,0
1637865768036,48,Medium,200,OK,true,307513,139,9,9,8,0,0
1637865768076,13,Small,200,OK,true,51511,138,9,9,6,0,0
1637865768032,67,Medium-Large,200,OK,true,512313,139,9,9,6,0,0
1637865768069,60,Medium,200,OK,true,307513,139,9,9,7,0,0
1637865768111,29,Small-Medium,200,OK,true,102713,139,9,9,8,0,0
1637865768100,40,Medium,200,OK,true,307513,139,9,9,6,0,0
1637865768129,18,Small-Medium,200,OK,true,102713,139,9,9,7,0,0
1637865767975,189,Large,200,OK,true,1048891,137,9,9,5,0,0
1637865768062,104,Medium-Large,200,OK,true,512313,139,9,9,8,0,0
1637865768165,19,Small,200,OK,true,51511,138,9,9,10,0,0
1637865767983,205,Large,200,OK,true,1048891,137,9,9,7,0,0
1637865767988,201,Large,200,OK,true,1048891,137,9,9,7,0,0
1637865768188,13,Small,200,OK,true,51511,138,9,9,6,0,0
1637865768189,19,Small-Medium,200,OK,true,102713,139,9,9,6,0,0
1637865768011,209,Large,200,OK,true,1048891,137,9,9,7,0,0
1637865768084,137,Large,200,OK,true,1048891,137,9,9,7,0,0
1637865768221,12,Small,200,OK,true,51511,138,9,9,6,0,0
1637865768225,13,Small,200,OK,true,51511,138,9,9,6,0,0
1637865768224,21,Small-Medium,200,OK,true,102713,139,9,9,8,0,0
1637865768148,110,Medium-Large,200,OK,true,512313,139,9,9,8,0,0
1637865768141,118,Large,200,OK,true,1048891,137,9,9,5,0,0
1637865768166,100,Medium-Large,200,OK,true,512313,139,9,9,7,0,0
1637865768259,10,Small-Medium,200,OK,true,102713,139,9,9,4,0,0
1637865768266,16,Small,200,OK,true,51511,138,9,9,9,0,0
1637865768302,13,Small,200,OK,true,51511,138,9,9,7,0,0
1637865768220,99,Medium-Large,200,OK,true,512313,139,9,9,5,0,0
1637865768295,41,Medium,200,OK,true,307513,139,9,9,7,0,0
1637865768164,203,Large,200,OK,true,1048891,137,9,9,6,0,0
1637865768336,46,Medium,200,OK,true,307513,139,9,9,6,0,0
1637865768258,127,Large,200,OK,true,1048891,137,9,9,11,0,0
1637865768338,60,Medium,200,OK,true,307513,139,9,9,7,0,0
1637865768201,208,Large,200,OK,true,1048891,137,9,9,7,0,0
1637865768398,21,Small-Medium,200,OK,true,102713,139,9,9,9,0,0
1637865768382,71,Medium-Large,200,OK,true,512313,139,9,9,6,0,0
1637865768454,13,Small,200,OK,true,51511,138,9,9,6,0,0
1637865768367,102,Medium-Large,200,OK,true,512313,139,9,9,7,0,0
1637865768409,63,Medium,200,OK,true,307513,139,9,9,7,0,0
1637865768261,213,Large,200,OK,true,1048891,137,9,9,11,0,0
1637865768260,218,Large,200,OK,true,1048891,137,9,9,6,0,0
1637865768259,228,Large,200,OK,true,1048891,137,9,9,12,0,0
1637865768434,65,Medium,200,OK,true,307513,139,9,9,9,0,0
1637865768478,21,Small-Medium,200,OK,true,102713,139,9,9,7,0,0
1637865768490,14,Small,200,OK,true,51511,138,9,9,7,0,0
1637865768385,124,Large,200,OK,true,1048891,137,9,9,7,0,0
1637865768499,11,Small,200,OK,true,51511,138,9,9,6,0,0
1637865768319,200,Large,200,OK,true,1048891,137,9,9,9,0,0
1637865768474,53,Medium,200,OK,true,307513,139,9,9,7,0,0
1637865768514,18,Small-Medium,200,OK,true,102713,139,9,9,6,0,0
1637865768520,13,Small,200,OK,true,51511,138,9,9,7,0,0
1637865768525,12,Small,200,OK,true,51511,138,9,9,6,0,0
1637865768487,54,Medium,200,OK,true,307513,139,9,9,7,0,0
1637865768469,75,Medium-Large,200,OK,true,512313,139,9,9,5,0,0
1637865768541,10,Small,200,OK,true,51511,138,9,9,4,0,0
1637865768473,79,Medium-Large,200,OK,true,512313,139,9,9,5,0,0
1637865768552,12,Small-Medium,200,OK,true,102713,139,9,9,5,0,0
1637865768556,13,Small,200,OK,true,51511,138,9,9,6,0,0
1637865768535,41,Medium,200,OK,true,307513,139,9,9,6,0,0
1637865768561,39,Medium,200,OK,true,307513,139,9,9,7,0,0
1637865768576,25,Small,200,OK,true,51511,138,9,9,6,0,0
1637865768544,57,Medium,200,OK,true,307513,139,9,9,5,0,0
1637865768509,113,Large,200,OK,true,1048891,137,9,9,7,0,0
1637865768527,95,Medium-Large,200,OK,true,512313,139,9,9,7,0,0
1637865768613,20,Small-Medium,200,OK,true,102713,139,9,9,7,0,0
1637865768622,14,Small-Medium,200,OK,true,102713,139,9,9,6,0,0
1637865768550,95,Medium-Large,200,OK,true,512313,139,9,9,5,0,0
1637865768587,64,Medium,200,OK,true,307513,139,9,9,13,0,0
1637865768600,54,Medium,200,OK,true,307513,139,9,9,9,0,0
1637865768649,12,Small,200,OK,true,51511,138,9,9,6,0,0
1637865768651,13,Small,200,OK,true,51511,138,9,9,6,0,0
1637865768601,66,Medium,200,OK,true,307513,139,9,9,11,0,0
1637865768655,18,Small-Medium,200,OK,true,102713,139,9,9,6,0,0
1637865768578,96,Medium-Large,200,OK,true,512313,139,9,9,6,0,0
1637865768645,52,Medium,200,OK,true,307513,139,9,9,6,0,0
1637865768684,14,Small,200,OK,true,51511,138,9,9,7,0,0
1637865768697,14,Small,200,OK,true,51511,138,9,9,8,0,0
1637865768622,99,Medium-Large,200,OK,true,512313,139,9,9,8,0,0
1637865768601,123,Large,200,OK,true,1048891,137,9,9,4,0,0
1637865768667,60,Medium,200,OK,true,307513,139,9,9,6,0,0
1637865768674,61,Medium,200,OK,true,307513,139,9,9,6,0,0
1637865768728,22,Small-Medium,200,OK,true,102713,139,9,9,7,0,0
1637865768686,64,Medium,200,OK,true,307513,139,9,9,6,0,0
1637865768721,47,Medium,200,OK,true,307513,139,9,9,3,0,0
1637865768751,21,Small-Medium,200,OK,true,102713,139,9,9,6,0,0
1637865768764,11,Small,200,OK,true,51511,138,9,9,5,0,0
1637865768658,122,Large,200,OK,true,1048891,137,9,9,6,0,0
1637865768735,58,Medium,200,OK,true,307513,139,9,9,6,0,0
1637865768781,17,Small-Medium,200,OK,true,102713,139,9,9,9,0,0
1637865768793,14,Small,200,OK,true,51511,138,9,9,8,0,0
1637865768800,11,Small,200,OK,true,51511,138,9,9,6,0,0
1637865768733,92,Medium-Large,200,OK,true,512313,139,9,9,7,0,0
1637865768787,52,Medium,200,OK,true,307513,139,9,9,7,0,0
1637865768724,129,Large,200,OK,true,1048891,137,9,9,4,0,0
1637865768768,85,Medium-Large,200,OK,true,512313,139,9,9,7,0,0
1637865768836,22,Small-Medium,200,OK,true,102713,139,9,9,7,0,0
1637865768830,28,Small-Medium,200,OK,true,102713,139,9,9,8,0,0
1637865768839,20,Small-Medium,200,OK,true,102713,139,9,9,6,0,0
1637865768853,10,Small,200,OK,true,51511,138,9,9,5,0,0
1637865768826,57,Medium,200,OK,true,307513,139,9,9,9,0,0
1637865768866,18,Small-Medium,200,OK,true,102713,139,9,9,5,0,0
1637865768872,13,Small,200,OK,true,51511,138,9,9,6,0,0
1637865768691,199,Large,200,OK,true,1048891,137,9,9,9,0,0
1637865768721,178,Large,200,OK,true,1048891,137,9,9,5,0,0
1637865768883,16,Small-Medium,200,OK,true,102713,139,9,9,6,0,0
1637865768889,10,Small,200,OK,true,51511,138,9,9,5,0,0
1637865768899,10,Small,200,OK,true,51511,138,9,9,5,0,0
1637865768875,36,Medium,200,OK,true,307513,139,9,9,6,0,0
1637865768817,102,Large,200,OK,true,1048891,137,9,9,5,0,0
1637865768911,11,Small,200,OK,true,51511,138,9,9,6,0,0
1637865768902,21,Small-Medium,200,OK,true,102713,139,9,9,5,0,0
1637865768908,16,Small-Medium,200,OK,true,102713,139,9,9,6,0,0
1637865768925,15,Small,200,OK,true,51511,138,9,9,9,0,0
1637865768919,29,Medium,200,OK,true,307513,139,9,9,4,0,0
1637865768938,11,Small,200,OK,true,51511,138,9,9,5,0,0
1637865768919,31,Medium,200,OK,true,307513,139,9,9,5,0,0
1637865768934,17,Small-Medium,200,OK,true,102713,139,9,9,6,0,0
1637865768963,12,Small,200,OK,true,51511,138,9,9,6,0,0
1637865768963,16,Small,200,OK,true,51511,138,9,9,10,0,0
1637865768971,18,Small-Medium,200,OK,true,102713,139,9,9,7,0,0
1637865768973,20,Small-Medium,200,OK,true,102713,139,9,9,8,0,0
1637865768853,147,Large,200,OK,true,1048891,137,9,9,6,0,0
1637865768991,13,Small,200,OK,true,51511,138,9,9,7,0,0
1637865768944,96,Medium-Large,200,OK,true,512313,139,9,9,5,0,0
1637865768948,99,Medium-Large,200,OK,true,512313,139,9,9,4,0,0
1637865768991,56,Medium-Large,200,OK,true,512313,139,9,9,4,0,0
1637865769040,20,Small-Medium,200,OK,true,102713,139,9,9,7,0,0
1637865769000,68,Medium,200,OK,true,307513,139,9,9,14,0,0
1637865768890,179,Large,200,OK,true,1048891,137,9,9,6,0,0
1637865768963,112,Large,200,OK,true,1048891,137,9,9,4,0,0
1637865769007,105,Medium-Large,200,OK,true,512313,139,9,9,5,0,0
1637865769047,67,Medium-Large,200,OK,true,512313,139,9,9,6,0,0
1637865769010,117,Medium-Large,200,OK,true,512313,139,9,9,8,0,0
1637865769075,85,Medium-Large,200,OK,true,512313,139,9,9,7,0,0
1637865769068,93,Medium-Large,200,OK,true,512313,139,9,9,4,0,0
1637865769069,93,Medium-Large,200,OK,true,512313,139,9,9,7,0,0
1637865769162,13,Small,200,OK,true,51511,138,9,9,5,0,0
1637865769163,20,Small-Medium,200,OK,true,102713,139,9,9,7,0,0
1637865769160,32,Medium,200,OK,true,307513,139,9,9,5,0,0
1637865769114,78,Medium-Large,200,OK,true,512313,139,9,9,7,0,0
1637865769192,8,Small,200,OK,true,51511,138,9,9,4,0,0
1637865769112,95,Medium-Large,200,OK,true,512313,139,9,9,6,0,0
1637865769199,22,Small-Medium,200,OK,true,102713,139,9,9,9,0,0
1637865769027,202,Large,200,OK,true,1048891,137,9,9,9,0,0
1637865769228,12,Small,200,OK,true,51511,138,9,9,6,0,0
1637865769047,199,Large,200,OK,true,1048891,137,9,9,10,0,0
1637865769207,61,Medium,200,OK,true,307513,139,9,9,7,0,0
1637865769264,14,Small-Medium,200,OK,true,102713,139,9,9,6,0,0
1637865769076,204,Large,200,OK,true,1048891,137,9,9,9,0,0
1637865769229,55,Medium,200,OK,true,307513,139,9,9,6,0,0
1637865769268,25,Small-Medium,200,OK,true,102713,139,9,9,7,0,0
1637865769235,64,Medium,200,OK,true,307513,139,9,9,9,0,0
1637865769281,20,Small-Medium,200,OK,true,102713,139,9,9,8,0,0
1637865769127,175,Large,200,OK,true,1048891,137,9,9,7,0,0
1637865769197,107,Large,200,OK,true,1048891,137,9,9,5,0,0
1637865769302,15,Small,200,OK,true,51511,138,9,9,8,0,0
1637865769246,112,Medium-Large,200,OK,true,512313,139,9,9,7,0,0
1637865769338,21,Small,200,OK,true,51511,138,9,9,20,0,0
1637865769299,67,Medium,200,OK,true,307513,139,9,9,6,0,0
1637865769301,71,Medium-Large,200,OK,true,512313,139,9,9,7,0,0
1637865769366,14,Small,200,OK,true,51511,138,9,9,6,0,0
1637865769284,103,Medium-Large,200,OK,true,512313,139,9,9,6,0,0
1637865769372,15,Small,200,OK,true,51511,138,9,9,8,0,0
1637865769387,10,Small,200,OK,true,51511,138,9,9,4,0,0
1637865769198,204,Large,200,OK,true,1048891,137,9,9,7,0,0
1637865769305,101,Medium-Large,200,OK,true,512313,139,9,9,8,0,0
1637865769358,52,Medium,200,OK,true,307513,139,9,9,6,0,0
1637865769402,23,Small-Medium,200,OK,true,102713,139,9,9,9,0,0
1637865769305,128,Large,200,OK,true,1048891,137,9,9,5,0,0
1637865769423,20,Small-Medium,200,OK,true,102713,139,9,9,7,0,0
1637865769438,14,Small,200,OK,true,51511,138,9,9,7,0,0
1637865769411,53,Medium,200,OK,true,307513,139,9,9,8,0,0
1637865769433,39,Medium,200,OK,true,307513,139,9,9,6,0,0
1637865769374,101,Medium-Large,200,OK,true,512313,139,9,9,10,0,0
1637865769459,21,Small-Medium,200,OK,true,102713,139,9,9,7,0,0
1637865769472,15,Small,200,OK,true,51511,138,9,9,5,0,0
1637865769476,12,Small,200,OK,true,51511,138,9,9,11,0,0
1637865769402,91,Medium-Large,200,OK,true,512313,139,9,9,4,0,0
1637865769406,89,Medium-Large,200,OK,true,512313,139,9,9,6,0,0
1637865769464,47,Medium,200,OK,true,307513,139,9,9,8,0,0
1637865769495,18,Small-Medium,200,OK,true,102713,139,9,9,6,0,0
1637865769317,197,Large,200,OK,true,1048891,137,9,9,6,0,0
1637865769473,46,Medium,200,OK,true,307513,139,9,9,6,0,0
1637865769511,14,Small,200,OK,true,51511,138,9,9,8,0,0
1637865769511,19,Small,200,OK,true,51511,138,9,9,7,0,0
1637865769408,127,Large,200,OK,true,1048891,137,9,9,7,0,0
1637865769531,13,Small,200,OK,true,51511,138,9,9,5,0,0
1637865769547,13,Small,200,OK,true,51511,138,9,9,5,0,0
1637865769508,54,Medium-Large,200,OK,true,512313,139,9,9,5,0,0
1637865769519,51,Medium,200,OK,true,307513,139,9,9,6,0,0
1637865769563,10,Small,200,OK,true,51511,138,9,9,4,0,0
1637865769567,13,Small,200,OK,true,51511,138,9,9,7,0,0
1637865769494,91,Medium-Large,200,OK,true,512313,139,9,9,5,0,0
1637865769570,15,Small-Medium,200,OK,true,102713,139,9,9,7,0,0
1637865769535,57,Medium-Large,200,OK,true,512313,139,9,9,7,0,0
1637865769548,52,Medium,200,OK,true,307513,139,9,9,6,0,0
1637865769607,14,Small,200,OK,true,51511,138,9,9,8,0,0
1637865769592,38,Medium,200,OK,true,307513,139,9,9,5,0,0
1637865769585,55,Medium,200,OK,true,307513,139,9,9,6,0,0
1637865769630,13,Small,200,OK,true,51511,138,9,9,7,0,0
1637865769600,60,Medium,200,OK,true,307513,139,9,9,7,0,0
1637865769603,58,Medium,200,OK,true,307513,139,9,9,8,0,0
1637865769495,168,Large,200,OK,true,1048891,137,9,9,8,0,0
1637865769643,20,Small-Medium,200,OK,true,102713,139,9,9,8,0,0
1637865769583,87,Medium-Large,200,OK,true,512313,139,9,9,5,0,0
1637865769660,11,Small,200,OK,true,51511,138,9,9,5,0,0
1637865769661,11,Small,200,OK,true,51511,138,9,9,6,0,0
1637865769666,12,Small,200,OK,true,51511,138,9,9,6,0,0
1637865769515,173,Large,200,OK,true,1048891,137,9,9,7,0,0
1637865769598,107,Large,200,OK,true,1048891,137,9,9,6,0,0
1637865769688,17,Small-Medium,200,OK,true,102713,139,9,9,5,0,0
1637865769696,23,Small,200,OK,true,51511,138,9,9,6,0,0
1637865769670,54,Medium,200,OK,true,307513,139,9,9,6,0,0
1637865769702,22,Small,200,OK,true,51510,138,9,9,6,0,0
1637865769724,14,Small,200,OK,true,51511,138,9,9,4,0,0
1637865769738,18,Small-Medium,200,OK,true,102712,139,9,9,6,0,0
1637865769663,104,Medium-Large,200,OK,true,512313,139,9,9,6,0,0
1637865769705,64,Medium-Large,200,OK,true,512313,139,9,9,15,0,0
1637865769679,99,Medium-Large,200,OK,true,512313,139,9,9,6,0,0
1637865769767,12,Small,200,OK,true,51511,138,9,9,5,0,0
1637865769725,54,Medium,200,OK,true,307513,139,9,9,5,0,0
1637865769769,11,Small,200,OK,true,51511,138,9,9,5,0,0
1637865769732,57,Medium,200,OK,true,307513,139,9,9,7,0,0
1637865769697,92,Medium-Large,200,OK,true,512313,139,9,9,6,0,0
1637865769778,12,Small,200,OK,true,51511,138,9,9,7,0,0
1637865769790,15,Small-Medium,200,OK,true,102713,139,9,9,5,0,0
1637865769805,12,Small,200,OK,true,51511,138,9,9,5,0,0
1637865769640,179,Large,200,OK,true,1048891,137,9,9,6,0,0
1637865769774,50,Medium-Large,200,OK,true,512312,139,9,9,6,0,0
1637865769815,13,Small,200,OK,true,51511,138,9,9,6,0,0
1637865769819,19,Small-Medium,200,OK,true,102713,139,9,9,6,0,0
1637865769759,80,Medium-Large,200,OK,true,512313,139,9,9,6,0,0
1637865769789,50,Medium,200,OK,true,307513,139,9,9,7,0,0
1637865769839,13,Small,200,OK,true,51511,138,9,9,10,0,0
1637865769851,18,Small,200,OK,true,51511,138,9,9,10,0,0
1637865769876,29,Small-Medium,200,OK,true,102713,139,9,9,7,0,0
1637865769842,70,Medium-Large,200,OK,true,512313,139,9,9,8,0,0
1637865769856,63,Medium,200,OK,true,307513,139,9,9,8,0,0
1637865769825,98,Medium-Large,200,OK,true,512313,139,9,9,7,0,0
1637865769919,14,Small,200,OK,true,51511,138,9,9,7,0,0
1637865769824,113,Large,200,OK,true,1048890,137,9,9,7,0,0
1637865769912,70,Medium-Large,200,OK,true,512313,139,9,9,7,0,0
1637865769912,71,Medium,200,OK,true,307513,139,9,9,8,0,0
1637865769779,204,Large,200,OK,true,1048891,137,9,9,8,0,0
1637865769924,62,Medium,200,OK,true,307513,139,9,9,7,0,0
1637865769887,100,Medium-Large,200,OK,true,512313,139,9,9,7,0,0
1637865769802,190,Large,200,OK,true,1048891,137,9,9,5,0,0
1637865769937,62,Medium-Large,200,OK,true,512312,139,9,9,7,0,0
1637865769987,23,Small-Medium,200,OK,true,102713,139,9,9,7,0,0
1637865769999,21,Small-Medium,200,OK,true,102712,139,9,9,8,0,0
1637865769982,40,Medium,200,OK,true,307513,139,9,9,5,0,0
1637865769983,60,Medium,200,OK,true,307513,139,9,9,7,0,0
1637865769839,206,Large,200,OK,true,1048891,137,9,9,10,0,0
1637865769955,99,Medium-Large,200,OK,true,512313,139,9,9,8,0,0
1637865770022,39,Medium,200,OK,true,307513,139,9,9,5,0,0
1637865770045,20,Small-Medium,200,OK,true,102713,139,9,9,7,0,0
1637865769992,74,Medium,200,OK,true,307513,139,9,9,9,0,0
1637865770062,23,Small-Medium,200,OK,true,102713,139,9,9,18,0,0
1637865770024,71,Medium,200,OK,true,307513,139,9,9,7,0,0
1637865770081,18,Small-Medium,200,OK,true,102713,139,9,9,5,0,0
1637865770043,57,Medium,200,OK,true,307513,139,9,9,7,0,0
1637865770100,13,Small,200,OK,true,51511,138,9,9,7,0,0
1637865770095,19,Small-Medium,200,OK,true,102713,139,9,9,7,0,0
1637865770117,17,Small-Medium,200,OK,true,102713,139,9,9,6,0,0
1637865770131,13,Small,200,OK,true,51511,138,9,9,6,0,0
1637865770054,102,Medium-Large,200,OK,true,512313,139,9,9,8,0,0
1637865770035,130,Large,200,OK,true,1048890,137,9,9,8,0,0
1637865770156,13,Small,200,OK,true,51511,138,9,9,7,0,0
1637865770066,107,Medium-Large,200,OK,true,512313,139,9,9,14,0,0
1637865770165,14,Small-Medium,200,OK,true,102712,139,9,9,6,0,0
1637865769983,204,Large,200,OK,true,1048891,137,9,9,6,0,0
1637865769986,204,Large,200,OK,true,1048891,137,9,9,7,0,0
1637865770136,56,Medium,200,OK,true,307513,139,9,9,7,0,0
1637865770187,11,Small,200,OK,true,51511,138,9,9,6,0,0
1637865770098,108,Large,200,OK,true,1048891,137,9,9,7,0,0
1637865770190,18,Small-Medium,200,OK,true,102713,139,9,9,6,0,0
1637865770153,55,Medium,200,OK,true,307513,139,9,9,7,0,0
1637865770192,17,Small-Medium,200,OK,true,102713,139,9,9,6,0,0
1637865770209,51,Medium,200,OK,true,307513,139,9,9,6,0,0
1637865770206,65,Medium-Large,200,OK,true,512313,139,9,9,3,0,0
1637865770261,13,Small,200,OK,true,51511,138,9,9,6,0,0
1637865770173,104,Medium-Large,200,OK,true,512313,139,9,9,7,0,0
1637865770272,13,Small-Medium,200,OK,true,102713,139,9,9,5,0,0
1637865770228,61,Medium,200,OK,true,307513,139,9,9,8,0,0
1637865770277,13,Small,200,OK,true,51511,138,9,9,7,0,0
1637865770289,10,Small,200,OK,true,51511,138,9,9,4,0,0
1637865770308,12,Small,200,OK,true,51511,138,9,9,6,0,0
1637865770167,162,Large,200,OK,true,1048891,137,9,9,6,0,0
1637865770207,125,Large,200,OK,true,1048890,137,9,9,5,0,0
1637865770325,12,Small,200,OK,true,51511,138,9,9,6,0,0
1637865770332,8,Small,200,OK,true,51475,138,9,9,7,0,0
1637865770329,17,Small-Medium,200,OK,true,102713,139,9,9,7,0,0
1637865770192,183,Large,200,OK,true,1048891,137,9,9,14,0,0
1637865770343,35,Medium,200,OK,true,307513,139,9,9,4,0,0
1637865770368,23,Small,200,OK,true,51512,138,9,9,10,0,5
1637865770223,171,Large,200,OK,true,1048891,137,9,9,5,0,0
1637865770313,84,Medium-Large,200,OK,true,512313,139,9,9,6,0,0
1637865770361,40,Medium,200,OK,true,307513,139,9,9,5,0,0
1637865770226,176,Large,200,OK,true,1048891,137,9,9,6,0,0
1637865770394,11,Small,200,OK,true,51511,138,9,9,6,0,0
1637865770397,21,Small-Medium,200,OK,true,102713,139,9,9,7,0,0
1637865770404,46,Medium,200,OK,true,307513,139,9,9,5,0,0
1637865770365,93,Medium-Large,200,OK,true,512313,139,9,9,5,0,0
1637865770439,23,Small-Medium,200,OK,true,102713,139,9,9,8,0,0
1637865770375,94,Medium-Large,200,OK,true,512312,139,9,9,5,0,0
1637865770459,19,Small-Medium,200,OK,true,102713,139,9,9,4,0,0
1637865770403,92,Medium-Large,200,OK,true,512313,139,9,9,5,0,0
1637865770450,46,Medium,200,OK,true,307513,139,9,9,6,0,0
1637865770439,58,Medium,200,OK,true,307513,139,9,9,10,0,0
1637865770296,221,Large,200,OK,true,1048891,137,9,9,8,0,0
1637865770497,25,Small-Medium,200,OK,true,102713,139,9,9,7,0,0
1637865770470,54,Medium,200,OK,true,307513,139,9,9,6,0,0
1637865770497,48,Medium,200,OK,true,307513,139,9,9,5,0,0
1637865770495,54,Medium,200,OK,true,307513,139,9,9,8,0,0
1637865770533,19,Small-Medium,200,OK,true,102713,139,9,9,5,0,0
1637865770549,10,Small,200,OK,true,51511,138,10,10,4,0,0
1637865770401,175,Large,200,OK,true,1048891,137,10,10,5,0,0
1637865770558,31,Small-Medium,200,OK,true,102714,139,10,10,10,0,5
1637865770569,22,Small-Medium,200,OK,true,102712,139,10,10,7,0,0
1637865770546,46,Medium,200,OK,true,307513,139,10,10,5,0,0
1637865770588,11,Small,200,OK,true,51511,138,10,10,6,0,0
1637865770380,223,Large,200,OK,true,1048891,137,10,10,5,0,0
1637865770592,13,Small-Medium,200,OK,true,102713,139,10,10,6,0,0
1637865770517,107,Medium-Large,200,OK,true,512313,139,10,10,5,0,0
1637865770470,177,Large,200,OK,true,1048890,137,10,10,5,0,0
1637865770628,24,Small-Medium,200,OK,true,102713,139,10,10,6,0,0
1637865770632,24,Small-Medium,200,OK,true,102713,139,10,10,6,0,0
1637865770647,13,Small,200,OK,true,51510,138,10,10,8,0,0
1637865770495,182,Large,200,OK,true,1048891,137,10,10,5,0,0
1637865770669,14,Small,200,OK,true,51511,138,10,10,6,0,0
1637865770525,176,Large,200,OK,true,1048891,137,10,10,4,0,0
1637865770609,92,Medium-Large,200,OK,true,512312,139,10,10,5,0,0
1637865770625,77,Medium,200,OK,true,307513,139,10,10,5,0,0
1637865770708,23,Small-Medium,200,OK,true,102713,139,10,10,6,0,0
1637865770576,198,Large,200,OK,true,1048891,137,10,10,8,0,0
1637865770748,66,Medium,200,OK,true,307513,139,10,10,6,0,0
1637865770596,220,Large,200,OK,true,1048891,137,10,10,7,0,0
1637865770702,122,Medium-Large,200,OK,true,512312,139,10,10,7,0,0
1637865770603,222,Large,200,OK,true,1048891,137,10,10,6,0,0
1637865770673,166,Large,200,OK,true,1048891,137,10,10,6,0,0
1637865770824,23,Small-Medium,200,OK,true,102712,139,10,10,6,0,0
1637865770677,207,Large,200,OK,true,1048891,137,10,10,6,0,0
1637865770688,211,Large,200,OK,true,1048890,137,10,10,6,0,0
1637865770884,23,Small-Medium,200,OK,true,102713,139,10,10,9,0,0
1637865770701,217,Large,200,OK,true,1048891,137,10,10,6,0,0
1637865770839,83,Medium-Large,200,OK,true,512313,139,10,10,6,0,0
1637865770922,12,Small,200,OK,true,51511,138,10,10,6,0,0
1637865770825,117,Medium-Large,200,OK,true,512313,139,10,10,12,0,0
1637865770925,27,Small-Medium,200,OK,true,102713,139,10,10,8,0,0
1637865770961,13,Small,200,OK,true,51511,138,10,10,7,0,0
1637865770918,64,Medium,200,OK,true,307513,139,10,10,9,0,0
1637865770702,282,Large,200,OK,true,1048891,137,10,10,10,0,0
1637865770774,215,Large,200,OK,true,1048891,137,10,10,6,0,0
1637865770982,16,Small,200,OK,true,51511,138,10,10,7,0,0
1637865770815,197,Large,200,OK,true,1048891,137,10,10,7,0,0
1637865770989,26,Small-Medium,200,OK,true,102713,139,10,10,9,0,0
1637865771013,12,Small,200,OK,true,51511,138,10,10,6,0,0
1637865771023,26,Small-Medium,200,OK,true,102713,139,10,10,6,0,0
1637865771001,57,Medium-Large,200,OK,true,512313,139,10,10,6,0,0
1637865770816,250,Large,200,OK,true,1048891,137,10,10,6,0,0
1637865771058,16,Small-Medium,200,OK,true,102713,139,10,10,7,0,0
1637865770864,223,Large,200,OK,true,1048890,137,10,10,6,0,0
1637865770984,107,Medium-Large,200,OK,true,512313,139,10,10,5,0,0
1637865771029,64,Medium,200,OK,true,307513,139,10,10,8,0,0
1637865770942,152,Large,200,OK,true,1048891,137,10,10,11,0,0
1637865771066,32,Small-Medium,200,OK,true,102713,139,10,10,7,0,0
1637865770899,200,Large,200,OK,true,1048890,137,10,10,7,0,0
1637865771093,18,Small-Medium,200,OK,true,102713,139,10,10,5,0,0
1637865771099,59,Medium,200,OK,true,307512,139,10,10,7,0,0
1637865771053,106,Medium-Large,200,OK,true,512313,139,10,10,8,0,0
1637865770965,217,Large,200,OK,true,1048891,137,10,10,8,0,0
1637865771094,95,Medium-Large,200,OK,true,512313,139,10,10,7,0,0
1637865771106,89,Medium,200,OK,true,307513,139,10,10,7,0,0
1637865771133,66,Medium,200,OK,true,307513,139,10,10,8,0,0
1637865771189,18,Small-Medium,200,OK,true,102713,139,10,10,8,0,0
1637865771087,124,Medium-Large,200,OK,true,512312,139,10,10,7,0,0
1637865771199,14,Small,200,OK,true,51511,138,10,10,7,0,0
1637865771196,25,Small-Medium,200,OK,true,102713,139,10,10,7,0,0
1637865771099,147,Large,200,OK,true,1048891,137,10,10,6,0,0
1637865771239,25,Small-Medium,200,OK,true,102713,139,10,10,8,0,0
1637865771159,117,Medium-Large,200,OK,true,512313,139,10,10,17,0,0
1637865771211,68,Medium,200,OK,true,307512,139,10,10,7,0,0
1637865771182,98,Medium-Large,200,OK,true,512313,139,10,10,6,0,0
1637865771159,123,Medium-Large,200,OK,true,512312,139,10,10,17,0,0
1637865771062,225,Large,200,OK,true,1048891,137,10,10,8,0,0
1637865771280,21,Small,200,OK,true,51511,138,10,10,14,0,0
1637865771235,71,Medium,200,OK,true,307513,139,10,10,7,0,0
1637865771229,82,Medium-Large,200,OK,true,512313,139,10,10,5,0,0
1637865771091,233,Large,200,OK,true,1048891,137,10,10,5,0,0
1637865771311,15,Small,200,OK,true,51511,138,10,10,10,0,0
1637865771324,13,Small,200,OK,true,51511,138,10,10,7,0,0
1637865771351,17,Small-Medium,200,OK,true,102713,139,10,10,6,0,0
1637865771307,70,Medium,200,OK,true,307513,139,10,10,6,0,0
1637865771246,139,Large,200,OK,true,1048891,137,10,10,7,0,0
1637865771321,66,Medium,200,OK,true,307513,139,10,10,8,0,0
1637865771377,13,Small,200,OK,true,51511,138,10,10,7,0,0
1637865771287,103,Medium-Large,200,OK,true,512313,139,10,10,8,0,0
1637865771390,24,Small-Medium,200,OK,true,102713,139,10,10,8,0,0
1637865771385,38,Medium,200,OK,true,307513,139,10,10,6,0,0
1637865771416,13,Small,200,OK,true,51511,138,10,10,7,0,0
1637865771431,30,Small,200,OK,true,51511,138,10,10,9,0,0
1637865771387,75,Medium,200,OK,true,307512,139,10,10,7,0,0
1637865771277,216,Large,200,OK,true,1048891,137,10,10,8,0,0
1637865771456,38,Small-Medium,200,OK,true,102713,139,10,10,8,0,0
1637865771279,218,Large,200,OK,true,1048890,137,10,10,9,0,0
1637865771282,219,Large,200,OK,true,1048890,137,10,10,8,0,0
1637865771426,76,Medium-Large,200,OK,true,512313,139,10,10,7,0,0
1637865771279,226,Large,200,OK,true,1048890,137,10,10,7,0,0
1637865771505,23,Small-Medium,200,OK,true,102712,139,10,10,8,0,0
1637865771502,55,Medium,200,OK,true,307513,139,10,10,7,0,0
1637865771391,173,Large,200,OK,true,1048891,137,10,10,5,0,0
1637865771564,16,Small,200,OK,true,51511,138,10,10,9,0,0
1637865771364,232,Large,200,OK,true,1048891,137,10,10,6,0,0
1637865771494,108,Medium-Large,200,OK,true,512313,139,10,10,6,0,0
1637865771557,49,Medium,200,OK,true,307513,139,10,10,8,0,0
1637865771596,12,Small,200,OK,true,51511,138,10,10,7,0,0
1637865771602,14,Small,200,OK,true,51511,138,10,10,6,0,0
1637865771497,130,Medium-Large,200,OK,true,512312,139,10,10,5,0,0
1637865771627,28,Small-Medium,200,OK,true,102677,139,10,10,6,0,0
1637865771548,120,Medium-Large,200,OK,true,512312,139,10,10,8,0,0
1637865771604,74,Medium-Large,200,OK,true,512313,139,10,10,5,0,0
1637865771463,215,Large,200,OK,true,1048890,137,10,10,7,0,0
1637865771668,12,Small,200,OK,true,51510,138,10,10,9,0,0
1637865771678,15,Small,200,OK,true,51511,138,10,10,8,0,0
1637865771642,53,Medium,200,OK,true,307513,139,10,10,8,0,0
1637865771471,227,Large,200,OK,true,1048891,137,10,10,8,0,0
1637865771678,24,Small-Medium,200,OK,true,102712,139,10,10,12,0,0
1637865771501,210,Large,200,OK,true,1048890,137,10,10,7,0,0
1637865771695,20,Small-Medium,200,OK,true,102713,139,10,10,9,0,0
1637865771606,124,Large,200,OK,true,1048891,137,10,10,8,0,0
1637865771497,235,Large,200,OK,true,1048891,137,10,10,8,0,0
1637865771735,20,Small,200,OK,true,51511,138,10,10,8,0,0
1637865771707,65,Medium,200,OK,true,307512,139,10,10,6,0,0
1637865771711,61,Medium,200,OK,true,307477,139,10,10,6,0,0
1637865771719,66,Medium,200,OK,true,307512,139,10,10,8,0,0
1637865771775,14,Small,200,OK,true,51511,138,10,10,7,0,0
1637865771772,21,Small-Medium,200,OK,true,102712,139,10,10,6,0,0
1637865771669,126,Medium-Large,200,OK,true,512314,139,10,10,14,0,8
1637865771719,77,Medium-Large,200,OK,true,512313,139,10,10,7,0,0
1637865771795,12,Small,200,OK,true,51511,138,10,10,5,0,0
1637865771772,42,Small,200,OK,true,51512,138,10,10,17,0,7
1637865771637,190,Large,200,OK,true,1048891,137,10,10,8,0,0
1637865771815,15,Small,200,OK,true,51511,138,10,10,8,0,0
1637865771796,39,Medium,200,OK,true,307513,139,10,10,5,0,0
1637865771827,22,Small-Medium,200,OK,true,102713,139,10,10,7,0,0
1637865771731,134,Large,200,OK,true,1048891,137,10,10,5,0,0
1637865771855,21,Small-Medium,200,OK,true,102713,139,10,10,6,0,0
1637865771865,16,Small,200,OK,true,51511,138,10,10,8,0,0
1637865771837,45,Medium,200,OK,true,307513,139,10,10,8,0,0
1637865771835,51,Medium,200,OK,true,307513,139,10,10,7,0,0
1637865771785,116,Medium-Large,200,OK,true,512312,139,10,10,8,0,0
1637865771698,217,Large,200,OK,true,1048891,137,10,10,5,0,0
1637865771812,114,Medium-Large,200,OK,true,512312,139,10,10,6,0,0
1637865771901,27,Small,200,OK,true,51510,138,10,10,13,0,0
1637865771882,47,Medium,200,OK,true,307513,139,10,10,5,0,0
1637865771914,45,Medium,200,OK,true,307513,139,10,10,8,0,0
1637865771929,46,Medium,200,OK,true,307513,139,10,10,7,0,0
1637865771732,253,Large,200,OK,true,1048891,137,10,10,8,0,0
1637865771814,177,Large,200,OK,true,1048891,137,10,10,6,0,0
1637865771867,127,Medium-Large,200,OK,true,512313,139,10,10,10,0,0
1637865771991,20,Small-Medium,200,OK,true,102713,139,10,10,7,0,0
1637865771985,32,Small-Medium,200,OK,true,102713,139,10,10,7,0,0
1637865771994,24,Small-Medium,200,OK,true,102713,139,10,10,8,0,0
1637865771895,126,Medium-Large,200,OK,true,512313,139,10,10,7,0,0
1637865771975,47,Medium,200,OK,true,307513,139,10,10,8,0,0
1637865771959,75,Medium-Large,200,OK,true,512313,139,10,10,7,0,0
1637865771915,120,Medium-Large,200,OK,true,512313,139,10,10,9,0,0
1637865771926,109,Medium-Large,200,OK,true,512312,139,10,10,8,0,0
1637865771941,110,Medium-Large,200,OK,true,512312,139,10,10,9,0,0
1637865772035,18,Small,200,OK,true,51511,138,10,10,10,0,0
1637865772022,48,Medium,200,OK,true,307513,139,10,10,8,0,0
1637865772034,48,Medium,200,OK,true,307513,139,10,10,7,0,0
1637865771886,199,Large,200,OK,true,1048891,137,10,10,7,0,0
1637865772070,25,Small-Medium,200,OK,true,102713,139,10,10,8,0,0
1637865772032,68,Medium,200,OK,true,307513,139,10,10,6,0,0
1637865772035,71,Medium,200,OK,true,307513,139,10,10,8,0,0
1637865772051,58,Medium,200,OK,true,307512,139,10,10,7,0,0
1637865772100,41,Medium,200,OK,true,307513,139,10,10,7,0,0
1637865772035,110,Medium-Large,200,OK,true,512312,139,10,10,10,0,0
1637865772082,85,Medium-Large,200,OK,true,512313,139,10,10,8,0,0
1637865772111,61,Medium,200,OK,true,307513,139,10,10,8,0,0
1637865772107,67,Medium,200,OK,true,307513,139,10,10,9,0,0
1637865772167,13,Small,200,OK,true,51511,138,10,10,6,0,0
1637865772086,104,Medium-Large,200,OK,true,512313,139,10,10,8,0,0
1637865772142,49,Medium,200,OK,true,307513,139,10,10,7,0,0
1637865772075,126,Medium-Large,200,OK,true,512313,139,10,10,9,0,0
1637865772190,13,Small,200,OK,true,51511,138,10,10,6,0,0
1637865772173,41,Medium,200,OK,true,307513,139,10,10,7,0,0
1637865772022,198,Large,200,OK,true,1048891,137,10,10,4,0,0
1637865772201,28,Small-Medium,200,OK,true,102713,139,10,10,7,0,0
1637865772220,22,Small-Medium,200,OK,true,102713,139,10,10,8,0,0
1637865772174,70,Medium,200,OK,true,307513,139,10,10,9,0,0
1637865772145,109,Medium-Large,200,OK,true,512277,139,10,10,8,0,0
1637865772214,41,Medium,200,OK,true,307513,139,10,10,7,0,0
1637865772191,69,Medium-Large,200,OK,true,512313,139,10,10,6,0,0
1637865772245,19,Small-Medium,200,OK,true,102713,139,10,10,6,0,0
1637865772255,14,Small-Medium,200,OK,true,102713,139,10,10,7,0,0
1637865772026,260,Large,200,OK,true,1048891,137,10,10,6,0,0
1637865772230,62,Medium,200,OK,true,307513,139,10,10,8,0,0
1637865772241,60,Medium,200,OK,true,307513,139,10,10,8,0,0
1637865772292,34,Small-Medium,200,OK,true,102713,139,10,10,9,0,0
1637865772301,37,Small,200,OK,true,51511,138,10,10,26,0,0
1637865772254,86,Medium,200,OK,true,307514,139,10,10,15,0,6
1637865772109,239,Large,200,OK,true,1048890,137,10,10,12,0,0
1637865772208,143,Large,200,OK,true,1048891,137,10,10,7,0,0
1637865772296,55,Medium,200,OK,true,307513,139,10,10,10,0,0
1637865772333,21,Small,200,OK,true,51511,138,10,10,8,0,0
1637865772341,21,Small,200,OK,true,51511,138,10,10,7,0,0
1637865772352,13,Small,200,OK,true,51511,138,10,10,6,0,0
1637865772351,15,Small,200,OK,true,51511,138,10,10,9,0,0
1637865772373,18,Small-Medium,200,OK,true,102713,139,10,10,6,0,0
1637865772381,11,Small,200,OK,true,51511,138,10,10,6,0,0
1637865772260,136,Large,200,OK,true,1048891,137,10,10,9,0,0
1637865772391,13,Small-Medium,200,OK,true,102713,139,10,10,5,0,0
1637865772340,67,Medium-Large,200,OK,true,512313,139,10,10,9,0,0
1637865772348,63,Medium,200,OK,true,307477,139,10,10,8,0,0
1637865772408,10,Small-Medium,200,OK,true,102713,139,10,10,4,0,0
1637865772286,136,Medium-Large,200,OK,true,512313,139,10,10,11,0,0
1637865772421,20,Small-Medium,200,OK,true,102713,139,10,10,6,0,0
1637865772431,15,Small,200,OK,true,51511,138,10,10,7,0,0
1637865772392,57,Medium-Large,200,OK,true,512313,139,10,10,6,0,0
1637865772449,18,Small-Medium,200,OK,true,102713,139,10,10,6,0,0
1637865772413,64,Medium,200,OK,true,307513,139,10,10,6,0,0
1637865772260,224,Large,200,OK,true,1048891,137,10,10,7,0,0
1637865772467,31,Small-Medium,200,OK,true,102713,139,10,10,8,0,0
1637865772477,23,Small-Medium,200,OK,true,102713,139,10,10,8,0,0
1637865772285,217,Large,200,OK,true,1048891,137,10,10,7,0,0
1637865772489,16,Small,200,OK,true,51511,138,10,10,9,0,0
1637865772422,89,Medium,200,OK,true,307513,139,10,10,7,0,0
1637865772471,44,Medium,200,OK,true,307513,139,10,10,8,0,0
1637865772447,69,Medium-Large,200,OK,true,512313,139,10,10,6,0,0
1637865772501,19,Small-Medium,200,OK,true,102713,139,10,10,6,0,0
1637865772396,131,Large,200,OK,true,1048891,137,10,10,8,0,0
1637865772516,12,Small,200,OK,true,51511,138,10,10,5,0,0
1637865772517,13,Small,200,OK,true,51511,138,10,10,6,0,0
1637865772528,14,Small-Medium,200,OK,true,102713,139,10,10,6,0,0
1637865772541,13,Small,200,OK,true,51511,138,10,10,6,0,0
1637865772556,14,Small-Medium,200,OK,true,102713,139,10,10,6,0,0
1637865772557,21,Small-Medium,200,OK,true,102713,139,10,10,7,0,0
1637865772411,169,Large,200,OK,true,1048892,137,10,10,13,0,6
1637865772568,18,Small-Medium,200,OK,true,102713,139,10,10,8,0,0
1637865772511,79,Medium,200,OK,true,307513,139,10,10,7,0,0
1637865772580,13,Small-Medium,200,OK,true,102713,139,10,10,6,0,0
1637865772596,21,Small-Medium,200,OK,true,102713,139,10,10,6,0,0
1637865772597,29,Small-Medium,200,OK,true,102713,139,10,10,7,0,0
1637865772515,138,Large,200,OK,true,1048891,137,10,10,9,0,0
1637865772637,18,Small,200,OK,true,51511,138,10,10,8,0,0
1637865772527,137,Large,200,OK,true,1048891,137,10,10,9,0,0
1637865772620,45,Medium,200,OK,true,307513,139,10,10,7,0,0
1637865772664,15,Small,200,OK,true,51511,138,10,10,8,0,0
1637865772665,15,Small,200,OK,true,51511,138,10,10,8,0,0
1637865772636,45,Medium,200,OK,true,307513,139,10,10,7,0,0
1637865772608,75,Medium-Large,200,OK,true,512313,139,10,10,8,0,0
1637865772653,41,Medium,200,OK,true,307513,139,10,10,7,0,0
1637865772683,15,Small-Medium,200,OK,true,102713,139,10,10,7,0,0
1637865772694,23,Small-Medium,200,OK,true,102713,139,10,10,22,0,0
1637865772484,233,Large,200,OK,true,1048891,137,10,10,8,0,0
1637865772581,136,Medium-Large,200,OK,true,512313,139,10,10,7,0,0
1637865772502,215,Large,200,OK,true,1048891,137,10,10,8,0,0
1637865772735,16,Small,200,OK,true,51511,138,10,10,8,0,0
1637865772717,35,Small-Medium,200,OK,true,102713,139,10,10,10,0,0
1637865772681,74,Medium-Large,200,OK,true,512313,139,10,10,6,0,0
1637865772677,91,Medium-Large,200,OK,true,512313,139,10,10,6,0,0
1637865772757,15,Small,200,OK,true,51511,138,10,10,8,0,0
1637865772716,57,Medium,200,OK,true,307513,139,10,10,8,0,0
1637865772773,7,Small,200,OK,true,51511,138,10,10,6,0,0
1637865772716,76,Medium-Large,200,OK,true,512313,139,10,10,5,0,0
1637865772774,22,Small-Medium,200,OK,true,102713,139,10,10,9,0,0
1637865772793,13,Small,200,OK,true,51511,138,10,10,5,0,0
1637865772723,85,Medium-Large,200,OK,true,512312,139,10,10,8,0,0
1637865772591,227,Large,200,OK,true,1048891,137,10,10,5,0,0
1637865772808,11,Small-Medium,200,OK,true,102712,139,10,10,4,0,0
1637865772756,66,Medium-Large,200,OK,true,512313,139,10,10,7,0,0
1637865772768,55,Medium,200,OK,true,307513,139,10,10,7,0,0
1637865772815,12,Small,200,OK,true,51511,138,10,10,7,0,0
1637865772822,13,Small-Medium,200,OK,true,102713,139,10,10,6,0,0
1637865772824,18,Small-Medium,200,OK,true,102713,139,10,10,6,0,0
1637865772812,32,Medium,200,OK,true,307513,139,10,10,6,0,0
1637865772833,13,Small-Medium,200,OK,true,102713,139,10,10,6,0,0
1637865772854,16,Small,200,OK,true,51511,138,10,10,8,0,0
1637865772818,56,Medium,200,OK,true,307513,139,10,10,6,0,0
1637865772797,88,Medium-Large,200,OK,true,512313,139,10,10,6,0,0
1637865772873,21,Small-Medium,200,OK,true,102713,139,10,10,7,0,0
1637865772717,178,Large,200,OK,true,1048891,137,10,10,9,0,0
1637865772885,22,Small,200,OK,true,51511,138,10,10,7,0,0
1637865772861,46,Medium,200,OK,true,307513,139,10,10,7,0,0
1637865772717,195,Large,200,OK,true,1048891,137,10,10,8,0,0
1637865772848,66,Medium-Large,200,OK,true,512312,139,10,10,6,0,0
1637865772896,21,Small-Medium,200,OK,true,102713,139,10,10,7,0,0
1637865772913,14,Small,200,OK,true,51511,138,10,10,7,0,0
1637865772864,72,Medium,200,OK,true,307513,139,10,10,8,0,0
1637865772854,84,Medium-Large,200,OK,true,512313,139,10,10,6,0,0
1637865772925,13,Small,200,OK,true,51511,138,10,10,7,0,0
1637865772875,72,Medium,200,OK,true,307513,139,10,10,7,0,0
1637865772894,73,Medium-Large,200,OK,true,512313,139,10,10,8,0,0
1637865772953,15,Small,200,OK,true,51511,138,10,10,8,0,0
1637865772967,14,Small,200,OK,true,51511,138,10,10,9,0,0
1637865772938,43,Medium,200,OK,true,307513,139,10,10,7,0,0
1637865772965,20,Small,200,OK,true,51511,138,10,10,8,0,0
1637865772935,68,Medium,200,OK,true,307513,139,10,10,6,0,0
1637865772993,12,Small,200,OK,true,51511,138,10,10,6,0,0
1637865772907,144,Large,200,OK,true,1048891,137,10,10,6,0,0
1637865772936,118,Medium-Large,200,OK,true,512313,139,10,10,8,0,0
1637865772914,163,Large,200,OK,true,1048890,137,10,10,6,0,0
1637865773054,23,Small,200,OK,true,51511,138,10,10,15,0,0
1637865773007,104,Medium-Large,200,OK,true,512313,139,10,10,7,0,0
1637865772913,211,Large,200,OK,true,1048891,137,10,10,5,0,0
1637865773112,14,Small,200,OK,true,51511,138,10,10,7,0,0
1637865773004,129,Medium-Large,200,OK,true,512313,139,10,10,5,0,0
1637865772982,169,Large,200,OK,true,1048891,137,10,10,4,0,0
1637865773152,16,Small,200,OK,true,51511,138,10,10,9,0,0
1637865773077,98,Medium-Large,200,OK,true,512312,139,10,10,8,0,0
1637865773033,181,Large,200,OK,true,1048891,137,10,10,9,0,0
1637865773051,180,Large,200,OK,true,1048891,137,10,10,7,0,0
1637865772947,285,Large,200,OK,true,1048891,137,10,10,7,0,0
1637865773151,88,Medium-Large,200,OK,true,512313,139,10,10,7,0,0
1637865773232,14,Small,200,OK,true,51511,138,10,10,6,0,0
1637865773239,16,Small,200,OK,true,51511,138,10,10,10,0,0
1637865773005,265,Large,200,OK,true,1048891,137,10,10,7,0,0
1637865773271,14,Small,200,OK,true,51511,138,10,10,7,0,0
1637865773270,26,Small-Medium,200,OK,true,102713,139,10,10,7,0,0
1637865773099,213,Large,200,OK,true,1048891,137,10,10,8,0,0
1637865773175,148,Large,200,OK,true,1048890,137,10,10,6,0,0
1637865773280,50,Medium,200,OK,true,307513,139,10,10,8,0,0
1637865773324,13,Small,200,OK,true,51510,138,10,10,7,0,0
1637865773310,33,Small-Medium,200,OK,true,102713,139,10,10,9,0,0
1637865773330,15,Small-Medium,200,OK,true,102713,139,10,10,8,0,0
1637865773133,213,Large,200,OK,true,1048891,137,10,10,6,0,0
1637865773124,226,Large,200,OK,true,1048891,137,10,10,8,0,0
1637865773232,120,Medium-Large,200,OK,true,512313,139,10,10,7,0,0
1637865773192,162,Large,200,OK,true,1048891,137,10,10,9,0,0
1637865773350,12,Small,200,OK,true,51511,138,10,10,4,0,0
1637865773346,19,Small-Medium,200,OK,true,102713,139,10,10,6,0,0
1637865773312,65,Medium,200,OK,true,307513,139,10,10,8,0,0
1637865773371,14,Small,200,OK,true,51511,138,10,10,8,0,0
1637865773354,41,Medium,200,OK,true,307513,139,10,10,6,0,0
1637865773364,43,Medium,200,OK,true,307512,139,10,10,7,0,0
1637865773214,207,Large,200,OK,true,1048891,137,10,10,8,0,0
1637865773311,129,Large,200,OK,true,1048891,137,10,10,7,0,0
1637865773421,23,Small-Medium,200,OK,true,102713,139,10,10,8,0,0
1637865773377,70,Medium,200,OK,true,307513,139,10,10,6,0,0
1637865773389,63,Medium,200,OK,true,307513,139,10,10,9,0,0
1637865773386,79,Medium,200,OK,true,307513,139,10,10,7,0,0
1637865773395,95,Medium-Large,200,OK,true,512313,139,10,10,8,0,0
1637865773407,86,Medium-Large,200,OK,true,512312,139,10,10,6,0,0
1637865773411,86,Medium-Large,200,OK,true,512313,139,10,10,8,0,0
1637865773466,32,Small-Medium,200,OK,true,102713,139,10,10,6,0,0
1637865773441,59,Medium,200,OK,true,307513,139,10,10,6,0,0
1637865773491,10,Small,200,OK,true,51511,138,10,10,6,0,0
1637865773352,155,Medium-Large,200,OK,true,512313,139,10,10,7,0,0
1637865773494,40,Medium,200,OK,true,307477,139,10,10,4,0,0
1637865773447,119,Medium-Large,200,OK,true,512313,139,10,10,7,0,0
1637865773497,72,Medium-Large,200,OK,true,512313,139,10,10,5,0,0
1637865773535,36,Small,200,OK,true,51512,138,10,10,14,0,7
1637865773500,72,Medium-Large,200,OK,true,512313,139,10,10,7,0,0
1637865773461,114,Medium-Large,200,OK,true,512313,139,10,10,7,0,0
1637865773452,123,Medium-Large,200,OK,true,512313,139,10,10,9,0,0
1637865773569,12,Small,200,OK,true,51511,138,10,10,5,0,0
1637865773566,20,Small-Medium,200,OK,true,102713,139,10,10,5,0,0
1637865773350,244,Large,200,OK,true,1048890,137,10,10,7,0,0
1637865773594,14,Small,200,OK,true,51510,138,10,10,6,0,0
1637865773609,16,Small,200,OK,true,51511,138,10,10,7,0,0
1637865773606,24,Small-Medium,200,OK,true,102713,139,10,10,8,0,0
1637865773507,132,Medium-Large,200,OK,true,512313,139,10,10,9,0,0
1637865773575,66,Medium,200,OK,true,307513,139,10,10,9,0,0
1637865773575,67,Medium-Large,200,OK,true,512313,139,10,10,8,0,0
1637865773643,18,Small,200,OK,true,51511,138,10,10,8,0,0
1637865773531,131,Large,200,OK,true,1048891,137,10,10,6,0,0
1637865773639,32,Small-Medium,200,OK,true,102713,139,10,10,8,0,0
1637865773649,48,Medium,200,OK,true,307513,139,10,10,10,0,0
1637865773679,24,Small,200,OK,true,51511,138,10,10,8,0,0
1637865773572,135,Large,200,OK,true,1048891,137,10,10,9,0,0
1637865773506,226,Large,200,OK,true,1048891,137,10,10,7,0,0
1637865773662,91,Medium-Large,200,OK,true,512313,139,10,10,7,0,0
1637865773642,116,Medium-Large,200,OK,true,512313,139,10,10,6,0,0
1637865773646,124,Medium-Large,200,OK,true,512313,139,10,10,10,0,0
1637865773758,15,Small,200,OK,true,51511,138,10,10,7,0,0
1637865773682,106,Medium-Large,200,OK,true,512313,139,10,10,8,0,0
1637865773639,150,Medium-Large,200,OK,true,512312,139,10,10,13,0,0
1637865773576,223,Large,200,OK,true,1048891,137,10,10,7,0,0
1637865773733,68,Medium,200,OK,true,307513,139,10,10,8,0,0
1637865773789,16,Small,200,OK,true,51510,138,10,10,9,0,0
1637865773799,16,Small,200,OK,true,51511,138,10,10,8,0,0
1637865773801,23,Small-Medium,200,OK,true,102713,139,10,10,8,0,0
1637865773754,73,Medium-Large,200,OK,true,512313,139,10,10,7,0,0
1637865773718,132,Medium-Large,200,OK,true,512313,139,10,10,8,0,0
1637865773788,64,Medium,200,OK,true,307513,139,10,10,8,0,0
1637865773698,161,Large,200,OK,true,1048891,137,10,10,6,0,0
1637865773707,155,Large,200,OK,true,1048891,137,10,10,8,0,0
1637865773799,76,Medium,200,OK,true,307513,139,10,10,6,0,0
1637865773859,20,Small,200,OK,true,51511,138,10,10,15,0,0
1637865773771,110,Medium-Large,200,OK,true,512313,139,10,10,8,0,0
1637865773850,42,Small-Medium,200,OK,true,102713,139,10,10,7,0,0
1637865773829,76,Medium,200,OK,true,307512,139,10,10,7,0,0
1637865773899,15,Small,200,OK,true,51511,138,10,10,7,0,0
1637865773892,36,Small-Medium,200,OK,true,102713,139,10,10,9,0,0
1637865773905,28,Small-Medium,200,OK,true,102712,139,10,10,8,0,0
1637865773881,62,Medium,200,OK,true,307513,139,10,10,7,0,0
1637865773875,73,Medium,200,OK,true,307513,139,10,10,12,0,0
1637865773939,17,Small-Medium,200,OK,true,102713,139,10,10,7,0,0
1637865773946,16,Small,200,OK,true,51510,138,10,10,8,0,0
1637865773933,29,Small-Medium,200,OK,true,102713,139,10,10,7,0,0
1637865773948,14,Small,200,OK,true,51511,138,10,10,8,0,0
1637865773943,21,Small-Medium,200,OK,true,102713,139,10,10,7,0,0
1637865773852,113,Medium-Large,200,OK,true,512313,139,10,10,7,0,0
1637865773827,147,Large,200,OK,true,1048891,137,10,10,6,0,0
1637865773974,13,Small-Medium,200,OK,true,102713,139,10,10,5,0,0
1637865773973,18,Small,200,OK,true,51511,138,10,10,5,0,0
1637865773875,119,Large,200,OK,true,1048891,137,10,10,6,0,0
1637865773994,43,Medium,200,OK,true,307513,139,10,10,7,0,0
1637865774013,25,Small-Medium,200,OK,true,102713,139,10,10,12,0,0
1637865774012,29,Small-Medium,200,OK,true,102713,139,10,10,13,0,0
1637865773839,207,Large,200,OK,true,1048891,137,10,10,6,0,0
1637865773983,66,Medium,200,OK,true,307513,139,10,10,6,0,0
1637865773989,61,Medium,200,OK,true,307513,139,10,10,6,0,0
1637865773986,68,Medium,200,OK,true,307512,139,10,10,7,0,0
1637865773841,214,Large,200,OK,true,1048891,137,10,10,8,0,0
1637865774046,11,Small,200,OK,true,51511,138,10,10,6,0,0
1637865773979,80,Medium-Large,200,OK,true,512313,139,10,10,7,0,0
1637865774049,10,Small,200,OK,true,51511,138,10,10,6,0,0
1637865774050,21,Small-Medium,200,OK,true,102713,139,10,10,7,0,0
1637865774055,16,Small,200,OK,true,51511,138,10,10,9,0,0
1637865774053,25,Small-Medium,200,OK,true,102713,139,10,10,6,0,0
1637865774055,25,Small-Medium,200,OK,true,102712,139,10,10,7,0,0
1637865774037,53,Medium-Large,200,OK,true,512313,139,10,10,7,0,0
1637865774086,12,Small,200,OK,true,51511,138,10,10,5,0,0
1637865774089,13,Small,200,OK,true,51511,138,10,10,6,0,0
1637865774091,15,Small-Medium,200,OK,true,102713,139,10,10,6,0,0
1637865774089,22,Small-Medium,200,OK,true,102713,139,10,10,7,0,0
1637865774095,26,Small-Medium,200,OK,true,102677,139,10,10,10,0,0
1637865773965,197,Large,200,OK,true,1048891,137,10,10,5,0,0
1637865774093,72,Medium,200,OK,true,307513,139,10,10,7,0,0
1637865774059,113,Large,200,OK,true,1048891,137,10,10,7,0,0
1637865774054,121,Large,200,OK,true,1048891,137,10,10,7,0,0
1637865774162,23,Small-Medium,200,OK,true,102713,139,10,10,7,0,0
1637865774172,15,Small-Medium,200,OK,true,102713,139,10,10,6,0,0
1637865774175,16,Small-Medium,200,OK,true,102713,139,10,10,8,0,0
1637865774126,102,Medium-Large,200,OK,true,512313,139,10,10,6,0,0
1637865774214,18,Small,200,OK,true,51511,138,10,10,10,0,0
1637865774129,104,Medium-Large,200,OK,true,512313,139,10,10,5,0,0
1637865774165,75,Medium,200,OK,true,307513,139,10,10,9,0,0
1637865774233,14,Small,200,OK,true,51511,138,10,10,7,0,0
1637865774228,20,Small-Medium,200,OK,true,102713,139,10,10,7,0,0
1637865774240,22,Small,200,OK,true,51511,138,10,10,8,0,0
1637865774212,60,Medium,200,OK,true,307513,139,10,10,10,0,0
1637865774131,149,Large,200,OK,true,1048891,137,10,10,8,0,0
1637865774202,83,Medium,200,OK,true,307513,139,10,10,7,0,0
1637865774272,24,Small-Medium,200,OK,true,102713,139,10,10,10,0,0
1637865774094,238,Large,200,OK,true,1048891,137,10,10,9,0,0
1637865774268,76,Medium,200,OK,true,307513,139,10,10,9,0,0
1637865774333,15,Small,200,OK,true,51511,138,10,10,8,0,0
1637865774280,77,Medium-Large,200,OK,true,512313,139,10,10,10,0,0
1637865774135,234,Large,200,OK,true,1048892,137,10,10,18,0,9
1637865774130,243,Large,200,OK,true,1048891,137,10,10,6,0,0
1637865774373,18,Small,200,OK,true,51511,138,10,10,8,0,0
1637865774373,18,Small,200,OK,true,51511,138,10,10,9,0,0
1637865774262,159,Large,200,OK,true,1048891,137,10,10,13,0,0
1637865774369,58,Medium,200,OK,true,307513,139,10,10,7,0,0
1637865774413,17,Small,200,OK,true,51511,138,10,10,9,0,0
1637865774357,73,Medium-Large,200,OK,true,512313,139,10,10,7,0,0
1637865774422,21,Small-Medium,200,OK,true,102713,139,10,10,6,0,0
1637865774430,15,Small,200,OK,true,51511,138,10,10,8,0,0
1637865774345,106,Medium-Large,200,OK,true,512313,139,10,10,7,0,0
1637865774453,14,Small,200,OK,true,51511,138,10,10,7,0,0
1637865774313,158,Large,200,OK,true,1048891,137,10,10,8,0,0
1637865774461,12,Small-Medium,200,OK,true,102713,139,10,10,6,0,0
1637865774413,67,Medium,200,OK,true,307513,139,10,10,10,0,0
1637865774471,13,Small,200,OK,true,51511,138,10,10,8,0,0
1637865774427,61,Medium,200,OK,true,307513,139,10,10,7,0,0
1637865774274,214,Large,200,OK,true,1048891,137,10,10,6,0,0
1637865774285,208,Large,200,OK,true,1048891,137,10,10,8,0,0
1637865774488,11,Small,200,OK,true,51511,138,10,10,5,0,0
1637865774470,64,Medium-Large,200,OK,true,512313,139,10,10,6,0,0
1637865774502,44,Medium,200,OK,true,307513,139,10,10,6,0,0
1637865774280,268,Large,200,OK,true,1048891,137,10,10,8,0,0
1637865774528,22,Small-Medium,200,OK,true,102713,139,10,10,6,0,0
1637865774488,64,Medium,200,OK,true,307513,139,10,10,7,0,0
1637865774493,64,Medium,200,OK,true,307513,139,10,10,7,0,0
1637865774534,46,Medium,200,OK,true,307513,139,10,10,7,0,0
1637865774480,111,Medium-Large,200,OK,true,512313,139,10,10,6,0,0
1637865774510,81,Medium-Large,200,OK,true,512313,139,10,10,7,0,0
1637865774547,45,Medium,200,OK,true,307513,139,10,10,7,0,0
1637865774493,113,Medium-Large,200,OK,true,512313,139,10,10,8,0,0
1637865774593,15,Small-Medium,200,OK,true,102713,139,10,10,7,0,0
1637865774591,19,Small,200,OK,true,51511,138,10,10,12,0,0
1637865774580,79,Medium-Large,200,OK,true,512313,139,10,10,8,0,0
1637865774451,210,Large,200,OK,true,1048891,137,10,10,5,0,0
1637865774549,131,Medium-Large,200,OK,true,512313,139,10,10,7,0,0
1637865774630,53,Medium,200,OK,true,307513,139,10,10,8,0,0
1637865774632,59,Medium,200,OK,true,307513,139,10,10,20,0,0
1637865774684,19,Small,200,OK,true,51511,138,10,10,9,0,0
1637865774659,51,Medium,200,OK,true,307513,139,10,10,11,0,0
1637865774606,113,Medium-Large,200,OK,true,512313,139,10,10,7,0,0
1637865774661,69,Medium,200,OK,true,307513,139,10,10,7,0,0
1637865774552,233,Large,200,OK,true,1048891,137,10,10,7,0,0
1637865774558,228,Large,200,OK,true,1048891,137,10,10,7,0,0
1637865774724,63,Medium,200,OK,true,307513,139,10,10,7,0,0
1637865774710,80,Medium-Large,200,OK,true,512313,139,10,10,8,0,0
1637865774719,71,Medium,200,OK,true,307513,139,10,10,9,0,0
1637865774691,101,Medium-Large,200,OK,true,512313,139,10,10,9,0,0
1637865774568,228,Large,200,OK,true,1048891,137,10,10,9,0,0
1637865774680,126,Medium-Large,200,OK,true,512313,139,10,10,5,0,0
1637865774790,17,Small,200,OK,true,51511,138,10,10,10,0,0
1637865774786,21,Small,200,OK,true,51511,138,10,10,7,0,0
1637865774792,15,Small,200,OK,true,51511,138,10,10,10,0,0
1637865774785,26,Small-Medium,200,OK,true,102713,139,10,10,7,0,0
1637865774591,223,Large,200,OK,true,1048891,137,10,10,8,0,0
1637865774796,18,Small-Medium,200,OK,true,102713,139,10,10,7,0,0
1637865774788,51,Medium-Large,200,OK,true,512313,139,10,10,6,0,0
1637865774830,17,Small,200,OK,true,51511,138,10,10,9,0,0
1637865774835,24,Small-Medium,200,OK,true,102713,139,10,10,9,0,0
1637865774814,58,Medium,200,OK,true,307513,139,10,10,6,0,0
1637865774826,64,Medium,200,OK,true,307513,139,10,10,7,0,0
1637865774832,70,Medium-Large,200,OK,true,512313,139,10,10,5,0,0
1637865774730,190,Large,200,OK,true,1048891,137,10,10,8,0,0
1637865774902,23,Small-Medium,200,OK,true,102713,139,10,10,8,0,0
1637865774870,75,Medium-Large,200,OK,true,512313,139,10,10,8,0,0
1637865774891,72,Medium,200,OK,true,307513,139,10,10,8,0,0
1637865774876,115,Medium-Large,200,OK,true,512313,139,10,10,8,0,0
1637865774839,159,Large,200,OK,true,1048891,137,10,10,8,0,0
1637865774942,59,Medium,200,OK,true,307513,139,10,10,7,0,0
1637865774998,15,Small,200,OK,true,51511,138,10,10,7,0,0
1637865774790,225,Large,200,OK,true,1048891,137,10,10,8,0,0
1637865774945,73,Medium-Large,200,OK,true,512313,139,10,10,7,0,0
1637865774963,84,Medium,200,OK,true,307513,139,10,10,8,0,0
1637865774920,127,Medium-Large,200,OK,true,512313,139,10,10,8,0,0
1637865774807,241,Large,200,OK,true,1048891,137,10,10,5,0,0
1637865774825,226,Large,200,OK,true,1048891,137,10,10,5,0,0
1637865774992,65,Medium,200,OK,true,307513,139,10,10,6,0,0
1637865775051,28,Small-Medium,200,OK,true,102713,139,10,10,9,0,0
1637865774872,225,Large,200,OK,true,1048891,137,10,10,8,0,0
1637865775018,83,Medium-Large,200,OK,true,512313,139,10,10,6,0,0
1637865775058,57,Medium,200,OK,true,307513,139,10,10,9,0,0
1637865775097,26,Small-Medium,200,OK,true,102713,139,10,10,7,0,0
1637865775115,16,Small,200,OK,true,51511,138,10,10,9,0,0
1637865775046,98,Medium-Large,200,OK,true,512313,139,10,10,12,0,0
1637865775138,14,Small,200,OK,true,51510,138,10,10,7,0,0
1637865775001,160,Large,200,OK,true,1048891,137,10,10,8,0,0
1637865775047,119,Medium-Large,200,OK,true,512313,139,10,10,12,0,0
1637865775162,15,Small-Medium,200,OK,true,102713,139,10,10,7,0,0
1637865775167,23,Small-Medium,200,OK,true,102713,139,10,10,8,0,0
1637865775091,108,Medium-Large,200,OK,true,512313,139,10,10,7,0,0
1637865775155,54,Medium,200,OK,true,307513,139,10,10,7,0,0
1637865775016,200,Large,200,OK,true,1048891,137,10,10,5,0,0
1637865775207,16,Small,200,OK,true,51511,138,10,10,10,0,0
1637865775210,23,Small-Medium,200,OK,true,102713,139,10,10,9,0,0
1637865775217,21,Small-Medium,200,OK,true,102713,139,10,10,6,0,0
1637865775178,64,Medium,200,OK,true,307512,139,10,10,8,0,0
1637865775202,49,Medium,200,OK,true,307513,139,10,10,8,0,0
1637865775102,157,Large,200,OK,true,1048891,137,10,10,7,0,0
1637865775251,17,Small,200,OK,true,51511,138,10,10,9,0,0
1637865775047,227,Large,200,OK,true,1048891,137,10,10,8,0,0
1637865775257,31,Small-Medium,200,OK,true,102713,139,10,10,8,0,0
1637865775144,150,Large,200,OK,true,1048891,137,10,10,7,0,0
1637865775274,22,Small-Medium,200,OK,true,102713,139,10,10,7,0,0
1637865775242,65,Medium,200,OK,true,307512,139,10,10,5,0,0
1637865775246,64,Medium,200,OK,true,307513,139,10,10,7,0,0
1637865775048,267,Large,200,OK,true,1048891,137,10,10,11,0,0
1637865775315,17,Small,200,OK,true,51511,138,10,10,9,0,0
1637865775310,24,Small-Medium,200,OK,true,102712,139,10,10,9,0,0
1637865775259,78,Medium-Large,200,OK,true,512313,139,10,10,9,0,0
1637865775307,31,Small-Medium,200,OK,true,102712,139,10,10,8,0,0
1637865775295,44,Medium,200,OK,true,307513,139,10,10,8,0,0
1637865775339,13,Small,200,OK,true,51511,138,10,10,7,0,0
1637865775290,62,Medium-Large,200,OK,true,512313,139,10,10,8,0,0
1637865775350,15,Small,200,OK,true,51510,138,10,10,7,0,0
1637865775314,65,Medium,200,OK,true,307513,139,10,10,8,0,0
1637865775379,38,Small-Medium,200,OK,true,102713,139,10,10,9,0,0
1637865775200,240,Large,200,OK,true,1048891,137,10,10,6,0,0
1637865775250,224,Large,200,OK,true,1048891,137,10,10,8,0,0
1637865775337,151,Large,200,OK,true,1048891,137,10,10,5,0,0
1637865775390,114,Medium-Large,200,OK,true,512312,139,10,10,8,0,0
1637865775352,164,Large,200,OK,true,1048891,137,10,10,7,0,0
1637865775297,226,Large,200,OK,true,1048891,137,10,10,9,0,0
1637865775488,57,Medium,200,OK,true,307513,139,10,10,7,0,0
1637865775474,73,Medium,200,OK,true,307513,139,10,10,9,0,0
1637865775440,110,Medium-Large,200,OK,true,512313,139,10,10,7,0,0
1637865775550,18,Small,200,OK,true,51511,138,10,10,17,0,0
1637865775516,57,Medium,200,OK,true,307513,139,10,10,9,0,0
1637865775348,229,Large,200,OK,true,1048890,137,10,10,6,0,0
1637865775547,31,Small-Medium,200,OK,true,102713,139,10,10,8,0,0
1637865775545,45,Medium,200,OK,true,307513,139,10,10,7,0,0
1637865775577,20,Small-Medium,200,OK,true,102712,139,10,10,8,0,0
1637865775420,177,Large,200,OK,true,1048891,137,10,10,6,0,0
1637865775379,224,Large,200,OK,true,1048891,137,10,10,7,0,0
1637865775590,14,Small,200,OK,true,51511,138,10,10,8,0,0
1637865775598,12,Small,200,OK,true,51511,138,10,10,6,0,0
1637865775604,11,Small,200,OK,true,51511,138,10,10,6,0,0
1637865775573,44,Medium,200,OK,true,307513,139,10,10,8,0,0
1637865775355,268,Large,200,OK,true,1048891,137,10,10,8,0,0
1637865775524,105,Medium-Large,200,OK,true,512313,139,10,10,9,0,0
1637865775631,14,Small,200,OK,true,51511,138,10,10,7,0,0
1637865775638,14,Small,200,OK,true,51511,138,10,10,7,0,0
1637865775617,54,Medium-Large,200,OK,true,512313,139,10,10,4,0,0
1637865775591,85,Medium-Large,200,OK,true,512313,139,10,10,8,0,0
1637865775630,61,Medium,200,OK,true,307513,139,10,10,6,0,0
1637865775671,25,Small-Medium,200,OK,true,102713,139,10,10,10,0,0
1637865775678,22,Small-Medium,200,OK,true,102713,139,10,10,9,0,0
1637865775643,59,Medium,200,OK,true,307513,139,10,10,7,0,0
1637865775504,209,Large,200,OK,true,1048890,137,10,10,8,0,0
1637865775702,12,Small,200,OK,true,51511,138,10,10,7,0,0
1637865775618,101,Medium-Large,200,OK,true,512312,139,10,10,6,0,0
1637865775711,12,Small,200,OK,true,51511,138,10,10,6,0,0
1637865775713,21,Small-Medium,200,OK,true,102712,139,10,10,7,0,0
1637865775691,60,Medium,200,OK,true,307513,139,10,10,6,0,0
1637865775753,18,Small,200,OK,true,51510,138,10,10,8,0,0
1637865775751,26,Small-Medium,200,OK,true,102713,139,10,10,10,0,0
1637865775587,205,Large,200,OK,true,1048891,137,10,10,7,0,0
1637865775671,125,Large,200,OK,true,1048891,137,10,10,5,0,0
1637865775797,48,Medium,200,OK,true,307513,139,10,10,8,0,0
1637865775845,17,Small-Medium,200,OK,true,102713,139,10,10,7,0,0
1637865775718,151,Large,200,OK,true,1048891,137,10,10,6,0,0
1637865775623,253,Large,200,OK,true,1048891,137,10,10,7,0,0
1637865775677,222,Large,200,OK,true,1048891,137,10,10,7,0,0
1637865775877,30,Small-Medium,200,OK,true,102713,139,10,10,7,0,0
1637865775750,171,Large,200,OK,true,1048891,137,10,10,10,0,0
1637865775899,30,Small-Medium,200,OK,true,102713,139,10,10,8,0,0
1637865775791,139,Medium-Large,200,OK,true,512313,139,10,10,7,0,0
1637865775921,15,Small,200,OK,true,51511,138,10,10,7,0,0
1637865775917,28,Small-Medium,200,OK,true,102713,139,10,10,7,0,0
1637865775869,79,Medium-Large,200,OK,true,512313,139,10,10,7,0,0
1637865775719,239,Large,200,OK,true,1048890,137,10,10,9,0,0
1637865775741,218,Large,200,OK,true,1048891,137,10,10,5,0,0
1637865775885,75,Medium-Large,200,OK,true,512313,139,10,10,9,0,0
1637865775960,23,Small,200,OK,true,51511,138,10,10,13,0,0
1637865775958,34,Small-Medium,200,OK,true,102713,139,10,10,10,0,0
1637865775948,45,Medium,200,OK,true,307513,139,10,10,10,0,0
1637865775993,21,Small-Medium,200,OK,true,102713,139,10,10,8,0,0
1637865775962,53,Medium,200,OK,true,307513,139,10,10,9,0,0
1637865776001,14,Small,200,OK,true,51511,138,10,10,8,0,0
1637865775793,223,Large,200,OK,true,1048890,137,10,10,9,0,0
1637865775997,19,Small,200,OK,true,51511,138,10,10,7,0,0
1637865775792,231,Large,200,OK,true,1048891,137,10,10,9,0,0
1637865775939,88,Medium-Large,200,OK,true,512313,139,10,10,6,0,0
1637865776017,69,Medium,200,OK,true,307512,139,10,10,5,0,0
1637865776086,17,Small,200,OK,true,51510,138,10,10,8,0,0
1637865776037,80,Medium,200,OK,true,307513,139,10,10,7,0,0
1637865776034,87,Medium-Large,200,OK,true,512313,139,10,10,8,0,0
1637865776027,97,Medium-Large,200,OK,true,512313,139,10,10,6,0,0
1637865775930,195,Large,200,OK,true,1048891,137,10,10,7,0,0
1637865776127,17,Small,200,OK,true,51475,138,10,10,9,0,0
1637865776124,24,Small-Medium,200,OK,true,102713,139,10,10,8,0,0
1637865776125,24,Small-Medium,200,OK,true,102713,139,10,10,8,0,0
1637865776015,160,Large,200,OK,true,1048891,137,10,10,4,0,0
1637865776121,73,Medium-Large,200,OK,true,512313,139,10,10,7,0,0
1637865776117,77,Medium,200,OK,true,307513,139,10,10,7,0,0
1637865775958,236,Large,200,OK,true,1048890,137,10,10,6,0,0
1637865776041,156,Large,200,OK,true,1048891,137,10,10,7,0,0
1637865776164,33,Small-Medium,200,OK,true,102713,139,10,10,8,0,0
1637865775959,238,Large,200,OK,true,1048891,137,10,10,10,0,0
1637865776194,21,Small,200,OK,true,51511,138,10,10,6,0,0
1637865776194,27,Small-Medium,200,OK,true,102677,139,10,10,11,0,0
1637865776165,61,Medium,200,OK,true,307513,139,10,10,8,0,0
1637865776204,24,Small-Medium,200,OK,true,102713,139,10,10,10,0,0
1637865776167,63,Small-Medium,200,OK,true,102714,139,10,10,27,0,7
1637865776175,56,Medium,200,OK,true,307513,139,10,10,19,0,0
1637865776194,40,Medium,200,OK,true,307513,139,10,10,7,0,0
1637865776231,12,Small,200,OK,true,51511,138,10,10,6,0,0
1637865776023,223,Large,200,OK,true,1048891,137,10,10,6,0,0
1637865776235,12,Small-Medium,200,OK,true,102713,139,10,10,5,0,0
1637865776230,17,Small,200,OK,true,51511,138,10,10,5,0,0
1637865776244,11,Small,200,OK,true,51511,138,10,10,5,0,0
1637865776197,62,Medium-Large,200,OK,true,512313,139,10,10,9,0,0
1637865776234,26,Small,200,OK,true,51512,138,10,10,12,0,6
1637865776246,15,Small-Medium,200,OK,true,102713,139,10,10,5,0,0
1637865776226,44,Medium,200,OK,true,307513,139,10,10,5,0,0
1637865776197,76,Medium-Large,200,OK,true,512313,139,10,10,6,0,0
1637865776234,40,Medium,200,OK,true,307513,139,10,10,5,0,0
1637865776271,13,Small,200,OK,true,51511,138,10,10,5,0,0
1637865776274,21,Small-Medium,200,OK,true,102713,139,10,10,7,0,0
1637865776259,49,Medium-Large,200,OK,true,512313,139,10,10,4,0,0
1637865776275,37,Medium,200,OK,true,307513,139,10,10,7,0,0
1637865776311,18,Small-Medium,200,OK,true,102713,139,10,10,7,0,0
1637865776274,62,Medium,200,OK,true,307513,139,10,10,5,0,0
1637865776286,63,Medium,200,OK,true,307513,139,10,10,8,0,0
1637865776308,43,Medium,200,OK,true,307513,139,10,10,6,0,0
1637865776270,100,Medium-Large,200,OK,true,512313,139,10,10,5,0,0
1637865776349,24,Small-Medium,200,OK,true,102713,139,10,10,8,0,0
1637865776283,96,Medium-Large,200,OK,true,512313,139,10,10,7,0,0
1637865776370,22,Small-Medium,200,OK,true,102713,139,10,10,6,0,0
1637865776351,49,Medium,200,OK,true,307513,139,10,10,7,0,0
1637865776379,21,Small-Medium,200,OK,true,102713,139,10,10,8,0,0
1637865776351,50,Medium,200,OK,true,307513,139,10,10,9,0,0
1637865776389,25,Small-Medium,200,OK,true,102713,139,10,10,7,0,0
1637865776270,162,Medium-Large,200,OK,true,512313,139,10,10,4,0,0
1637865776410,22,Small-Medium,200,OK,true,102713,139,10,10,7,0,0
1637865776401,44,Medium,200,OK,true,307513,139,10,10,8,0,0
1637865776445,16,Small,200,OK,true,51511,138,10,10,7,0,0
1637865776316,149,Large,200,OK,true,1048891,137,10,10,8,0,0
1637865776465,13,Small,200,OK,true,51511,138,10,10,6,0,0
1637865776273,221,Large,200,OK,true,1048891,137,10,10,9,0,0
1637865776505,13,Small,200,OK,true,51511,138,10,10,7,0,0
1637865776314,207,Large,200,OK,true,1048891,137,10,10,7,0,0
1637865776400,128,Large,200,OK,true,1048891,137,10,10,6,0,0
1637865776419,111,Medium-Large,200,OK,true,512313,139,10,10,10,0,0
1637865776432,111,Medium,200,OK,true,307513,139,10,10,8,0,0
1637865776528,21,Small-Medium,200,OK,true,102713,139,10,10,8,0,0
1637865776530,19,Small-Medium,200,OK,true,102713,139,10,10,7,0,0
1637865776450,110,Medium-Large,200,OK,true,512313,139,11,11,8,0,0
1637865776337,231,Large,200,OK,true,1048891,137,11,11,7,0,0
1637865776560,13,Small,200,OK,true,51511,138,11,11,8,0,0
1637865776521,72,Medium,200,OK,true,307513,139,11,11,7,0,0
1637865776545,48,Medium,200,OK,true,307513,139,11,11,6,0,0
1637865776494,111,Medium-Large,200,OK,true,512313,139,11,11,7,0,0
1637865776593,14,Small,200,OK,true,51511,138,11,11,8,0,0
1637865776485,125,Large,200,OK,true,1048891,137,11,11,6,0,0
1637865776567,47,Medium,200,OK,true,307512,139,11,11,8,0,0
1637865776610,14,Small,200,OK,true,51511,138,11,11,8,0,0
1637865776543,93,Medium,200,OK,true,307513,139,11,11,7,0,0
1637865776429,212,Large,200,OK,true,1048891,137,11,11,6,0,0
1637865776614,41,Medium,200,OK,true,307512,139,11,11,6,0,0
1637865776653,17,Small,200,OK,true,51511,138,11,11,8,0,0
1637865776593,77,Medium,200,OK,true,307513,139,11,11,6,0,0
1637865776556,114,Medium,200,OK,true,307514,139,11,11,15,0,7
1637865776569,118,Medium-Large,200,OK,true,512313,139,11,11,8,0,0
1637865776641,67,Medium,200,OK,true,307513,139,11,11,7,0,0
1637865776658,51,Medium,200,OK,true,307512,139,11,11,7,0,0
1637865776604,109,Medium-Large,200,OK,true,512313,139,11,11,10,0,0
1637865776697,16,Small,200,OK,true,51511,138,11,11,9,0,0
1637865776708,23,Small,200,OK,true,51511,138,11,11,7,0,0
1637865776709,25,Small-Medium,200,OK,true,102712,139,11,11,11,0,0
1637865776637,110,Medium,200,OK,true,307513,139,11,11,7,0,0
1637865776741,22,Small-Medium,200,OK,true,102713,139,11,11,9,0,0
1637865776671,99,Medium-Large,200,OK,true,512313,139,11,11,6,0,0
1637865776754,22,Small-Medium,200,OK,true,102712,139,11,11,8,0,0
1637865776637,144,Large,200,OK,true,1048891,137,11,11,5,0,0
1637865776687,96,Medium-Large,200,OK,true,512313,139,11,11,7,0,0
1637865776798,15,Small,200,OK,true,51510,138,11,11,8,0,0
1637865776568,254,Large,200,OK,true,1048891,137,11,11,5,0,0
1637865776713,110,Medium-Large,200,OK,true,512313,139,11,11,9,0,0
1637865776781,45,Medium,200,OK,true,307513,139,11,11,8,0,0
1637865776605,228,Large,200,OK,true,1048891,137,11,11,7,0,0
1637865776822,15,Small,200,OK,true,51511,138,11,11,6,0,0
1637865776770,69,Medium,200,OK,true,307513,139,11,11,7,0,0
1637865776823,21,Small-Medium,200,OK,true,102713,139,11,11,7,0,0
1637865776783,64,Medium,200,OK,true,307513,139,11,11,8,0,0
1637865776747,115,Medium,200,OK,true,307513,139,11,11,9,0,0
1637865776752,113,Medium-Large,200,OK,true,512313,139,11,11,7,0,0
1637865776787,80,Medium-Large,200,OK,true,512313,139,11,11,8,0,0
1637865776867,19,Small,200,OK,true,51511,138,11,11,10,0,0
1637865776670,219,Large,200,OK,true,1048891,137,11,11,7,0,0
1637865776842,49,Medium,200,OK,true,307512,139,11,11,9,0,0
1637865776862,30,Small,200,OK,true,51511,138,11,11,5,0,0
1637865776865,30,Small-Medium,200,OK,true,102713,139,11,11,5,0,0
1637865776840,61,Medium,200,OK,true,307513,139,11,11,8,0,0
1637865776901,19,Small,200,OK,true,51511,138,11,11,9,0,0
1637865776912,17,Small,200,OK,true,51511,138,11,11,10,0,0
1637865776833,104,Medium-Large,200,OK,true,512313,139,11,11,7,0,0
1637865776847,115,Medium-Large,200,OK,true,512313,139,11,11,8,0,0
1637865776867,102,Medium-Large,200,OK,true,512313,139,11,11,7,0,0
1637865776962,16,Small,200,OK,true,51511,138,11,11,8,0,0
1637865776892,93,Medium-Large,200,OK,true,512312,139,11,11,13,0,0
1637865776963,23,Small,200,OK,true,51511,138,11,11,8,0,0
1637865776826,163,Large,200,OK,true,1048891,137,11,11,8,0,0
1637865776985,14,Small-Medium,200,OK,true,102712,139,11,11,6,0,0
1637865776989,13,Small,200,OK,true,51511,138,11,11,7,0,0
1637865777028,24,Small-Medium,200,OK,true,102677,139,11,11,7,0,0
1637865776938,125,Medium-Large,200,OK,true,512313,139,11,11,7,0,0
1637865777000,74,Medium-Large,200,OK,true,512313,139,11,11,5,0,0
1637865776866,209,Large,200,OK,true,1048891,137,11,11,5,0,0
1637865777007,72,Medium,200,OK,true,307513,139,11,11,7,0,0
1637865776906,176,Medium-Large,200,OK,true,512313,139,11,11,11,0,0
1637865777074,16,Small,200,OK,true,51511,138,11,11,7,0,0
1637865777033,57,Medium,200,OK,true,307513,139,11,11,8,0,0
1637865777079,22,Small-Medium,200,OK,true,102713,139,11,11,8,0,0
1637865777073,28,Small,200,OK,true,51512,138,11,11,15,0,6
1637865777082,21,Small,200,OK,true,51511,138,11,11,9,0,0
1637865776890,220,Large,200,OK,true,1048891,137,11,11,13,0,0
1637865777110,12,Small,200,OK,true,51511,138,11,11,7,0,0
1637865777075,56,Medium,200,OK,true,307513,139,11,11,7,0,0
1637865777118,16,Small-Medium,200,OK,true,102713,139,11,11,8,0,0
1637865777132,14,Small,200,OK,true,51511,138,11,11,9,0,0
1637865777063,90,Medium-Large,200,OK,true,512313,139,11,11,10,0,0
1637865776945,216,Large,200,OK,true,1048891,137,11,11,17,0,0
1637865776910,252,Large,200,OK,true,1048891,137,11,11,10,0,0
1637865776969,216,Large,200,OK,true,1048891,137,11,11,9,0,0
1637865777117,72,Medium-Large,200,OK,true,512313,139,11,11,5,0,0
1637865777175,15,Small,200,OK,true,51511,138,11,11,8,0,0
1637865777185,13,Small,200,OK,true,51511,138,11,11,6,0,0
1637865777189,15,Small-Medium,200,OK,true,102713,139,11,11,7,0,0
1637865777091,127,Large,200,OK,true,1048891,137,11,11,7,0,0
1637865777126,101,Medium,200,OK,true,307513,139,11,11,7,0,0
1637865777162,67,Medium,200,OK,true,307513,139,11,11,8,0,0
1637865777219,14,Small,200,OK,true,51511,138,11,11,8,0,0
1637865777232,22,Small-Medium,200,OK,true,102713,139,11,11,8,0,0
1637865777227,28,Small,200,OK,true,51511,138,11,11,7,0,0
1637865777219,72,Medium-Large,200,OK,true,512313,139,11,11,6,0,0
1637865777228,65,Medium,200,OK,true,307513,139,11,11,8,0,0
1637865777277,23,Small-Medium,200,OK,true,102713,139,11,11,9,0,0
1637865777291,16,Small,200,OK,true,51511,138,11,11,7,0,0
1637865777162,146,Large,200,OK,true,1048891,137,11,11,12,0,0
1637865777336,16,Small-Medium,200,OK,true,102713,139,11,11,6,0,0
1637865777124,231,Large,200,OK,true,1048891,137,11,11,8,0,0
1637865777263,117,Medium-Large,200,OK,true,512313,139,11,11,8,0,0
1637865777330,51,Medium,200,OK,true,307513,139,11,11,7,0,0
1637865777153,228,Large,200,OK,true,1048891,137,11,11,6,0,0
1637865777230,156,Medium-Large,200,OK,true,512313,139,11,11,7,0,0
1637865777161,231,Large,200,OK,true,1048891,137,11,11,7,0,0
1637865777153,245,Large,200,OK,true,1048891,137,11,11,8,0,0
1637865777380,23,Small-Medium,200,OK,true,102713,139,11,11,6,0,0
1637865777381,23,Small-Medium,200,OK,true,102713,139,11,11,8,0,0
1637865777382,24,Small-Medium,200,OK,true,102713,139,11,11,9,0,0
1637865777392,15,Small,200,OK,true,51511,138,11,11,8,0,0
1637865777398,12,Small,200,OK,true,51511,138,11,11,6,0,0
1637865777355,60,Medium,200,OK,true,307513,139,11,11,8,0,0
1637865777416,8,Small,200,OK,true,51511,138,11,11,4,0,0
1637865777425,21,Small-Medium,200,OK,true,102713,139,11,11,7,0,0
1637865777309,142,Large,200,OK,true,1048891,137,11,11,7,0,0
1637865777441,15,Small,200,OK,true,51511,138,11,11,9,0,0
1637865777451,12,Small,200,OK,true,51511,138,11,11,6,0,0
1637865777460,23,Small-Medium,200,OK,true,102713,139,11,11,9,0,0
1637865777425,62,Medium,200,OK,true,307513,139,11,11,6,0,0
1637865777435,57,Medium,200,OK,true,307513,139,11,11,7,0,0
1637865777294,198,Large,200,OK,true,1048891,137,11,11,6,0,0
1637865777493,15,Small,200,OK,true,51511,138,11,11,7,0,0
1637865777493,17,Small,200,OK,true,51511,138,11,11,9,0,0
1637865777504,27,Small-Medium,200,OK,true,102713,139,11,11,8,0,0
1637865777537,15,Small,200,OK,true,51511,138,11,11,6,0,0
1637865777496,62,Medium-Large,200,OK,true,512313,139,11,11,7,0,0
1637865777424,135,Large,200,OK,true,1048891,137,11,11,5,0,0
1637865777548,18,Small-Medium,200,OK,true,102713,139,11,11,7,0,0
1637865777558,14,Small,200,OK,true,51511,138,11,11,6,0,0
1637865777380,197,Large,200,OK,true,1048891,137,11,11,6,0,0
1637865777271,328,Large,200,OK,true,1048891,137,11,11,8,0,0
1637865777386,229,Large,200,OK,true,1048891,137,11,11,8,0,0
1637865777559,72,Medium-Large,200,OK,true,512313,139,11,11,10,0,0
1637865777581,57,Medium,200,OK,true,307513,139,11,11,7,0,0
1637865777631,15,Small,200,OK,true,51511,138,11,11,8,0,0
1637865777601,53,Medium,200,OK,true,307513,139,11,11,8,0,0
1637865777469,219,Large,200,OK,true,1048891,137,11,11,13,0,0
1637865777577,114,Medium-Large,200,OK,true,512313,139,11,11,5,0,0
1637865777675,23,Small-Medium,200,OK,true,102713,139,11,11,7,0,0
1637865777487,220,Large,200,OK,true,1048891,137,11,11,6,0,0
1637865777599,109,Medium,200,OK,true,307513,139,11,11,6,0,0
1637865777691,21,Small-Medium,200,OK,true,102713,139,11,11,7,0,0
1637865777485,229,Large,200,OK,true,1048891,137,11,11,9,0,0
1637865777719,54,Medium,200,OK,true,307513,139,11,11,7,0,0
1637865777537,237,Large,200,OK,true,1048891,137,11,11,9,0,0
1637865777774,17,Small,200,OK,true,51511,138,11,11,9,0,0
1637865777714,78,Medium,200,OK,true,307513,139,11,11,8,0,0
1637865777654,156,Large,200,OK,true,1048891,137,11,11,9,0,0
1637865777773,47,Medium,200,OK,true,307513,139,11,11,8,0,0
1637865777592,243,Large,200,OK,true,1048891,137,11,11,7,0,0
1637865777708,132,Medium,200,OK,true,307513,139,11,11,8,0,0
1637865777747,117,Medium-Large,200,OK,true,512313,139,11,11,8,0,0
1637865777811,54,Medium,200,OK,true,307513,139,11,11,8,0,0
1637865777840,30,Small,200,OK,true,51511,138,11,11,10,0,0
1637865777864,24,Small-Medium,200,OK,true,102713,139,11,11,6,0,0
1637865777639,249,Large,200,OK,true,1048891,137,11,11,7,0,0
1637865777865,23,Small,200,OK,true,51511,138,11,11,9,0,0
1637865777821,67,Medium,200,OK,true,307513,139,11,11,8,0,0
1637865777615,278,Large,200,OK,true,1048891,137,11,11,8,0,0
1637865777910,14,Small,200,OK,true,51511,138,11,11,6,0,0
1637865777689,240,Large,200,OK,true,1048891,137,11,11,7,0,0
1637865777707,224,Large,200,OK,true,1048891,137,11,11,6,0,0
1637865777909,24,Small-Medium,200,OK,true,102713,139,11,11,5,0,0
1637865777932,12,Small,200,OK,true,51511,138,11,11,6,0,0
1637865777889,60,Medium-Large,200,OK,true,512313,139,11,11,7,0,0
1637865777888,66,Medium,200,OK,true,307513,139,11,11,7,0,0
1637865777975,15,Small,200,OK,true,51511,138,11,11,8,0,0
1637865777949,49,Medium,200,OK,true,307513,139,11,11,5,0,0
1637865777998,15,Small-Medium,200,OK,true,102713,139,11,11,7,0,0
1637865777793,221,Large,200,OK,true,1048891,137,11,11,7,0,0
1637865778014,14,Small,200,OK,true,51511,138,11,11,7,0,0
1637865777929,102,Medium-Large,200,OK,true,512313,139,11,11,6,0,0
1637865778019,14,Small,200,OK,true,51511,138,11,11,7,0,0
1637865777819,214,Large,200,OK,true,1048891,137,11,11,8,0,0
1637865778031,12,Small,200,OK,true,51511,138,11,11,6,0,0
1637865777835,213,Large,200,OK,true,1048891,137,11,11,8,0,0
1637865778042,11,Small,200,OK,true,51511,138,11,11,6,0,0
1637865777888,166,Medium-Large,200,OK,true,512313,139,11,11,7,0,0
1637865777954,106,Medium-Large,200,OK,true,512313,139,11,11,7,0,0
1637865778048,16,Small-Medium,200,OK,true,102713,139,11,11,5,0,0
1637865778057,11,Small,200,OK,true,51511,138,11,11,5,0,0
1637865778063,11,Small,200,OK,true,51511,138,11,11,6,0,0
1637865777954,122,Large,200,OK,true,1048891,137,11,11,9,0,0
1637865778055,23,Small-Medium,200,OK,true,102713,139,11,11,5,0,0
1637865777893,200,Large,200,OK,true,1048891,137,11,11,7,0,0
1637865778086,12,Small,200,OK,true,51511,138,11,11,7,0,0
1637865778060,42,Medium,200,OK,true,307513,139,11,11,6,0,0
1637865778091,12,Small,200,OK,true,51511,138,11,11,6,0,0
1637865778093,16,Small-Medium,200,OK,true,102713,139,11,11,5,0,0
1637865778076,33,Medium,200,OK,true,307513,139,11,11,5,0,0
1637865778075,42,Medium,200,OK,true,307513,139,11,11,3,0,0
1637865778121,24,Small-Medium,200,OK,true,102713,139,11,11,6,0,0
1637865778101,45,Medium,200,OK,true,307513,139,11,11,5,0,0
1637865778140,18,Small-Medium,200,OK,true,102712,139,11,11,9,0,0
1637865777953,211,Large,200,OK,true,1048891,137,11,11,6,0,0
1637865778140,25,Small-Medium,200,OK,true,102713,139,11,11,6,0,0
1637865778164,21,Small-Medium,200,OK,true,102713,139,11,11,6,0,0
1637865778140,62,Medium,200,OK,true,307513,139,11,11,7,0,0
1637865778107,107,Medium-Large,200,OK,true,512313,139,11,11,7,0,0
1637865778208,13,Small,200,OK,true,51511,138,11,11,6,0,0
1637865778034,187,Large,200,OK,true,1048891,137,11,11,5,0,0
1637865778119,115,Medium-Large,200,OK,true,512313,139,11,11,7,0,0
1637865778234,23,Small-Medium,200,OK,true,102713,139,11,11,8,0,0
1637865778099,163,Medium-Large,200,OK,true,512313,139,11,11,6,0,0
1637865778214,76,Medium,200,OK,true,307513,139,11,11,8,0,0
1637865778221,73,Medium,200,OK,true,307513,139,11,11,6,0,0
1637865778290,14,Small,200,OK,true,51511,138,11,11,6,0,0
1637865778202,111,Medium-Large,200,OK,true,512313,139,11,11,7,0,0
1637865778165,152,Large,200,OK,true,1048891,137,11,11,6,0,0
1637865778252,66,Medium,200,OK,true,307513,139,11,11,7,0,0
1637865778173,157,Large,200,OK,true,1048890,137,11,11,8,0,0
1637865778318,16,Small,200,OK,true,51511,138,11,11,8,0,0
1637865778104,238,Large,200,OK,true,1048891,137,11,11,9,0,0
1637865778342,16,Small,200,OK,true,51511,138,11,11,8,0,0
1637865778279,79,Medium,200,OK,true,307513,139,11,11,9,0,0
1637865778294,70,Medium,200,OK,true,307513,139,11,11,8,0,0
1637865778146,228,Large,200,OK,true,1048891,137,11,11,8,0,0
1637865778364,16,Small,200,OK,true,51511,138,11,11,9,0,0
1637865778313,69,Medium,200,OK,true,307513,139,11,11,6,0,0
1637865778262,121,Medium,200,OK,true,307513,139,11,11,7,0,0
1637865778374,22,Small-Medium,200,OK,true,102713,139,11,11,7,0,0
1637865778334,65,Medium,200,OK,true,307513,139,11,11,7,0,0
1637865778331,72,Medium-Large,200,OK,true,512312,139,11,11,6,0,0
1637865778385,22,Small-Medium,200,OK,true,102713,139,11,11,8,0,0
1637865778403,13,Small,200,OK,true,51510,138,11,11,6,0,0
1637865778181,244,Large,200,OK,true,1048891,137,11,11,7,0,0
1637865778418,25,Small-Medium,200,OK,true,102713,139,11,11,5,0,0
1637865778317,139,Large,200,OK,true,1048891,137,11,11,7,0,0
1637865778358,100,Medium-Large,200,OK,true,512313,139,11,11,7,0,0
1637865778363,106,Medium-Large,200,OK,true,512313,139,11,11,7,0,0
1637865778456,13,Small,200,OK,true,51511,138,11,11,7,0,0
1637865778409,64,Medium,200,OK,true,307513,139,11,11,7,0,0
1637865778383,104,Medium-Large,200,OK,true,512313,139,11,11,6,0,0
1637865778474,14,Small,200,OK,true,51511,138,11,11,6,0,0
1637865778425,69,Medium,200,OK,true,307513,139,11,11,7,0,0
1637865778487,12,Small,200,OK,true,51511,138,11,11,6,0,0
1637865778448,60,Medium-Large,200,OK,true,512312,139,11,11,6,0,0
1637865778500,14,Small-Medium,200,OK,true,102713,139,11,11,6,0,0
1637865778384,144,Medium-Large,200,OK,true,512313,139,11,11,7,0,0
1637865778430,114,Medium-Large,200,OK,true,512313,139,11,11,9,0,0
1637865778508,43,Medium,200,OK,true,307512,139,11,11,7,0,0
1637865778462,105,Medium-Large,200,OK,true,512313,139,11,11,8,0,0
1637865778544,23,Small-Medium,200,OK,true,102713,139,11,11,8,0,0
1637865778552,16,Small,200,OK,true,51510,138,11,11,9,0,0
1637865778544,26,Small,200,OK,true,51511,138,11,11,10,0,0
1637865778529,53,Small-Medium,200,OK,true,102713,139,11,11,15,0,0
1637865778587,14,Small,200,OK,true,51511,138,11,11,7,0,0
1637865778582,19,Small,200,OK,true,51511,138,11,11,6,0,0
1637865778544,65,Medium,200,OK,true,307513,139,11,11,15,0,0
1637865778595,14,Small,200,OK,true,51510,138,11,11,9,0,0
1637865778399,215,Large,200,OK,true,1048891,137,11,11,6,0,0
1637865778517,99,Medium-Large,200,OK,true,512313,139,11,11,6,0,0
1637865778567,51,Medium,200,OK,true,307513,139,11,11,5,0,0
1637865778609,11,Small,200,OK,true,51511,138,11,11,6,0,0
1637865778618,12,Small,200,OK,true,51511,138,11,11,7,0,0
1637865778631,12,Small,200,OK,true,51511,138,11,11,6,0,0
1637865778458,197,Large,200,OK,true,1048891,137,11,11,7,0,0
1637865778469,205,Large,200,OK,true,1048891,137,11,11,8,0,0
1637865778614,61,Medium,200,OK,true,307513,139,11,11,5,0,0
1637865778674,26,Small-Medium,200,OK,true,102713,139,11,11,7,0,0
1637865778494,217,Large,200,OK,true,1048891,137,11,11,5,0,0
1637865778675,98,Medium-Large,200,OK,true,512312,139,11,11,8,0,0
1637865778675,129,Medium-Large,200,OK,true,512313,139,11,11,17,0,0
1637865778587,218,Large,200,OK,true,1048891,137,11,11,8,0,0
1637865778626,182,Medium-Large,200,OK,true,512313,139,11,11,5,0,0
1637865778639,182,Large,200,OK,true,1048890,137,11,11,6,0,0
1637865778804,25,Small,200,OK,true,51511,138,11,11,10,0,0
1637865778821,8,Small,200,OK,true,51475,138,11,11,7,0,0
1637865778616,217,Large,200,OK,true,1048891,137,11,11,6,0,0
1637865778719,118,Medium-Large,200,OK,true,512313,139,11,11,8,0,0
1637865778808,30,Small,200,OK,true,51511,138,11,11,10,0,0
1637865778773,79,Medium-Large,200,OK,true,512312,139,11,11,7,0,0
1637865778654,207,Large,200,OK,true,1048891,137,11,11,6,0,0
1637865778662,202,Large,200,OK,true,1048891,137,11,11,13,0,0
1637865778852,13,Small,200,OK,true,51510,138,11,11,6,0,0
1637865778655,223,Large,200,OK,true,1048891,137,11,11,8,0,0
1637865778861,19,Small-Medium,200,OK,true,102713,139,11,11,6,0,0
1637865778837,56,Medium,200,OK,true,307513,139,11,11,6,0,0
1637865778805,111,Medium-Large,200,OK,true,512313,139,11,11,8,0,0
1637865778849,67,Medium,200,OK,true,307513,139,11,11,6,0,0
1637865778894,23,Small-Medium,200,OK,true,102713,139,11,11,23,0,0
1637865778878,58,Medium,200,OK,true,307513,139,11,11,6,0,0
1637865778833,111,Medium-Large,200,OK,true,512313,139,11,11,6,0,0
1637865778916,32,Small-Medium,200,OK,true,102713,139,11,11,10,0,0
1637865778865,84,Medium,200,OK,true,307514,139,11,11,13,0,6
1637865778938,22,Small-Medium,200,OK,true,102713,139,11,11,8,0,0
1637865778711,249,Large,200,OK,true,1048891,137,11,11,9,0,0
1637865778864,97,Medium-Large,200,OK,true,512313,139,11,11,6,0,0
1637865778944,21,Small-Medium,200,OK,true,102713,139,11,11,6,0,0
1637865778896,76,Medium-Large,200,OK,true,512312,139,11,11,21,0,0
1637865778961,12,Small,200,OK,true,51511,138,11,11,6,0,0
1637865778960,27,Small-Medium,200,OK,true,102713,139,11,11,10,0,0
1637865778972,37,Medium,200,OK,true,307512,139,11,11,6,0,0
1637865779003,12,Small,200,OK,true,51511,138,11,11,6,0,0
1637865778916,100,Medium-Large,200,OK,true,512313,139,11,11,6,0,0
1637865779005,18,Small,200,OK,true,51511,138,11,11,6,0,0
1637865778936,97,Medium-Large,200,OK,true,512313,139,11,11,6,0,0
1637865779016,19,Small-Medium,200,OK,true,102713,139,11,11,6,0,0
1637865779033,25,Small-Medium,200,OK,true,102713,139,11,11,8,0,0
1637865779047,32,Small-Medium,200,OK,true,102713,139,11,11,10,0,0
1637865778982,100,Medium-Large,200,OK,true,512313,139,11,11,7,0,0
1637865778988,100,Medium-Large,200,OK,true,512313,139,11,11,7,0,0
1637865779077,14,Small,200,OK,true,51511,138,11,11,7,0,0
1637865779017,76,Medium-Large,200,OK,true,512312,139,11,11,6,0,0
1637865779089,18,Small-Medium,200,OK,true,102713,139,11,11,5,0,0
1637865779093,15,Small,200,OK,true,51510,138,11,11,9,0,0
1637865778916,211,Large,200,OK,true,1048891,137,11,11,8,0,0
1637865779121,11,Small,200,OK,true,51511,138,11,11,6,0,0
1637865778853,279,Large,200,OK,true,1048891,137,11,11,7,0,0
1637865779127,18,Small-Medium,200,OK,true,102713,139,11,11,5,0,0
1637865778949,200,Large,200,OK,true,1048891,137,11,11,8,0,0
1637865779048,102,Medium-Large,200,OK,true,512313,139,11,11,11,0,0
1637865779137,14,Small-Medium,200,OK,true,102712,139,11,11,7,0,0
1637865779132,26,Small-Medium,200,OK,true,102713,139,11,11,7,0,0
1637865779060,99,Medium-Large,200,OK,true,512313,139,11,11,9,0,0
1637865778961,199,Large,200,OK,true,1048891,137,11,11,4,0,0
1637865779160,13,Small,200,OK,true,51511,138,11,11,6,0,0
1637865779159,18,Small-Medium,200,OK,true,102713,139,11,11,6,0,0
1637865779170,12,Small,200,OK,true,51511,138,11,11,6,0,0
1637865779150,45,Medium,200,OK,true,307513,139,11,11,6,0,0
1637865779149,48,Medium,200,OK,true,307513,139,11,11,6,0,0
1637865779132,97,Medium-Large,200,OK,true,512313,139,11,11,6,0,0
1637865779214,23,Small-Medium,200,OK,true,102713,139,11,11,8,0,0
1637865779177,80,Medium,200,OK,true,307513,139,11,11,5,0,0
1637865779203,71,Medium,200,OK,true,307513,139,11,11,9,0,0
1637865779259,25,Small-Medium,200,OK,true,102713,139,11,11,9,0,0
1637865779082,203,Large,200,OK,true,1048891,137,11,11,7,0,0
1637865779092,206,Large,200,OK,true,1048891,137,11,11,7,0,0
1637865779203,118,Medium-Large,200,OK,true,512313,139,11,11,6,0,0
1637865779181,142,Large,200,OK,true,1048890,137,11,11,7,0,0
1637865779195,140,Medium-Large,200,OK,true,512313,139,11,11,6,0,0
1637865779323,15,Small-Medium,200,OK,true,102677,139,11,11,5,0,0
1637865779274,109,Medium-Large,200,OK,true,512313,139,11,11,9,0,0
1637865779164,227,Large,200,OK,true,1048891,137,11,11,7,0,0
1637865779285,111,Medium-Large,200,OK,true,512313,139,11,11,7,0,0
1637865779335,80,Medium,200,OK,true,307513,139,11,11,10,0,0
1637865779367,48,Small,200,OK,true,51512,138,11,11,15,0,7
1637865779298,119,Medium-Large,200,OK,true,512313,139,11,11,20,0,0
1637865779321,104,Medium-Large,200,OK,true,512313,139,11,11,6,0,0
1637865779198,228,Large,200,OK,true,1048891,137,11,11,5,0,0
1637865779415,13,Small,200,OK,true,51511,138,11,11,7,0,0
1637865779258,196,Medium-Large,200,OK,true,512313,139,11,11,7,0,0
1637865779230,225,Large,200,OK,true,1048891,137,11,11,8,0,0
1637865779397,68,Medium,200,OK,true,307513,139,11,11,7,0,0
1637865779455,16,Small,200,OK,true,51511,138,11,11,7,0,0
1637865779383,104,Medium-Large,200,OK,true,512313,139,11,11,8,0,0
1637865779417,71,Medium,200,OK,true,307513,139,11,11,7,0,0
1637865779425,67,Medium,200,OK,true,307513,139,11,11,10,0,0
1637865779416,84,Medium-Large,200,OK,true,512313,139,11,11,7,0,0
1637865779487,14,Small,200,OK,true,51511,138,11,11,6,0,0
1637865779303,217,Large,200,OK,true,1048891,137,11,11,15,0,0
1637865779499,22,Small-Medium,200,OK,true,102713,139,11,11,8,0,0
1637865779500,22,Small-Medium,200,OK,true,102713,139,11,11,9,0,0
1637865779426,103,Medium-Large,200,OK,true,512313,139,11,11,7,0,0
1637865779488,59,Medium,200,OK,true,307513,139,11,11,8,0,0
1637865779492,64,Medium,200,OK,true,307513,139,11,11,7,0,0
1637865779545,15,Small,200,OK,true,51511,138,11,11,7,0,0
1637865779458,107,Medium-Large,200,OK,true,512313,139,11,11,8,0,0
1637865779556,15,Small,200,OK,true,51511,138,11,11,8,0,0
1637865779565,14,Small,200,OK,true,51511,138,11,11,7,0,0
1637865779531,55,Medium,200,OK,true,307513,139,11,11,7,0,0
1637865779391,205,Large,200,OK,true,1048891,137,11,11,9,0,0
1637865779547,59,Medium,200,OK,true,307513,139,11,11,7,0,0
1637865779601,21,Small-Medium,200,OK,true,102713,139,11,11,6,0,0
1637865779529,99,Medium-Large,200,OK,true,512313,139,11,11,6,0,0
1637865779465,212,Large,200,OK,true,1048890,137,11,11,10,0,0
1637865779606,122,Medium-Large,200,OK,true,512313,139,11,11,7,0,0
1637865779520,229,Large,200,OK,true,1048891,137,11,11,11,0,0
1637865779729,21,Small-Medium,200,OK,true,102713,139,11,11,6,0,0
1637865779645,106,Medium-Large,200,OK,true,512313,139,11,11,6,0,0
1637865779628,124,Medium-Large,200,OK,true,512313,139,11,11,7,0,0
1637865779609,150,Medium-Large,200,OK,true,512313,139,11,11,7,0,0
1637865779454,305,Large,200,OK,true,1048891,137,11,11,6,0,0
1637865779544,217,Large,200,OK,true,1048891,137,11,11,6,0,0
1637865779752,14,Small,200,OK,true,51511,138,11,11,6,0,0
1637865779760,24,Small-Medium,200,OK,true,102713,139,11,11,6,0,0
1637865779678,118,Medium-Large,200,OK,true,512312,139,11,11,6,0,0
1637865779586,217,Large,200,OK,true,1048891,137,11,11,6,0,0
1637865779588,219,Large,200,OK,true,1048891,137,11,11,6,0,0
1637865779749,59,Medium,200,OK,true,307513,139,11,11,6,0,0
1637865779597,214,Large,200,OK,true,1048891,137,11,11,7,0,0
1637865779762,56,Medium,200,OK,true,307513,139,11,11,5,0,0
1637865779808,13,Small,200,OK,true,51511,138,11,11,6,0,0
1637865779808,25,Small-Medium,200,OK,true,102713,139,11,11,5,0,0
1637865779760,82,Medium,200,OK,true,307513,139,11,11,6,0,0
1637865779795,62,Medium,200,OK,true,307513,139,11,11,6,0,0
1637865779796,62,Medium,200,OK,true,307512,139,11,11,6,0,0
1637865779857,17,Small,200,OK,true,51511,138,11,11,7,0,0
1637865779811,64,Medium,200,OK,true,307513,139,11,11,4,0,0
1637865779853,23,Small-Medium,200,OK,true,102713,139,11,11,7,0,0
1637865779772,112,Medium-Large,200,OK,true,512313,139,11,11,6,0,0
1637865779875,11,Small,200,OK,true,51511,138,11,11,5,0,0
1637865779853,58,Medium,200,OK,true,307513,139,11,11,6,0,0
1637865779818,96,Medium-Large,200,OK,true,512313,139,11,11,7,0,0
1637865779912,12,Small,200,OK,true,51511,138,11,11,6,0,0
1637865779918,13,Small,200,OK,true,51511,138,11,11,7,0,0
1637865779752,208,Large,200,OK,true,1048891,137,11,11,7,0,0
1637865779901,62,Medium,200,OK,true,307513,139,11,11,7,0,0
1637865779964,17,Small,200,OK,true,51511,138,11,11,6,0,0
1637865779803,211,Large,200,OK,true,1048891,137,11,11,6,0,0
1637865780008,29,Small-Medium,200,OK,true,102713,139,11,11,6,0,0
1637865780014,29,Small-Medium,200,OK,true,102713,139,11,11,8,0,0
1637865779804,249,Large,200,OK,true,1048891,137,11,11,7,0,0
1637865779955,108,Medium-Large,200,OK,true,512313,139,11,11,6,0,0
1637865779960,103,Medium-Large,200,OK,true,512313,139,11,11,7,0,0
1637865779858,211,Large,200,OK,true,1048890,137,11,11,8,0,0
1637865780052,21,Small-Medium,200,OK,true,102713,139,11,11,6,0,0
1637865780063,13,Small,200,OK,true,51511,138,11,11,7,0,0
1637865779884,203,Large,200,OK,true,1048891,137,11,11,7,0,0
1637865780069,40,Small-Medium,200,OK,true,102712,139,11,11,14,0,0
1637865779897,234,Large,200,OK,true,1048891,137,11,11,9,0,0
1637865779914,222,Large,200,OK,true,1048891,137,11,11,6,0,0
1637865780113,28,Small-Medium,200,OK,true,102712,139,11,11,5,0,0
1637865780053,97,Medium,200,OK,true,307513,139,11,11,7,0,0
1637865779843,338,Large,200,OK,true,1048891,137,11,11,10,0,0
1637865780064,121,Medium-Large,200,OK,true,512313,139,11,11,17,0,0
1637865779962,225,Large,200,OK,true,1048891,137,11,11,7,0,0
1637865780157,30,Small-Medium,200,OK,true,102712,139,11,11,9,0,0
1637865780131,59,Medium,200,OK,true,307513,139,11,11,7,0,0
1637865780181,19,Small,200,OK,true,51511,138,11,11,7,0,0
1637865780107,96,Medium-Large,200,OK,true,512313,139,11,11,6,0,0
1637865780136,70,Medium,200,OK,true,307513,139,11,11,8,0,0
1637865780087,122,Medium-Large,200,OK,true,512313,139,11,11,21,0,0
1637865780201,13,Small,200,OK,true,51510,138,11,11,6,0,0
1637865780105,117,Medium-Large,200,OK,true,512313,139,11,11,7,0,0
1637865780209,19,Small-Medium,200,OK,true,102713,139,11,11,7,0,0
1637865780187,57,Medium,200,OK,true,307513,139,11,11,7,0,0
1637865780190,55,Medium,200,OK,true,307513,139,11,11,6,0,0
1637865780203,56,Medium,200,OK,true,307513,139,11,11,6,0,0
1637865780150,112,Medium-Large,200,OK,true,512313,139,11,11,8,0,0
1637865780059,229,Large,200,OK,true,1048891,137,11,11,6,0,0
1637865780288,14,Small,200,OK,true,51511,138,11,11,8,0,0
1637865780206,101,Medium-Large,200,OK,true,512313,139,11,11,7,0,0
1637865780244,69,Medium,200,OK,true,307513,139,11,11,7,0,0
1637865780254,65,Medium,200,OK,true,307513,139,11,11,6,0,0
1637865780225,96,Medium,200,OK,true,307513,139,11,11,6,0,0
1637865780307,25,Small-Medium,200,OK,true,102713,139,11,11,9,0,0
1637865780321,15,Small,200,OK,true,51511,138,11,11,8,0,0
1637865780263,85,Medium,200,OK,true,307513,139,11,11,7,0,0
1637865780245,111,Medium-Large,200,OK,true,512313,139,11,11,13,0,0
1637865780351,15,Small,200,OK,true,51511,138,11,11,7,0,0
1637865780185,209,Large,200,OK,true,1048891,137,11,11,6,0,0
1637865780394,23,Small-Medium,200,OK,true,102713,139,11,11,7,0,0
1637865780319,103,Medium-Large,200,OK,true,512313,139,11,11,7,0,0
1637865780395,28,Small-Medium,200,OK,true,102713,139,11,11,8,0,0
1637865780356,68,Medium,200,OK,true,307513,139,11,11,8,0,0
1637865780222,210,Large,200,OK,true,1048891,137,11,11,5,0,0
1637865780422,18,Small-Medium,200,OK,true,102713,139,11,11,5,0,0
1637865780438,13,Small,200,OK,true,51511,138,11,11,6,0,0
1637865780244,212,Large,200,OK,true,1048890,137,11,11,10,0,0
1637865780259,198,Large,200,OK,true,1048891,137,11,11,7,0,0
1637865780457,13,Small,200,OK,true,51511,138,11,11,7,0,0
1637865780489,13,Small,200,OK,true,51511,138,11,11,7,0,0
1637865780432,71,Medium,200,OK,true,307513,139,11,11,7,0,0
1637865780364,148,Medium-Large,200,OK,true,512313,139,11,11,7,0,0
1637865780503,14,Small,200,OK,true,51511,138,11,11,7,0,0
1637865780313,213,Large,200,OK,true,1048891,137,11,11,6,0,0
1637865780525,16,Small,200,OK,true,51511,138,11,11,8,0,0
1637865780331,218,Large,200,OK,true,1048891,137,11,11,7,0,0
1637865780456,104,Medium-Large,200,OK,true,512277,139,11,11,6,0,0
1637865780349,228,Large,200,OK,true,1048891,137,11,11,5,0,0
1637865780512,92,Medium,200,OK,true,307513,139,11,11,6,0,0
1637865780502,103,Medium-Large,200,OK,true,512313,139,11,11,6,0,0
1637865780577,28,Small-Medium,200,OK,true,102713,139,11,11,8,0,0
1637865780604,22,Small,200,OK,true,51511,138,11,11,7,0,0
1637865780569,68,Medium,200,OK,true,307513,139,11,11,10,0,0
1637865780560,78,Medium,200,OK,true,307514,139,11,11,13,0,7
1637865780424,219,Large,200,OK,true,1048891,137,11,11,6,0,0
1637865780548,99,Medium-Large,200,OK,true,512313,139,11,11,6,0,0
1637865780637,15,Small,200,OK,true,51511,138,11,11,7,0,0
1637865780439,218,Large,200,OK,true,1048891,137,11,11,8,0,0
1637865780643,15,Small,200,OK,true,51511,138,11,11,8,0,0
1637865780605,60,Medium,200,OK,true,307513,139,11,11,7,0,0
1637865780657,12,Small,200,OK,true,51511,138,11,11,6,0,0
1637865780665,19,Small-Medium,200,OK,true,102713,139,11,11,6,0,0
1637865780467,219,Large,200,OK,true,1048891,137,11,11,6,0,0
1637865780687,19,Small-Medium,200,OK,true,102713,139,11,11,5,0,0
1637865780526,205,Large,200,OK,true,1048891,137,11,11,7,0,0
1637865780710,21,Small-Medium,200,OK,true,102713,139,11,11,8,0,0
1637865780622,117,Medium-Large,200,OK,true,512313,139,11,11,16,0,0
1637865780731,13,Small,200,OK,true,51511,138,11,11,6,0,0
1637865780686,61,Medium,200,OK,true,307513,139,11,11,8,0,0
1637865780648,106,Medium-Large,200,OK,true,512313,139,11,11,7,0,0
1637865780549,214,Large,200,OK,true,1048891,137,11,11,7,0,0
1637865780638,126,Large,200,OK,true,1048891,137,11,11,8,0,0
1637865780740,26,Small-Medium,200,OK,true,102713,139,11,11,6,0,0
1637865780754,21,Small-Medium,200,OK,true,102713,139,11,11,7,0,0
1637865780763,20,Small-Medium,200,OK,true,102713,139,11,11,6,0,0
1637865780681,105,Medium-Large,200,OK,true,512313,139,11,11,6,0,0
1637865780786,21,Small-Medium,200,OK,true,102713,139,11,11,6,0,0
1637865780701,107,Medium-Large,200,OK,true,512313,139,11,11,8,0,0
1637865780808,22,Small-Medium,200,OK,true,102713,139,11,11,7,0,0
1637865780748,106,Medium-Large,200,OK,true,512313,139,11,11,6,0,0
1637865780784,76,Medium,200,OK,true,307513,139,11,11,6,0,0
1637865780799,72,Medium,200,OK,true,307513,139,11,11,7,0,0
1637865780774,120,Medium-Large,200,OK,true,512313,139,11,11,9,0,0
1637865780871,27,Small,200,OK,true,51511,138,11,11,17,0,0
1637865780894,13,Small,200,OK,true,51511,138,11,11,5,0,0
1637865780764,144,Large,200,OK,true,1048891,137,11,11,6,0,0
1637865780860,51,Small-Medium,200,OK,true,102713,139,11,11,8,0,0
1637865780831,85,Medium,200,OK,true,307513,139,11,11,7,0,0
1637865780807,111,Medium-Large,200,OK,true,512313,139,11,11,5,0,0
1637865780852,68,Medium,200,OK,true,307513,139,11,11,6,0,0
1637865780916,25,Small-Medium,200,OK,true,102713,139,11,11,7,0,0
1637865780911,33,Small-Medium,200,OK,true,102712,139,11,11,5,0,0
1637865780908,41,Medium,200,OK,true,307513,139,11,11,5,0,0
1637865780731,230,Large,200,OK,true,1048891,137,11,11,7,0,0
1637865780648,319,Large,200,OK,true,1048891,137,11,11,8,0,0
1637865780918,55,Medium,200,OK,true,307513,139,11,11,7,0,0
1637865780754,232,Large,200,OK,true,1048891,137,11,11,6,0,0
1637865780953,51,Medium,200,OK,true,307513,139,11,11,6,0,0
1637865780961,75,Medium,200,OK,true,307513,139,11,11,9,0,0
1637865781036,17,Small,200,OK,true,51511,138,11,11,8,0,0
1637865781004,51,Medium,200,OK,true,307513,139,11,11,7,0,0
1637865780973,102,Medium-Large,200,OK,true,512313,139,11,11,7,0,0
1637865780855,233,Large,200,OK,true,1048891,137,11,11,6,0,0
1637865781081,13,Small,200,OK,true,51511,138,11,11,7,0,0
1637865780955,139,Medium-Large,200,OK,true,512312,139,11,11,7,0,0
1637865780986,114,Medium-Large,200,OK,true,512313,139,11,11,7,0,0
1637865781055,49,Medium,200,OK,true,307513,139,11,11,6,0,0
1637865781100,21,Small-Medium,200,OK,true,102713,139,11,11,8,0,0
1637865780916,229,Large,200,OK,true,1048891,137,11,11,6,0,0
1637865780937,210,Large,200,OK,true,1048891,137,11,11,7,0,0
1637865781088,63,Medium,200,OK,true,307513,139,11,11,6,0,0
1637865780920,233,Large,200,OK,true,1048891,137,11,11,9,0,0
1637865781094,69,Medium,200,OK,true,307512,139,11,11,7,0,0
1637865780961,224,Large,200,OK,true,1048891,137,11,11,6,0,0
1637865781075,113,Medium-Large,200,OK,true,512313,139,11,11,9,0,0
1637865781151,70,Medium,200,OK,true,307513,139,11,11,8,0,0
1637865781125,116,Medium-Large,200,OK,true,512313,139,11,11,6,0,0
1637865781145,106,Medium-Large,200,OK,true,512313,139,11,11,6,0,0
1637865781143,113,Medium-Large,200,OK,true,512313,139,11,11,6,0,0
1637865781163,94,Medium,200,OK,true,307512,139,11,11,8,0,0
1637865781188,69,Medium,200,OK,true,307513,139,11,11,9,0,0
1637865781104,174,Large,200,OK,true,1048891,137,11,11,11,0,0
1637865781257,25,Small,200,OK,true,51510,138,11,11,7,0,0
1637865781251,38,Small-Medium,200,OK,true,102713,139,11,11,8,0,0
1637865781186,123,Medium-Large,200,OK,true,512313,139,11,11,7,0,0
1637865781301,22,Small,200,OK,true,51510,138,11,11,8,0,0
1637865781296,28,Small-Medium,200,OK,true,102713,139,11,11,7,0,0
1637865781256,79,Medium,200,OK,true,307513,139,11,11,7,0,0
1637865780967,373,Large,200,OK,true,1048891,137,11,11,9,0,0
1637865781258,119,Medium-Large,200,OK,true,512313,139,11,11,8,0,0
1637865781147,231,Large,200,OK,true,1048891,137,11,11,9,0,0
1637865781153,242,Large,200,OK,true,1048891,137,11,11,8,0,0
1637865781340,72,Medium,200,OK,true,307513,139,11,11,9,0,0
1637865781278,161,Large,200,OK,true,1048891,137,11,11,8,0,0
1637865781412,29,Small-Medium,200,OK,true,102713,139,11,11,7,0,0
1637865781222,226,Large,200,OK,true,1048891,137,11,11,8,0,0
1637865781439,16,Small-Medium,200,OK,true,102713,139,11,11,6,0,0
1637865781341,124,Medium,200,OK,true,307513,139,11,11,9,0,0
1637865781241,226,Large,200,OK,true,1048891,137,11,11,8,0,0
1637865781378,102,Medium-Large,200,OK,true,512313,139,11,11,9,0,0
1637865781467,15,Small,200,OK,true,51511,138,11,11,7,0,0
1637865781457,25,Small-Medium,200,OK,true,102713,139,11,11,7,0,0
1637865781377,105,Medium-Large,200,OK,true,512313,139,11,11,8,0,0
1637865781480,19,Small-Medium,200,OK,true,102713,139,11,11,5,0,0
1637865781483,18,Small-Medium,200,OK,true,102713,139,11,11,5,0,0
1637865781483,19,Small-Medium,200,OK,true,102713,139,11,11,7,0,0
1637865781309,208,Large,200,OK,true,1048891,137,11,11,9,0,0
1637865781448,90,Medium-Large,200,OK,true,512313,139,11,11,8,0,0
1637865781335,204,Large,200,OK,true,1048891,137,11,11,7,0,0
1637865781527,13,Small,200,OK,true,51511,138,11,11,7,0,0
1637865781528,14,Small,200,OK,true,51511,138,11,11,8,0,0
1637865781465,83,Medium,200,OK,true,307513,139,11,11,6,0,0
1637865781345,237,Large,200,OK,true,1048890,137,11,11,8,0,0
1637865781572,21,Small-Medium,200,OK,true,102713,139,11,11,8,0,0
1637865781583,12,Small,200,OK,true,51510,138,11,11,5,0,0
1637865781539,58,Medium,200,OK,true,307513,139,11,11,6,0,0
1637865781501,96,Medium-Large,200,OK,true,512313,139,11,11,4,0,0
1637865781395,205,Large,200,OK,true,1048891,137,11,11,8,0,0
1637865781597,19,Small-Medium,200,OK,true,102713,139,11,11,5,0,0
1637865781548,83,Medium,200,OK,true,307513,139,11,11,6,0,0
1637865781524,108,Medium-Large,200,OK,true,512313,139,11,11,6,0,0
1637865781640,17,Small,200,OK,true,51511,138,11,11,10,0,0
1637865781600,119,Medium-Large,200,OK,true,512313,139,11,11,7,0,0
1637865781511,214,Large,200,OK,true,1048891,137,11,11,6,0,0
1637865781719,23,Small-Medium,200,OK,true,102713,139,11,11,8,0,0
1637865781632,122,Medium-Large,200,OK,true,512313,139,11,11,10,0,0
1637865781517,237,Large,200,OK,true,1048891,137,11,11,6,0,0
1637865781684,72,Medium,200,OK,true,307513,139,11,11,6,0,0
1637865781539,226,Large,200,OK,true,1048891,137,11,11,5,0,0
1637865781627,146,Medium-Large,200,OK,true,512312,139,11,11,7,0,0
1637865781756,24,Small-Medium,200,OK,true,102713,139,11,11,8,0,0
1637865781616,164,Large,200,OK,true,1048891,137,11,11,5,0,0
1637865781725,72,Medium,200,OK,true,307513,139,11,11,8,0,0
1637865781781,17,Small-Medium,200,OK,true,102713,139,11,11,9,0,0
1637865781570,242,Large,200,OK,true,1048890,137,11,11,7,0,0
1637865781797,15,Small,200,OK,true,51511,138,11,11,5,0,0
1637865781754,64,Medium,200,OK,true,307513,139,11,11,7,0,0
1637865781754,64,Medium,200,OK,true,307513,139,11,11,8,0,0
1637865781597,233,Large,200,OK,true,1048891,137,11,11,6,0,0
1637865781818,14,Small,200,OK,true,51511,138,11,11,7,0,0
1637865781773,64,Medium,200,OK,true,307477,139,11,11,9,0,0
1637865781800,60,Medium,200,OK,true,307513,139,11,11,12,0,0
1637865781841,20,Small-Medium,200,OK,true,102713,139,11,11,6,0,0
1637865781825,39,Medium,200,OK,true,307513,139,11,11,8,0,0
1637865781860,21,Small-Medium,200,OK,true,102713,139,11,11,6,0,0
1637865781869,15,Small,200,OK,true,51511,138,11,11,8,0,0
1637865781837,57,Medium,200,OK,true,307514,139,11,11,13,0,5
1637865781885,23,Small-Medium,200,OK,true,102713,139,11,11,5,0,0
1637865781894,14,Small-Medium,200,OK,true,102713,139,11,11,7,0,0
1637865781812,101,Medium-Large,200,OK,true,512312,139,11,11,8,0,0
1637865781904,9,Small,200,OK,true,51511,138,11,11,5,0,0
1637865781818,98,Medium-Large,200,OK,true,512313,139,11,11,8,0,0
1637865781863,54,Medium,200,OK,true,307513,139,11,11,8,0,0
1637865781913,12,Small-Medium,200,OK,true,102713,139,11,11,4,0,0
1637865781763,186,Large,200,OK,true,1048891,137,11,11,7,0,0
1637865781631,340,Large,200,OK,true,1048891,137,11,11,7,0,0
1637865781765,212,Large,200,OK,true,1048891,137,11,11,9,0,0
1637865781928,67,Medium,200,OK,true,307513,139,11,11,5,0,0
1637865781938,68,Medium-Large,200,OK,true,512313,139,11,11,6,0,0
1637865781995,16,Small,200,OK,true,51511,138,11,11,7,0,0
1637865782006,14,Small,200,OK,true,51511,138,11,11,8,0,0
1637865781830,197,Large,200,OK,true,1048891,137,11,11,7,0,0
1637865781957,82,Medium-Large,200,OK,true,512313,139,11,11,8,0,0
1637865782027,13,Small,200,OK,true,51511,138,11,11,8,0,0
1637865782039,12,Small,200,OK,true,51511,138,11,11,6,0,0
1637865781950,117,Medium-Large,200,OK,true,512313,139,11,11,7,0,0
1637865781971,116,Medium,200,OK,true,307513,139,11,11,9,0,0
1637865782067,22,Small-Medium,200,OK,true,102713,139,11,11,7,0,0
1637865781977,117,Medium-Large,200,OK,true,512313,139,11,11,9,0,0
1637865782071,67,Medium,200,OK,true,307513,139,11,11,6,0,0
1637865781913,225,Large,200,OK,true,1048890,137,11,11,7,0,0
1637865781917,225,Large,200,OK,true,1048891,137,11,11,7,0,0
1637865782111,32,Small-Medium,200,OK,true,102713,139,11,11,10,0,0
1637865781917,226,Large,200,OK,true,1048891,137,11,11,5,0,0
1637865782040,113,Medium-Large,200,OK,true,512313,139,11,11,7,0,0
1637865782138,24,Small-Medium,200,OK,true,102712,139,11,11,6,0,0
1637865782142,21,Small-Medium,200,OK,true,102713,139,11,11,6,0,0
1637865782155,23,Small-Medium,200,OK,true,102713,139,11,11,9,0,0
1637865781947,231,Large,200,OK,true,1048891,137,11,11,6,0,0
1637865782138,62,Medium,200,OK,true,307513,139,11,11,5,0,0
1637865782186,23,Small-Medium,200,OK,true,102713,139,11,11,9,0,0
1637865782200,23,Small,200,OK,true,51511,138,11,11,9,0,0
1637865782050,177,Large,200,OK,true,1048891,137,11,11,17,0,0
1637865782199,29,Small-Medium,200,OK,true,102713,139,11,11,10,0,0
1637865782083,148,Large,200,OK,true,1048891,137,11,11,8,0,0
1637865782227,9,Small,200,OK,true,51511,138,11,11,4,0,0
1637865782183,53,Medium,200,OK,true,307512,139,11,11,7,0,0
1637865782230,12,Small,200,OK,true,51511,138,11,11,6,0,0
1637865782179,66,Medium,200,OK,true,307513,139,11,11,6,0,0
1637865782143,109,Medium-Large,200,OK,true,512313,139,11,11,8,0,0
1637865782087,171,Medium-Large,200,OK,true,512313,139,11,11,8,0,0
1637865782243,23,Small-Medium,200,OK,true,102713,139,11,11,5,0,0
1637865782153,113,Medium-Large,200,OK,true,512313,139,11,11,7,0,0
1637865782273,23,Small,200,OK,true,51511,138,11,11,8,0,0
1637865782252,62,Medium,200,OK,true,307513,139,11,11,6,0,0
1637865782094,223,Large,200,OK,true,1048891,137,11,11,8,0,0
1637865782266,66,Medium,200,OK,true,307512,139,11,11,5,0,0
1637865782318,17,Small,200,OK,true,51511,138,11,11,9,0,0
1637865782314,24,Small-Medium,200,OK,true,102713,139,11,11,7,0,0
1637865782317,25,Small-Medium,200,OK,true,102713,139,11,11,8,0,0
1637865782246,108,Medium-Large,200,OK,true,512313,139,11,11,6,0,0
1637865782287,71,Medium,200,OK,true,307513,139,11,11,7,0,0
1637865782258,101,Medium,200,OK,true,307513,139,11,11,6,0,0
1637865782231,137,Large,200,OK,true,1048891,137,11,11,6,0,0
1637865782368,15,Small,200,OK,true,51511,138,11,11,8,0,0
1637865782359,25,Small-Medium,200,OK,true,102713,139,11,11,9,0,0
1637865782332,65,Medium,200,OK,true,307512,139,11,11,8,0,0
1637865782397,22,Small-Medium,200,OK,true,102712,139,11,11,6,0,0
1637865782412,24,Small,200,OK,true,51511,138,11,11,8,0,0
1637865782271,166,Large,200,OK,true,1048891,137,11,11,8,0,0
1637865782236,218,Large,200,OK,true,1048890,137,11,11,6,0,0
1637865782245,218,Large,200,OK,true,1048891,137,11,11,6,0,0
1637865782403,70,Medium,200,OK,true,307513,139,11,11,7,0,0
1637865782358,120,Medium-Large,200,OK,true,512313,139,11,11,9,0,0
1637865782362,120,Medium-Large,200,OK,true,512313,139,11,11,9,0,0
1637865782464,20,Small,200,OK,true,51511,138,11,11,7,0,0
1637865782359,128,Medium,200,OK,true,307513,139,11,11,11,0,0
1637865782473,15,Small,200,OK,true,51511,138,11,11,7,0,0
1637865782456,48,Medium,200,OK,true,307513,139,11,11,7,0,0
1637865782505,14,Small-Medium,200,OK,true,102713,139,11,11,6,0,0
1637865782437,83,Medium-Large,200,OK,true,512313,139,11,11,5,0,0
1637865782454,66,Medium,200,OK,true,307512,139,11,11,7,0,0
1637865782482,110,Medium-Large,200,OK,true,512313,139,12,12,8,0,0
1637865782354,240,Large,200,OK,true,1048891,137,12,12,7,0,0
1637865782362,235,Large,200,OK,true,1048891,137,12,12,10,0,0
1637865782548,55,Medium,200,OK,true,307513,139,12,12,8,0,0
1637865782592,25,Small-Medium,200,OK,true,102713,139,12,12,8,0,0
1637865782594,25,Small-Medium,200,OK,true,102713,139,12,12,7,0,0
1637865782517,117,Medium-Large,200,OK,true,512313,139,12,12,8,0,0
1637865782521,118,Medium-Large,200,OK,true,512312,139,12,12,7,0,0
1637865782639,15,Small,200,OK,true,51510,138,12,12,7,0,0
1637865782441,221,Large,200,OK,true,1048890,137,12,12,8,0,0
1637865782642,26,Small-Medium,200,OK,true,102713,139,12,12,9,0,0
1637865782520,173,Large,200,OK,true,1048891,137,12,12,9,0,0
1637865782603,97,Medium-Large,200,OK,true,512313,139,12,12,9,0,0
1637865782640,72,Medium,200,OK,true,307513,139,12,12,7,0,0
1637865782634,80,Medium,200,OK,true,307512,139,12,12,8,0,0
1637865782690,27,Small-Medium,200,OK,true,102713,139,12,12,8,0,0
1637865782478,243,Large,200,OK,true,1048891,137,12,12,7,0,0
1637865782722,16,Small,200,OK,true,51511,138,12,12,8,0,0
1637865782556,185,Medium-Large,200,OK,true,512314,139,12,12,18,0,10
1637865782714,30,Small-Medium,200,OK,true,102712,139,12,12,7,0,0
1637865782507,252,Large,200,OK,true,1048891,137,12,12,8,0,0
1637865782700,88,Medium-Large,200,OK,true,512313,139,12,12,8,0,0
1637865782762,28,Small-Medium,200,OK,true,102712,139,12,12,8,0,0
1637865782769,27,Small-Medium,200,OK,true,102713,139,12,12,9,0,0
1637865782741,59,Medium,200,OK,true,307513,139,12,12,7,0,0
1637865782788,14,Small,200,OK,true,51511,138,12,12,7,0,0
1637865782597,219,Large,200,OK,true,1048891,137,12,12,8,0,0
1637865782686,131,Medium-Large,200,OK,true,512277,139,12,12,8,0,0
1637865782810,29,Small-Medium,200,OK,true,102712,139,12,12,6,0,0
1637865782738,123,Medium-Large,200,OK,true,512313,139,12,12,7,0,0
1637865782861,17,Small,200,OK,true,51511,138,12,12,9,0,0
1637865782835,57,Medium,200,OK,true,307513,139,12,12,8,0,0
1637865782694,205,Large,200,OK,true,1048891,137,12,12,7,0,0
1637865782488,412,Large,200,OK,true,1048891,137,12,12,7,0,0
1637865782662,247,Large,200,OK,true,1048890,137,12,12,8,0,0
1637865782910,14,Small,200,OK,true,51511,138,12,12,6,0,0
1637865782893,55,Medium,200,OK,true,307513,139,12,12,8,0,0
1637865782712,238,Large,200,OK,true,1048891,137,12,12,7,0,0
1637865782899,58,Medium,200,OK,true,307513,139,12,12,8,0,0
1637865782958,16,Small,200,OK,true,51511,138,12,12,8,0,0
1637865782858,124,Medium-Large,200,OK,true,512312,139,12,12,7,0,0
1637865782800,198,Large,200,OK,true,1048891,137,12,12,6,0,0
1637865782982,23,Small-Medium,200,OK,true,102712,139,12,12,8,0,0
1637865782950,78,Medium,200,OK,true,307513,139,12,12,10,0,0
1637865782759,271,Large,200,OK,true,1048891,137,12,12,8,0,0
1637865782948,94,Medium-Large,200,OK,true,512313,139,12,12,7,0,0
1637865783030,21,Small,200,OK,true,51510,138,12,12,10,0,0
1637865783043,14,Small,200,OK,true,51511,138,12,12,7,0,0
1637865782818,242,Large,200,OK,true,1048891,137,12,12,8,0,0
1637865782816,246,Large,200,OK,true,1048891,137,12,12,6,0,0
1637865782958,106,Medium-Large,200,OK,true,512313,139,12,12,9,0,0
1637865782817,267,Large,200,OK,true,1048892,137,12,12,15,0,7
1637865783063,23,Small-Medium,200,OK,true,102713,139,12,12,7,0,0
1637865783028,75,Medium,200,OK,true,307513,139,12,12,8,0,0
1637865783103,22,Small-Medium,200,OK,true,102713,139,12,12,7,0,0
1637865782900,235,Medium-Large,200,OK,true,512313,139,12,12,9,0,0
1637865783111,28,Small-Medium,200,OK,true,102713,139,12,12,7,0,0
1637865783084,57,Medium,200,OK,true,307513,139,12,12,7,0,0
1637865782910,251,Large,200,OK,true,1048890,137,12,12,7,0,0
1637865783161,16,Small,200,OK,true,51510,138,12,12,8,0,0
1637865783060,122,Medium-Large,200,OK,true,512313,139,12,12,7,0,0
1637865783159,34,Small-Medium,200,OK,true,102713,139,12,12,8,0,0
1637865783090,104,Medium-Large,200,OK,true,512313,139,12,12,8,0,0
1637865783141,60,Medium,200,OK,true,307513,139,12,12,8,0,0
1637865782998,209,Large,200,OK,true,1048891,137,12,12,7,0,0
1637865783194,16,Small-Medium,200,OK,true,102713,139,12,12,8,0,0
1637865783152,73,Medium,200,OK,true,307513,139,12,12,8,0,0
1637865783005,225,Large,200,OK,true,1048891,137,12,12,8,0,0
1637865783064,192,Large,200,OK,true,1048891,137,12,12,7,0,0
1637865783242,16,Small,200,OK,true,51511,138,12,12,8,0,0
1637865783182,108,Medium-Large,200,OK,true,512313,139,12,12,8,0,0
1637865783289,16,Small,200,OK,true,51511,138,12,12,8,0,0
1637865783230,84,Medium,200,OK,true,307513,139,12,12,8,0,0
1637865783207,114,Medium-Large,200,OK,true,512313,139,12,12,9,0,0
1637865783030,293,Large,200,OK,true,1048891,137,12,12,9,0,0
1637865783078,250,Large,200,OK,true,1048890,137,12,12,7,0,0
1637865783314,15,Small,200,OK,true,51511,138,12,12,7,0,0
1637865783208,123,Medium-Large,200,OK,true,512312,139,12,12,9,0,0
1637865783321,15,Small,200,OK,true,51511,138,12,12,8,0,0
1637865783225,115,Medium-Large,200,OK,true,512313,139,12,12,7,0,0
1637865783331,14,Small,200,OK,true,51510,138,12,12,7,0,0
1637865783329,21,Small-Medium,200,OK,true,102712,139,12,12,7,0,0
1637865783337,20,Small-Medium,200,OK,true,102713,139,12,12,7,0,0
1637865783256,104,Medium-Large,200,OK,true,512313,139,12,12,8,0,0
1637865783135,226,Medium-Large,200,OK,true,512313,139,12,12,7,0,0
1637865783202,169,Large,200,OK,true,1048891,137,12,12,7,0,0
1637865783362,24,Small-Medium,200,OK,true,102713,139,12,12,7,0,0
1637865783361,30,Small-Medium,200,OK,true,102713,139,12,12,7,0,0
1637865783378,17,Small,200,OK,true,51475,138,12,12,8,0,0
1637865783340,61,Medium,200,OK,true,307513,139,12,12,8,0,0
1637865783360,43,Medium,200,OK,true,307513,139,12,12,5,0,0
1637865783290,114,Medium-Large,200,OK,true,512313,139,12,12,8,0,0
1637865783376,30,Small-Medium,200,OK,true,102677,139,12,12,8,0,0
1637865783386,20,Small-Medium,200,OK,true,102713,139,12,12,8,0,0
1637865783409,15,Small,200,OK,true,51511,138,12,12,7,0,0
1637865783207,222,Large,200,OK,true,1048891,137,12,12,8,0,0
1637865783371,71,Medium-Large,200,OK,true,512313,139,12,12,7,0,0
1637865783409,41,Small-Medium,200,OK,true,102713,139,12,12,6,0,0
1637865783442,13,Small,200,OK,true,51511,138,12,12,6,0,0
1637865783434,21,Small-Medium,200,OK,true,102713,139,12,12,8,0,0
1637865783425,34,Small,200,OK,true,51512,138,12,12,14,0,7
1637865783401,66,Medium,200,OK,true,307513,139,12,12,6,0,0
1637865783467,25,Small-Medium,200,OK,true,102713,139,12,12,8,0,0
1637865783426,79,Medium,200,OK,true,307514,139,12,12,15,0,7
1637865783482,26,Small-Medium,200,OK,true,102713,139,12,12,9,0,0
1637865783490,25,Small-Medium,200,OK,true,102713,139,12,12,8,0,0
1637865783369,150,Large,200,OK,true,1048891,137,12,12,7,0,0
1637865783410,113,Medium-Large,200,OK,true,512313,139,12,12,7,0,0
1637865783323,211,Large,200,OK,true,1048891,137,12,12,8,0,0
1637865783523,16,Small,200,OK,true,51511,138,12,12,7,0,0
1637865783516,31,Small-Medium,200,OK,true,102713,139,12,12,7,0,0
1637865783455,94,Medium-Large,200,OK,true,512313,139,12,12,7,0,0
1637865783505,58,Medium,200,OK,true,307513,139,12,12,7,0,0
1637865783563,15,Small,200,OK,true,51511,138,12,12,8,0,0
1637865783571,25,Small-Medium,200,OK,true,102713,139,12,12,7,0,0
1637865783519,100,Medium-Large,200,OK,true,512313,139,12,12,7,0,0
1637865783405,222,Large,200,OK,true,1048891,137,12,12,6,0,0
1637865783530,102,Medium-Large,200,OK,true,512313,139,12,12,8,0,0
1637865783564,70,Medium,200,OK,true,307513,139,12,12,8,0,0
1637865783619,16,Small,200,OK,true,51511,138,12,12,8,0,0
1637865783627,27,Small-Medium,200,OK,true,102713,139,12,12,8,0,0
1637865783430,234,Large,200,OK,true,1048891,137,12,12,6,0,0
1637865783473,219,Large,200,OK,true,1048891,137,12,12,7,0,0
1637865783666,28,Small-Medium,200,OK,true,102713,139,12,12,8,0,0
1637865783675,26,Small-Medium,200,OK,true,102713,139,12,12,8,0,0
1637865783612,104,Medium-Large,200,OK,true,512313,139,12,12,7,0,0
1637865783715,20,Small,200,OK,true,51511,138,12,12,9,0,0
1637865783634,116,Medium-Large,200,OK,true,512313,139,12,12,8,0,0
1637865783537,226,Large,200,OK,true,1048891,137,12,12,8,0,0
1637865783549,220,Large,200,OK,true,1048891,137,12,12,8,0,0
1637865783763,23,Small-Medium,200,OK,true,102713,139,12,12,8,0,0
1637865783664,127,Medium-Large,200,OK,true,512313,139,12,12,7,0,0
1637865783769,26,Small-Medium,200,OK,true,102713,139,12,12,8,0,0
1637865783717,82,Medium,200,OK,true,307513,139,12,12,8,0,0
1637865783791,14,Small,200,OK,true,51511,138,12,12,6,0,0
1637865783799,15,Small,200,OK,true,51511,138,12,12,9,0,0
1637865783534,284,Large,200,OK,true,1048891,137,12,12,8,0,0
1637865783619,211,Large,200,OK,true,1048891,137,12,12,9,0,0
1637865783763,69,Medium,200,OK,true,307513,139,12,12,10,0,0
1637865783632,205,Large,200,OK,true,1048891,137,12,12,8,0,0
1637865783837,24,Small-Medium,200,OK,true,102713,139,12,12,9,0,0
1637865783848,16,Small,200,OK,true,51511,138,12,12,8,0,0
1637865783457,425,Large,200,OK,true,1048891,137,12,12,8,0,0
1637865783830,62,Medium,200,OK,true,307513,139,12,12,7,0,0
1637865783818,79,Medium,200,OK,true,307513,139,12,12,11,0,0
1637865783692,206,Large,200,OK,true,1048891,137,12,12,6,0,0
1637865783892,16,Small,200,OK,true,51511,138,12,12,8,0,0
1637865783811,102,Medium-Large,200,OK,true,512313,139,12,12,6,0,0
1637865783898,26,Small-Medium,200,OK,true,102713,139,12,12,8,0,0
1637865783723,234,Large,200,OK,true,1048891,137,12,12,8,0,0
1637865783832,125,Medium-Large,200,OK,true,512313,139,12,12,9,0,0
1637865783913,46,Medium,200,OK,true,307513,139,12,12,8,0,0
1637865783897,81,Medium,200,OK,true,307513,139,12,12,10,0,0
1637865783962,16,Small,200,OK,true,51511,138,12,12,8,0,0
1637865783957,28,Small-Medium,200,OK,true,102713,139,12,12,10,0,0
1637865783750,238,Large,200,OK,true,1048891,137,12,12,9,0,0
1637865783885,110,Medium-Large,200,OK,true,512313,139,12,12,8,0,0
1637865783978,21,Small,200,OK,true,51511,138,12,12,8,0,0
1637865783995,16,Small,200,OK,true,51511,138,12,12,8,0,0
1637865783818,198,Large,200,OK,true,1048891,137,12,12,7,0,0
1637865783988,30,Small-Medium,200,OK,true,102713,139,12,12,6,0,0
1637865784006,22,Small,200,OK,true,51511,138,12,12,9,0,0
1637865784016,13,Small-Medium,200,OK,true,102713,139,12,12,7,0,0
1637865783957,79,Medium,200,OK,true,307513,139,12,12,7,0,0
1637865784026,14,Small,200,OK,true,51511,138,12,12,7,0,0
1637865784010,51,Medium,200,OK,true,307513,139,12,12,8,0,0
1637865784061,21,Small-Medium,200,OK,true,102713,139,12,12,8,0,0
1637865783896,190,Large,200,OK,true,1048891,137,12,12,8,0,0
1637865783838,250,Large,200,OK,true,1048891,137,12,12,9,0,0
1637865783882,212,Medium-Large,200,OK,true,512313,139,12,12,9,0,0
1637865784073,31,Small-Medium,200,OK,true,102713,139,12,12,9,0,0
1637865784035,75,Medium,200,OK,true,307513,139,12,12,7,0,0
1637865784043,72,Medium,200,OK,true,307513,139,12,12,10,0,0
1637865783946,172,Large,200,OK,true,1048891,137,12,12,8,0,0
1637865784094,25,Small,200,OK,true,51511,138,12,12,8,0,0
1637865784109,16,Small,200,OK,true,51511,138,12,12,8,0,0
1637865783941,187,Large,200,OK,true,1048891,137,12,12,8,0,0
1637865784086,48,Medium,200,OK,true,307513,139,12,12,6,0,0
1637865784135,16,Small,200,OK,true,51511,138,12,12,8,0,0
1637865784036,116,Medium-Large,200,OK,true,512313,139,12,12,7,0,0
1637865784122,34,Small-Medium,200,OK,true,102713,139,12,12,8,0,0
1637865784054,109,Medium-Large,200,OK,true,512313,139,12,12,7,0,0
1637865784143,24,Small,200,OK,true,51511,138,12,12,8,0,0
1637865784152,16,Small,200,OK,true,51511,138,12,12,8,0,0
1637865784115,55,Medium,200,OK,true,307513,139,12,12,8,0,0
1637865784156,16,Small,200,OK,true,51511,138,12,12,9,0,0
1637865784129,45,Medium,200,OK,true,307513,139,12,12,7,0,0
1637865784065,110,Medium-Large,200,OK,true,512313,139,12,12,7,0,0
1637865784164,11,Small,200,OK,true,51511,138,12,12,7,0,0
1637865784110,69,Medium,200,OK,true,307513,139,12,12,8,0,0
1637865784170,19,Small,200,OK,true,51511,138,12,12,8,0,0
1637865784118,71,Medium-Large,200,OK,true,512313,139,12,12,8,0,0
1637865784180,21,Small-Medium,200,OK,true,102713,139,12,12,6,0,0
1637865784190,14,Small,200,OK,true,51511,138,12,12,6,0,0
1637865784204,16,Small-Medium,200,OK,true,102713,139,12,12,7,0,0
1637865784177,45,Medium,200,OK,true,307513,139,12,12,6,0,0
1637865784199,23,Small-Medium,200,OK,true,102713,139,12,12,8,0,0
1637865784218,14,Small,200,OK,true,51511,138,12,12,8,0,0
1637865784191,41,Small-Medium,200,OK,true,102713,139,12,12,7,0,0
1637865784225,11,Small,200,OK,true,51511,138,12,12,5,0,0
1637865784211,60,Medium,200,OK,true,307513,139,12,12,9,0,0
1637865784252,25,Small-Medium,200,OK,true,102713,139,12,12,6,0,0
1637865784266,25,Small-Medium,200,OK,true,102713,139,12,12,5,0,0
1637865784237,60,Medium,200,OK,true,307513,139,12,12,5,0,0
1637865784273,26,Small-Medium,200,OK,true,102713,139,12,12,6,0,0
1637865784247,66,Medium,200,OK,true,307513,139,12,12,6,0,0
1637865784088,228,Large,200,OK,true,1048891,137,12,12,7,0,0
1637865784170,152,Large,200,OK,true,1048891,137,12,12,6,0,0
1637865784314,29,Small-Medium,200,OK,true,102713,139,12,12,5,0,0
1637865784316,33,Small-Medium,200,OK,true,102713,139,12,12,7,0,0
1637865784183,183,Large,200,OK,true,1048891,137,12,12,7,0,0
1637865784175,194,Large,200,OK,true,1048891,137,12,12,5,0,0
1637865784320,69,Medium,200,OK,true,307513,139,12,12,6,0,0
1637865784366,30,Small-Medium,200,OK,true,102713,139,12,12,7,0,0
1637865784390,13,Small,200,OK,true,51511,138,12,12,6,0,0
1637865784297,118,Medium-Large,200,OK,true,512313,139,12,12,6,0,0
1637865784301,117,Medium-Large,200,OK,true,512313,139,12,12,6,0,0
1637865784364,73,Medium,200,OK,true,307513,139,12,12,7,0,0
1637865784415,27,Small-Medium,200,OK,true,102713,139,12,12,6,0,0
1637865784438,13,Small,200,OK,true,51511,138,12,12,6,0,0
1637865784228,228,Large,200,OK,true,1048891,137,12,12,5,0,0
1637865784361,118,Medium-Large,200,OK,true,512313,139,12,12,6,0,0
1637865784464,25,Small-Medium,200,OK,true,102713,139,12,12,7,0,0
1637865784437,65,Medium,200,OK,true,307513,139,12,12,6,0,0
1637865784479,30,Small-Medium,200,OK,true,102713,139,12,12,7,0,0
1637865784485,26,Small-Medium,200,OK,true,102713,139,12,12,6,0,0
1637865784271,244,Large,200,OK,true,1048891,137,12,12,6,0,0
1637865784502,25,Small-Medium,200,OK,true,102713,139,12,12,6,0,0
1637865784414,116,Medium-Large,200,OK,true,512313,139,12,12,6,0,0
1637865784515,25,Small-Medium,200,OK,true,102713,139,12,12,5,0,0
1637865784239,301,Large,200,OK,true,1048891,137,12,12,6,0,0
1637865784530,13,Small,200,OK,true,51511,138,12,12,6,0,0
1637865784322,224,Large,200,OK,true,1048891,137,12,12,6,0,0
1637865784540,18,Small,200,OK,true,51511,138,12,12,7,0,0
1637865784314,245,Large,200,OK,true,1048891,137,12,12,6,0,0
1637865784369,215,Large,200,OK,true,1048891,137,12,12,5,0,0
1637865784526,71,Medium,200,OK,true,307513,139,12,12,7,0,0
1637865784559,78,Medium,200,OK,true,307513,139,12,12,6,0,0
1637865784418,225,Large,200,OK,true,1048891,137,12,12,6,0,0
1637865784637,15,Small,200,OK,true,51511,138,12,12,6,0,0
1637865784532,120,Medium-Large,200,OK,true,512313,139,12,12,6,0,0
1637865784643,13,Small,200,OK,true,51511,138,12,12,6,0,0
1637865784584,75,Medium,200,OK,true,307513,139,12,12,5,0,0
1637865784550,118,Medium-Large,200,OK,true,512313,139,12,12,5,0,0
1637865784597,74,Medium,200,OK,true,307513,139,12,12,6,0,0
1637865784652,27,Small-Medium,200,OK,true,102713,139,12,12,6,0,0
1637865784588,96,Medium,200,OK,true,307513,139,12,12,6,0,0
1637865784456,233,Large,200,OK,true,1048891,137,12,12,7,0,0
1637865784577,116,Medium-Large,200,OK,true,512313,139,12,12,6,0,0
1637865784684,19,Small,200,OK,true,51511,138,12,12,7,0,0
1637865784691,12,Small,200,OK,true,51511,138,12,12,5,0,0
1637865784690,25,Small-Medium,200,OK,true,102713,139,12,12,6,0,0
1637865784693,24,Small-Medium,200,OK,true,102713,139,12,12,5,0,0
1637865784700,24,Small-Medium,200,OK,true,102713,139,12,12,6,0,0
1637865784512,215,Large,200,OK,true,1048891,137,12,12,6,0,0
1637865784669,59,Medium,200,OK,true,307513,139,12,12,6,0,0
1637865784659,96,Medium-Large,200,OK,true,512313,139,12,12,6,0,0
1637865784737,27,Small-Medium,200,OK,true,102713,139,12,12,7,0,0
1637865784546,224,Large,200,OK,true,1048891,137,12,12,6,0,0
1637865784671,104,Medium-Large,200,OK,true,512313,139,12,12,6,0,0
1637865784770,14,Small,200,OK,true,51511,138,12,12,7,0,0
1637865784685,106,Medium-Large,200,OK,true,512313,139,12,12,6,0,0
1637865784563,229,Large,200,OK,true,1048891,137,12,12,6,0,0
1637865784792,17,Small,200,OK,true,51511,138,12,12,6,0,0
1637865784786,29,Small-Medium,200,OK,true,102713,139,12,12,6,0,0
1637865784728,96,Medium-Large,200,OK,true,512313,139,12,12,4,0,0
1637865784728,107,Medium-Large,200,OK,true,512313,139,12,12,6,0,0
1637865784824,12,Small,200,OK,true,51511,138,12,12,6,0,0
1637865784732,106,Medium,200,OK,true,307513,139,12,12,5,0,0
1637865784817,26,Small-Medium,200,OK,true,102713,139,12,12,7,0,0
1637865784738,116,Medium-Large,200,OK,true,512313,139,12,12,6,0,0
1637865784740,115,Medium-Large,200,OK,true,512313,139,12,12,6,0,0
1637865784838,20,Small,200,OK,true,51511,138,12,12,7,0,0
1637865784791,71,Medium,200,OK,true,307513,139,12,12,6,0,0
1637865784755,109,Medium-Large,200,OK,true,512313,139,12,12,7,0,0
1637865784866,13,Small,200,OK,true,51511,138,12,12,6,0,0
1637865784871,26,Small-Medium,200,OK,true,102713,139,12,12,6,0,0
1637865784887,18,Small,200,OK,true,51511,138,12,12,6,0,0
1637865784854,56,Medium,200,OK,true,307513,139,12,12,5,0,0
1637865784855,65,Medium,200,OK,true,307513,139,12,12,7,0,0
1637865784864,60,Medium,200,OK,true,307513,139,12,12,6,0,0
1637865784920,13,Small,200,OK,true,51511,138,12,12,6,0,0
1637865784835,102,Medium-Large,200,OK,true,512313,139,12,12,6,0,0
1637865784924,16,Small,200,OK,true,51511,138,12,12,10,0,0
1637865784834,114,Medium-Large,200,OK,true,512313,139,12,12,6,0,0
1637865784841,112,Medium-Large,200,OK,true,512313,139,12,12,6,0,0
1637865784937,24,Small-Medium,200,OK,true,102713,139,12,12,6,0,0
1637865784748,221,Large,200,OK,true,1048891,137,12,12,6,0,0
1637865784910,66,Medium,200,OK,true,307513,139,12,12,7,0,0
1637865784862,116,Medium-Large,200,OK,true,512313,139,12,12,6,0,0
1637865784969,13,Small,200,OK,true,51511,138,12,12,6,0,0
1637865784775,222,Large,200,OK,true,1048891,137,12,12,5,0,0
1637865784984,26,Small-Medium,200,OK,true,102713,139,12,12,6,0,0
1637865784979,80,Medium,200,OK,true,307513,139,12,12,6,0,0
1637865784935,149,Medium-Large,200,OK,true,512313,139,12,12,6,0,0
1637865785017,80,Medium,200,OK,true,307513,139,12,12,7,0,0
1637865784997,131,Medium-Large,200,OK,true,512313,139,12,12,6,0,0
1637865784913,230,Large,200,OK,true,1048891,137,12,12,8,0,0
1637865785128,16,Small,200,OK,true,51511,138,12,12,6,0,0
1637865784920,229,Large,200,OK,true,1048891,137,12,12,5,0,0
1637865785033,122,Medium-Large,200,OK,true,512313,139,12,12,8,0,0
1637865785059,98,Medium,200,OK,true,307513,139,12,12,13,0,0
1637865785084,90,Medium,200,OK,true,307513,139,12,12,6,0,0
1637865785158,28,Small-Medium,200,OK,true,102713,139,12,12,6,0,0
1637865784948,245,Large,200,OK,true,1048891,137,12,12,6,0,0
1637865784953,241,Large,200,OK,true,1048891,137,12,12,6,0,0
1637865785177,17,Small,200,OK,true,51511,138,12,12,5,0,0
1637865784973,230,Large,200,OK,true,1048891,137,12,12,6,0,0
1637865784968,239,Large,200,OK,true,1048891,137,12,12,7,0,0
1637865785174,37,Small-Medium,200,OK,true,102713,139,12,12,6,0,0
1637865785203,13,Small,200,OK,true,51511,138,12,12,6,0,0
1637865784976,242,Large,200,OK,true,1048891,137,12,12,9,0,0
1637865785206,26,Small-Medium,200,OK,true,102713,139,12,12,6,0,0
1637865785144,110,Medium-Large,200,OK,true,512313,139,12,12,6,0,0
1637865785194,62,Medium,200,OK,true,307513,139,12,12,6,0,0
1637865785194,64,Medium,200,OK,true,307513,139,12,12,9,0,0
1637865785149,109,Medium-Large,200,OK,true,512313,139,12,12,6,0,0
1637865785155,107,Medium-Large,200,OK,true,512313,139,12,12,6,0,0
1637865785259,14,Small,200,OK,true,51511,138,12,12,6,0,0
1637865785218,65,Medium,200,OK,true,307513,139,12,12,7,0,0
1637865785262,25,Small-Medium,200,OK,true,102713,139,12,12,6,0,0
1637865785097,235,Large,200,OK,true,1048891,137,12,12,6,0,0
1637865785258,74,Medium,200,OK,true,307513,139,12,12,7,0,0
1637865785310,26,Small-Medium,200,OK,true,102713,139,12,12,6,0,0
1637865785332,29,Small-Medium,200,OK,true,102713,139,12,12,8,0,0
1637865785306,73,Medium,200,OK,true,307513,139,12,12,7,0,0
1637865785254,129,Medium-Large,200,OK,true,512313,139,12,12,7,0,0
1637865785383,15,Small,200,OK,true,51511,138,12,12,5,0,0
1637865785381,18,Small,200,OK,true,51511,138,12,12,6,0,0
1637865785332,85,Medium,200,OK,true,307513,139,12,12,7,0,0
1637865785357,68,Medium,200,OK,true,307513,139,12,12,7,0,0
1637865785207,220,Large,200,OK,true,1048891,137,12,12,6,0,0
1637865785379,70,Medium,200,OK,true,307513,139,12,12,6,0,0
1637865785427,28,Small-Medium,200,OK,true,102713,139,12,12,7,0,0
1637865785225,235,Large,200,OK,true,1048891,137,12,12,6,0,0
1637865785254,228,Large,200,OK,true,1048891,137,12,12,6,0,0
1637865785252,233,Large,200,OK,true,1048891,137,12,12,9,0,0
1637865785257,239,Large,200,OK,true,1048891,137,12,12,5,0,0
1637865785429,77,Medium,200,OK,true,307513,139,12,12,6,0,0
1637865785431,76,Medium,200,OK,true,307513,139,12,12,6,0,0
1637865785496,12,Small,200,OK,true,51511,138,12,12,6,0,0
1637865785482,30,Small-Medium,200,OK,true,102713,139,12,12,6,0,0
1637865785283,234,Large,200,OK,true,1048891,137,12,12,6,0,0
1637865785506,15,Small,200,OK,true,51511,138,12,12,6,0,0
1637865785475,63,Medium,200,OK,true,307513,139,12,12,5,0,0
1637865785222,317,Large,200,OK,true,1048891,137,12,12,10,0,0
1637865785418,122,Medium-Large,200,OK,true,512313,139,12,12,6,0,0
1637865785518,23,Small-Medium,200,OK,true,102713,139,12,12,6,0,0
1637865785544,14,Small,200,OK,true,51511,138,12,12,6,0,0
1637865785538,21,Small-Medium,200,OK,true,102713,139,12,12,6,0,0
1637865785540,25,Small-Medium,200,OK,true,102713,139,12,12,7,0,0
1637865785554,22,Small-Medium,200,OK,true,102713,139,12,12,6,0,0
1637865785530,54,Medium,200,OK,true,307513,139,12,12,6,0,0
1637865785485,102,Medium-Large,200,OK,true,512313,139,12,12,6,0,0
1637865785587,12,Small,200,OK,true,51511,138,12,12,7,0,0
1637865785586,26,Small-Medium,200,OK,true,102713,139,12,12,6,0,0
1637865785507,107,Medium-Large,200,OK,true,512313,139,12,12,6,0,0
1637865785601,15,Small,200,OK,true,51511,138,12,12,6,0,0
1637865785425,210,Large,200,OK,true,1048891,137,12,12,6,0,0
1637865785614,25,Small-Medium,200,OK,true,102713,139,12,12,7,0,0
1637865785634,23,Small-Medium,200,OK,true,102713,139,12,12,6,0,0
1637865785565,93,Medium-Large,200,OK,true,512313,139,12,12,6,0,0
1637865785449,209,Large,200,OK,true,1048891,137,12,12,6,0,0
1637865785658,12,Small,200,OK,true,51511,138,12,12,7,0,0
1637865785658,12,Small,200,OK,true,51511,138,12,12,6,0,0
1637865785539,132,Medium-Large,200,OK,true,512313,139,12,12,6,0,0
1637865785460,217,Large,200,OK,true,1048891,137,12,12,6,0,0
1637865785584,95,Medium-Large,200,OK,true,512313,139,12,12,5,0,0
1637865785588,103,Medium-Large,200,OK,true,512313,139,12,12,7,0,0
1637865785679,14,Small,200,OK,true,51511,138,12,12,8,0,0
1637865785635,59,Medium,200,OK,true,307513,139,12,12,8,0,0
1637865785592,103,Medium-Large,200,OK,true,512313,139,12,12,5,0,0
1637865785681,23,Small-Medium,200,OK,true,102713,139,12,12,8,0,0
1637865785663,70,Medium,200,OK,true,307513,139,12,12,6,0,0
1637865785677,67,Medium,200,OK,true,307513,139,12,12,6,0,0
1637865785694,56,Medium,200,OK,true,307513,139,12,12,5,0,0
1637865785671,89,Medium,200,OK,true,307513,139,12,12,6,0,0
1637865785691,70,Medium,200,OK,true,307513,139,12,12,7,0,0
1637865785706,69,Medium,200,OK,true,307513,139,12,12,7,0,0
1637865785760,20,Small,200,OK,true,51511,138,12,12,7,0,0
1637865785761,22,Small,200,OK,true,51511,138,12,12,10,0,0
1637865785775,12,Small,200,OK,true,51511,138,12,12,7,0,0
1637865785744,67,Medium,200,OK,true,307513,139,12,12,6,0,0
1637865785750,66,Medium,200,OK,true,307513,139,12,12,6,0,0
1637865785726,117,Medium-Large,200,OK,true,512313,139,12,12,8,0,0
1637865785635,220,Large,200,OK,true,1048891,137,12,12,6,0,0
1637865785649,238,Large,200,OK,true,1048891,137,12,12,7,0,0
1637865785887,14,Small,200,OK,true,51511,138,12,12,6,0,0
1637865785843,78,Medium,200,OK,true,307513,139,12,12,7,0,0
1637865785855,69,Medium,200,OK,true,307513,139,12,12,6,0,0
1637865785921,12,Small,200,OK,true,51511,138,12,12,5,0,0
1637865785695,241,Large,200,OK,true,1048891,137,12,12,7,0,0
1637865785811,127,Medium-Large,200,OK,true,512313,139,12,12,7,0,0
1637865785706,233,Large,200,OK,true,1048891,137,12,12,6,0,0
1637865785808,132,Medium-Large,200,OK,true,512313,139,12,12,6,0,0
1637865785925,24,Small-Medium,200,OK,true,102713,139,12,12,5,0,0
1637865785807,146,Medium-Large,200,OK,true,512313,139,12,12,8,0,0
1637865785729,236,Large,200,OK,true,1048891,137,12,12,8,0,0
1637865785734,254,Large,200,OK,true,1048891,137,12,12,6,0,0
1637865785940,73,Medium,200,OK,true,307513,139,12,12,6,0,0
1637865785939,75,Medium,200,OK,true,307513,139,12,12,11,0,0
1637865786013,19,Small,200,OK,true,51511,138,12,12,6,0,0
1637865785969,73,Medium,200,OK,true,307513,139,12,12,5,0,0
1637865785934,116,Medium-Large,200,OK,true,512313,139,12,12,8,0,0
1637865785816,238,Large,200,OK,true,1048891,137,12,12,7,0,0
1637865785936,123,Medium-Large,200,OK,true,512313,139,12,12,7,0,0
1637865785822,238,Large,200,OK,true,1048891,137,12,12,6,0,0
1637865786042,29,Small-Medium,200,OK,true,102713,139,12,12,6,0,0
1637865785988,88,Medium,200,OK,true,307513,139,12,12,10,0,0
1637865786014,68,Medium,200,OK,true,307513,139,12,12,7,0,0
1637865785965,119,Medium-Large,200,OK,true,512313,139,12,12,9,0,0
1637865785971,122,Medium-Large,200,OK,true,512313,139,12,12,6,0,0
1637865786090,26,Small-Medium,200,OK,true,102713,139,12,12,5,0,0
1637865786050,78,Medium,200,OK,true,307513,139,12,12,5,0,0
1637865786060,77,Medium,200,OK,true,307513,139,12,12,8,0,0
1637865786137,16,Small,200,OK,true,51511,138,12,12,5,0,0
1637865786076,83,Medium,200,OK,true,307513,139,12,12,6,0,0
1637865785938,236,Large,200,OK,true,1048891,137,12,12,6,0,0
1637865786160,15,Small,200,OK,true,51511,138,12,12,5,0,0
1637865786060,119,Medium-Large,200,OK,true,512313,139,12,12,7,0,0
1637865786180,13,Small,200,OK,true,51511,138,12,12,6,0,0
1637865786084,115,Medium-Large,200,OK,true,512313,139,12,12,8,0,0
1637865786184,17,Small,200,OK,true,51511,138,12,12,6,0,0
1637865786137,68,Medium,200,OK,true,307513,139,12,12,6,0,0
1637865786208,13,Small,200,OK,true,51511,138,12,12,5,0,0
1637865786199,26,Small-Medium,200,OK,true,102713,139,12,12,7,0,0
1637865786128,109,Medium-Large,200,OK,true,512313,139,12,12,7,0,0
1637865785953,310,Large,200,OK,true,1048891,137,12,12,5,0,0
1637865786054,233,Large,200,OK,true,1048891,137,12,12,6,0,0
1637865786227,63,Medium,200,OK,true,307513,139,12,12,6,0,0
1637865786060,238,Large,200,OK,true,1048891,137,12,12,6,0,0
1637865786263,37,Small-Medium,200,OK,true,102713,139,12,12,7,0,0
1637865786287,14,Small,200,OK,true,51511,138,12,12,6,0,0
1637865786082,225,Large,200,OK,true,1048891,137,12,12,7,0,0
1637865786206,116,Medium-Large,200,OK,true,512313,139,12,12,6,0,0
1637865786093,230,Large,200,OK,true,1048891,137,12,12,6,0,0
1637865786256,76,Medium,200,OK,true,307513,139,12,12,5,0,0
1637865786332,17,Small,200,OK,true,51511,138,12,12,6,0,0
1637865786237,123,Medium-Large,200,OK,true,512312,139,12,12,7,0,0
1637865786335,28,Small-Medium,200,OK,true,102713,139,12,12,5,0,0
1637865786298,71,Medium,200,OK,true,307513,139,12,12,7,0,0
1637865786323,68,Medium,200,OK,true,307513,139,12,12,7,0,0
1637865786290,112,Medium-Large,200,OK,true,512313,139,12,12,6,0,0
1637865786174,230,Large,200,OK,true,1048891,137,12,12,7,0,0
1637865786383,25,Small-Medium,200,OK,true,102713,139,12,12,5,0,0
1637865786403,27,Small-Medium,200,OK,true,102713,139,12,12,6,0,0
1637865786430,16,Small,200,OK,true,51511,138,12,12,8,0,0
1637865786451,13,Small,200,OK,true,51511,138,12,12,6,0,0
1637865786232,241,Large,200,OK,true,1048891,137,12,12,7,0,0
1637865786247,229,Large,200,OK,true,1048891,137,12,12,7,0,0
1637865786404,73,Medium,200,OK,true,307513,139,12,12,7,0,0
1637865786473,13,Small,200,OK,true,51511,138,12,12,6,0,0
1637865786369,118,Medium-Large,200,OK,true,512313,139,12,12,6,0,0
1637865786380,120,Medium-Large,200,OK,true,512313,139,12,12,6,0,0
1637865786391,115,Medium-Large,200,OK,true,512313,139,12,12,7,0,0
1637865786499,13,Small,200,OK,true,51511,138,12,12,6,0,0
1637865786500,15,Small,200,OK,true,51511,138,12,12,7,0,0
1637865786307,219,Large,200,OK,true,1048891,137,12,12,6,0,0
1637865786322,215,Large,200,OK,true,1048891,137,12,12,6,0,0
1637865786478,66,Medium,200,OK,true,307513,139,12,12,7,0,0
1637865786520,25,Small-Medium,200,OK,true,102713,139,12,12,6,0,0
1637865786507,62,Medium,200,OK,true,307513,139,12,12,6,0,0
1637865786547,27,Small-Medium,200,OK,true,102713,139,12,12,6,0,0
1637865786547,31,Small-Medium,200,OK,true,102713,139,12,12,7,0,0
1637865786526,55,Medium,200,OK,true,307513,139,12,12,6,0,0
1637865786360,224,Large,200,OK,true,1048890,137,12,12,7,0,0
1637865786487,114,Medium-Large,200,OK,true,512313,139,12,12,7,0,0
1637865786581,27,Small-Medium,200,OK,true,102713,139,12,12,9,0,0
1637865786544,68,Medium,200,OK,true,307513,139,12,12,8,0,0
1637865786594,18,Small,200,OK,true,51511,138,12,12,9,0,0
1637865786601,13,Small,200,OK,true,51511,138,12,12,6,0,0
1637865786311,339,Large,200,OK,true,1048891,137,12,12,7,0,0
1637865786584,71,Medium,200,OK,true,307512,139,12,12,7,0,0
1637865786642,16,Small,200,OK,true,51511,138,12,12,6,0,0
1637865786650,21,Small,200,OK,true,51511,138,12,12,8,0,0
1637865786476,200,Large,200,OK,true,1048891,137,12,12,7,0,0
1637865786655,21,Small,200,OK,true,51510,138,12,12,7,0,0
1637865786569,115,Medium-Large,200,OK,true,512313,139,12,12,9,0,0
1637865786676,12,Small,200,OK,true,51511,138,12,12,6,0,0
1637865786684,15,Small,200,OK,true,51511,138,12,12,7,0,0
1637865786477,224,Large,200,OK,true,1048890,137,12,12,8,0,0
1637865786596,112,Medium-Large,200,OK,true,512313,139,12,12,8,0,0
1637865786699,21,Small,200,OK,true,51511,138,12,12,7,0,0
1637865786702,19,Small-Medium,200,OK,true,102712,139,12,12,6,0,0
1637865786537,192,Large,200,OK,true,1048891,137,12,12,8,0,0
1637865786708,27,Small-Medium,200,OK,true,102713,139,12,12,7,0,0
1637865786732,25,Small-Medium,200,OK,true,102713,139,12,12,7,0,0
1637865786569,199,Large,200,OK,true,1048891,137,12,12,7,0,0
1637865786768,13,Small,200,OK,true,51511,138,12,12,7,0,0
1637865786723,60,Medium,200,OK,true,307513,139,12,12,6,0,0
1637865786612,201,Large,200,OK,true,1048891,137,12,12,7,0,0
1637865786704,110,Medium-Large,200,OK,true,512312,139,12,12,6,0,0
1637865786749,79,Medium,200,OK,true,307512,139,12,12,7,0,0
1637865786629,217,Large,200,OK,true,1048891,137,12,12,6,0,0
1637865786755,132,Medium-Large,200,OK,true,512313,139,12,12,8,0,0
1637865786815,75,Medium,200,OK,true,307513,139,12,12,8,0,0
1637865786648,244,Large,200,OK,true,1048891,137,12,12,6,0,0
1637865786887,19,Small,200,OK,true,51511,138,12,12,7,0,0
1637865786691,220,Large,200,OK,true,1048891,137,12,12,6,0,0
1637865786890,33,Small-Medium,200,OK,true,102713,139,12,12,6,0,0
1637865786780,143,Medium-Large,200,OK,true,512313,139,12,12,7,0,0
1637865786892,34,Small-Medium,200,OK,true,102713,139,12,12,8,0,0
1637865786847,79,Medium,200,OK,true,307513,139,12,12,10,0,0
1637865786911,17,Small,200,OK,true,51511,138,12,12,12,0,0
1637865786729,215,Large,200,OK,true,1048891,137,12,12,6,0,0
1637865786926,52,Medium,200,OK,true,307513,139,12,12,4,0,0
1637865786938,75,Medium,200,OK,true,307513,139,12,12,8,0,0
1637865786783,230,Large,200,OK,true,1048891,137,12,12,8,0,0
1637865786944,75,Medium,200,OK,true,307513,139,12,12,8,0,0
1637865787013,15,Small,200,OK,true,51511,138,12,12,7,0,0
1637865786978,68,Medium,200,OK,true,307513,139,12,12,8,0,0
1637865786813,236,Large,200,OK,true,1048891,137,12,12,9,0,0
1637865786923,129,Medium-Large,200,OK,true,512313,139,12,12,5,0,0
1637865786828,237,Large,200,OK,true,1048890,137,12,12,7,0,0
1637865786814,252,Large,200,OK,true,1048890,137,12,12,9,0,0
1637865786941,125,Medium-Large,200,OK,true,512312,139,12,12,8,0,0
1637865786959,112,Medium-Large,200,OK,true,512313,139,12,12,7,0,0
1637865787067,14,Small,200,OK,true,51510,138,12,12,6,0,0
1637865787046,57,Medium,200,OK,true,307513,139,12,12,8,0,0
1637865787065,68,Medium,200,OK,true,307512,139,12,12,7,0,0
1637865787072,63,Medium,200,OK,true,307513,139,12,12,7,0,0
1637865786747,389,Large,200,OK,true,1048891,137,12,12,10,0,0
1637865787049,120,Medium-Large,200,OK,true,512313,139,12,12,8,0,0
1637865787103,68,Medium,200,OK,true,307513,139,12,12,7,0,0
1637865787060,122,Medium-Large,200,OK,true,512313,139,12,12,8,0,0
1637865787052,132,Medium-Large,200,OK,true,512313,139,12,12,7,0,0
1637865787169,29,Small-Medium,200,OK,true,102713,139,12,12,8,0,0
1637865787172,29,Small-Medium,200,OK,true,102713,139,12,12,7,0,0
1637865787184,28,Small-Medium,200,OK,true,102713,139,12,12,7,0,0
1637865787133,79,Medium,200,OK,true,307512,139,12,12,7,0,0
1637865786935,278,Large,200,OK,true,1048891,137,12,12,8,0,0
1637865787013,214,Large,200,OK,true,1048891,137,12,12,7,0,0
1637865787220,15,Small,200,OK,true,51511,138,12,12,7,0,0
1637865787213,23,Small,200,OK,true,51511,138,12,12,9,0,0
1637865787135,104,Medium-Large,200,OK,true,512313,139,12,12,7,0,0
1637865787019,222,Large,200,OK,true,1048891,137,12,12,8,0,0
1637865787217,25,Small-Medium,200,OK,true,102713,139,12,12,8,0,0
1637865787136,126,Medium,200,OK,true,307513,139,12,12,8,0,0
1637865787261,17,Small,200,OK,true,51511,138,12,12,8,0,0
1637865787268,17,Small,200,OK,true,51511,138,11,11,9,0,0
1637865787066,235,Large,200,OK,true,1048890,137,11,11,7,0,0
1637865787182,119,Medium-Large,200,OK,true,512313,139,11,11,7,0,0
1637865787212,111,Medium-Large,200,OK,true,512312,139,11,11,8,0,0
1637865787323,18,Small,200,OK,true,51510,138,11,11,10,0,0
1637865787239,102,Medium-Large,200,OK,true,512313,139,11,11,7,0,0
1637865787241,104,Medium-Large,200,OK,true,512313,139,11,11,7,0,0
1637865787233,116,Medium-Large,200,OK,true,512313,139,11,11,9,0,0
1637865787115,241,Large,200,OK,true,1048890,137,11,11,7,0,0
1637865787341,15,Small,200,OK,true,51511,138,11,11,7,0,0
1637865787265,96,Medium-Large,200,OK,true,512313,139,11,11,8,0,0
1637865787345,17,Small,200,OK,true,51511,138,11,11,8,0,0
1637865787349,15,Small,200,OK,true,51510,138,11,11,9,0,0
1637865787367,16,Small,200,OK,true,51510,138,11,11,9,0,0
1637865787389,21,Small,200,OK,true,51511,138,11,11,13,0,0
1637865787227,184,Large,200,OK,true,1048891,137,11,11,9,0,0
1637865787301,112,Medium-Large,200,OK,true,512312,139,11,11,8,0,0
1637865787361,81,Medium-Large,200,OK,true,512313,139,11,11,5,0,0
1637865787433,26,Small-Medium,200,OK,true,102713,139,11,11,8,0,0
1637865787393,73,Medium,200,OK,true,307512,139,11,11,9,0,0
1637865787384,87,Medium-Large,200,OK,true,512313,139,11,11,8,0,0
1637865787301,177,Large,200,OK,true,1048891,137,11,11,10,0,0
1637865787412,66,Medium,200,OK,true,307513,139,11,11,7,0,0
1637865787312,168,Large,200,OK,true,1048891,137,11,11,8,0,0
1637865787413,72,Medium,200,OK,true,307512,139,11,11,8,0,0
1637865787471,15,Small,200,OK,true,51511,138,11,11,8,0,0
1637865787443,54,Medium,200,OK,true,307513,139,11,11,9,0,0
1637865787498,23,Small-Medium,200,OK,true,102713,139,11,11,7,0,0
1637865787478,51,Medium,200,OK,true,307513,139,11,11,10,0,0
1637865787480,49,Medium,200,OK,true,307513,139,11,11,10,0,0
1637865787529,17,Small,200,OK,true,51511,138,11,11,9,0,0
1637865787477,74,Medium,200,OK,true,307513,139,11,11,10,0,0
1637865787529,23,Small-Medium,200,OK,true,102713,139,11,11,8,0,0
1637865787552,17,Small,200,OK,true,51511,138,11,11,10,0,0
1637865787478,107,Medium-Large,200,OK,true,512313,139,11,11,7,0,0
1637865787516,71,Medium-Large,200,OK,true,512313,139,11,11,7,0,0
1637865787573,16,Small,200,OK,true,51511,138,11,11,9,0,0
1637865787356,241,Large,200,OK,true,1048890,137,11,11,8,0,0
1637865787485,114,Medium-Large,200,OK,true,512277,139,11,11,9,0,0
1637865787541,64,Medium-Large,200,OK,true,512313,139,11,11,8,0,0
1637865787597,23,Small-Medium,200,OK,true,102712,139,11,11,9,0,0
1637865787606,15,Small,200,OK,true,51511,138,11,11,7,0,0
1637865787588,42,Medium,200,OK,true,307513,139,11,11,6,0,0
1637865787411,225,Large,200,OK,true,1048855,137,11,11,6,0,0
1637865787599,57,Small,200,OK,true,51512,138,11,11,16,0,8
1637865787617,44,Medium,200,OK,true,307513,139,11,11,8,0,0
1637865787641,20,Small,200,OK,true,51510,138,11,11,13,0,0
1637865787262,409,Large,200,OK,true,1048891,137,11,11,8,0,0
1637865787661,15,Small,200,OK,true,51511,138,11,11,7,0,0
1637865787632,45,Medium,200,OK,true,307513,139,11,11,7,0,0
1637865787466,242,Large,200,OK,true,1048890,137,11,11,7,0,0
1637865787573,149,Large,200,OK,true,1048891,137,11,11,6,0,0
1637865787677,63,Medium,200,OK,true,307513,139,11,11,11,0,0
1637865787740,17,Small,200,OK,true,51511,138,11,11,9,0,0
1637865787685,82,Medium,200,OK,true,307512,139,11,11,8,0,0
1637865787656,111,Medium-Large,200,OK,true,512313,139,11,11,8,0,0
1637865787708,70,Medium,200,OK,true,307512,139,11,11,8,0,0
1637865787637,143,Medium-Large,200,OK,true,512314,139,11,11,15,0,6
1637865787705,87,Medium-Large,200,OK,true,512313,139,11,11,9,0,0
1637865787596,198,Large,200,OK,true,1048891,137,11,11,7,0,0
1637865787792,17,Small,200,OK,true,51511,138,11,11,9,0,0
1637865787784,25,Small-Medium,200,OK,true,102713,139,11,11,9,0,0
1637865787585,236,Large,200,OK,true,1048891,137,11,11,6,0,0
1637865787650,184,Large,200,OK,true,1048891,137,11,11,7,0,0
1637865787767,69,Medium,200,OK,true,307512,139,11,11,11,0,0
1637865787821,16,Small,200,OK,true,51511,138,11,11,7,0,0
1637865787794,45,Medium,200,OK,true,307513,139,11,11,8,0,0
1637865787780,61,Medium,200,OK,true,307513,139,11,11,9,0,0
1637865787839,26,Small-Medium,200,OK,true,102713,139,11,11,9,0,0
1637865787767,112,Medium-Large,200,OK,true,512313,139,11,11,11,0,0
1637865787865,16,Small,200,OK,true,51511,138,11,11,7,0,0
1637865787779,108,Medium-Large,200,OK,true,512312,139,11,11,7,0,0
1637865787835,54,Medium,200,OK,true,307513,139,11,11,7,0,0
1637865787842,64,Medium,200,OK,true,307513,139,11,11,9,0,0
1637865787889,18,Small,200,OK,true,51511,138,11,11,9,0,0
1637865787722,199,Large,200,OK,true,1048891,137,11,11,9,0,0
1637865787835,91,Medium-Large,200,OK,true,512313,139,11,11,8,0,0
1637865787926,16,Small,200,OK,true,51511,138,11,11,7,0,0
1637865787884,64,Medium,200,OK,true,307513,139,11,11,8,0,0
1637865787879,72,Medium,200,OK,true,307513,139,11,11,8,0,0
1637865787907,48,Medium,200,OK,true,307513,139,11,11,6,0,0
1637865787952,16,Small,200,OK,true,51511,138,11,11,7,0,0
1637865787909,72,Medium,200,OK,true,307513,139,11,11,9,0,0
1637865787970,15,Small,200,OK,true,51511,138,11,11,8,0,0
1637865787933,64,Medium,200,OK,true,307513,139,11,11,9,0,0
1637865787956,52,Medium,200,OK,true,307513,139,11,11,7,0,0
1637865787887,124,Medium-Large,200,OK,true,512312,139,11,11,9,0,0
1637865787827,200,Large,200,OK,true,1048891,137,11,11,9,0,0
1637865787948,84,Medium-Large,200,OK,true,512313,139,11,11,6,0,0
1637865788027,30,Small-Medium,200,OK,true,102713,139,11,11,8,0,0
1637865787981,78,Medium,200,OK,true,307513,139,11,11,10,0,0
1637865787836,244,Large,200,OK,true,1048890,137,11,11,9,0,0
1637865787995,85,Medium,200,OK,true,307513,139,11,11,7,0,0
1637865788059,26,Small-Medium,200,OK,true,102713,139,11,11,9,0,0
1637865788080,27,Small-Medium,200,OK,true,102677,139,11,11,9,0,0
1637865788081,30,Small-Medium,200,OK,true,102713,139,11,11,6,0,0
1637865788009,115,Medium-Large,200,OK,true,512313,139,11,11,8,0,0
1637865787922,204,Large,200,OK,true,1048891,137,11,11,8,0,0
1637865787672,459,Large,200,OK,true,1048891,137,11,11,8,0,0
1637865788071,67,Medium,200,OK,true,307513,139,11,11,9,0,0
1637865788138,70,Medium,200,OK,true,307513,139,11,11,10,0,0
1637865787997,213,Large,200,OK,true,1048891,137,11,11,7,0,0
1637865788124,90,Small,200,OK,true,51512,138,11,11,19,0,9
1637865788014,202,Large,200,OK,true,1048891,137,11,11,9,0,0
1637865788124,93,Medium-Large,200,OK,true,512313,139,11,11,8,0,0
1637865788104,119,Medium-Large,200,OK,true,512313,139,11,11,14,0,0
1637865788032,197,Large,200,OK,true,1048891,137,11,11,20,0,0
1637865788126,106,Medium-Large,200,OK,true,512313,139,11,11,13,0,0
1637865788208,26,Small-Medium,200,OK,true,102713,139,11,11,9,0,0
1637865788223,30,Small-Medium,200,OK,true,102713,139,11,11,9,0,0
1637865788232,22,Small-Medium,200,OK,true,102713,139,11,11,8,0,0
1637865788131,124,Medium,200,OK,true,307513,139,11,11,7,0,0
1637865788011,247,Large,200,OK,true,1048890,137,11,11,9,0,0
1637865788216,48,Medium,200,OK,true,307513,139,11,11,9,0,0
1637865788210,87,Medium-Large,200,OK,true,512313,139,11,11,9,0,0
1637865788276,26,Small-Medium,200,OK,true,102713,139,11,11,10,0,0
1637865788264,50,Medium,200,OK,true,307513,139,11,11,7,0,0
1637865788298,24,Small-Medium,200,OK,true,102713,139,11,11,9,0,0
1637865788229,101,Medium-Large,200,OK,true,512313,139,11,11,9,0,0
1637865788314,23,Small-Medium,200,OK,true,102713,139,11,11,7,0,0
1637865788320,25,Small-Medium,200,OK,true,102713,139,11,11,7,0,0
1637865788125,234,Large,200,OK,true,1048891,137,11,11,10,0,0
1637865788258,114,Medium-Large,200,OK,true,512312,139,11,11,11,0,0
1637865788359,19,Small,200,OK,true,51511,138,11,11,10,0,0
1637865788363,19,Small,200,OK,true,51511,138,11,11,11,0,0
1637865788358,25,Small-Medium,200,OK,true,102713,139,11,11,8,0,0
1637865788372,15,Small,200,OK,true,51510,138,11,11,9,0,0
1637865788256,143,Medium,200,OK,true,307513,139,11,11,10,0,0
1637865788217,190,Large,200,OK,true,1048891,137,11,11,10,0,0
1637865788342,79,Medium-Large,200,OK,true,512313,139,11,11,9,0,0
1637865788252,170,Large,200,OK,true,1048891,137,11,11,8,0,0
1637865788408,26,Small,200,OK,true,51511,138,11,11,16,0,0
1637865788408,27,Small-Medium,200,OK,true,102713,139,11,11,14,0,0
1637865788402,54,Medium,200,OK,true,307513,139,11,11,7,0,0
1637865788457,16,Small,200,OK,true,51511,138,11,11,9,0,0
1637865788452,27,Small-Medium,200,OK,true,102713,139,11,11,10,0,0
1637865788422,63,Medium,200,OK,true,307513,139,11,11,8,0,0
1637865788331,174,Large,200,OK,true,1048891,137,11,11,8,0,0
1637865788268,245,Large,200,OK,true,1048891,137,11,11,8,0,0
1637865788452,62,Medium,200,OK,true,307513,139,11,11,9,0,0
1637865788501,14,Small,200,OK,true,51511,138,11,11,8,0,0
1637865788214,304,Large,200,OK,true,1048891,137,11,11,9,0,0
1637865788498,21,Small-Medium,200,OK,true,102713,139,11,11,9,0,0
1637865788403,135,Medium-Large,200,OK,true,512313,139,11,11,7,0,0
1637865788416,125,Medium-Large,200,OK,true,512277,139,11,11,11,0,0
1637865788540,17,Small,200,OK,true,51511,138,12,12,9,0,0
1637865788514,50,Medium,200,OK,true,307513,139,12,12,8,0,0
1637865788538,30,Small-Medium,200,OK,true,102713,139,12,12,7,0,0
1637865788513,69,Medium,200,OK,true,307513,139,12,12,8,0,0
1637865788505,83,Medium-Large,200,OK,true,512313,139,12,12,8,0,0
1637865788518,88,Medium,200,OK,true,307513,139,12,12,9,0,0
1637865788588,20,Small,200,OK,true,51511,138,12,12,11,0,0
1637865788422,209,Large,200,OK,true,1048891,137,12,12,10,0,0
1637865788399,248,Medium-Large,200,OK,true,512313,139,12,12,6,0,0
1637865788564,99,Medium-Large,200,OK,true,512313,139,12,12,6,0,0
1637865788586,80,Medium,200,OK,true,307513,139,12,12,9,0,0
1637865788541,145,Medium-Large,200,OK,true,512314,139,12,12,17,0,8
1637865788486,205,Large,200,OK,true,1048891,137,12,12,16,0,0
1637865788588,110,Medium-Large,200,OK,true,512313,139,12,12,8,0,0
1637865788636,66,Medium,200,OK,true,307513,139,12,12,10,0,0
1637865788686,17,Small,200,OK,true,51511,138,12,12,9,0,0
1637865788606,107,Medium,200,OK,true,307513,139,12,12,8,0,0
1637865788582,132,Medium-Large,200,OK,true,512313,139,12,12,7,0,0
1637865788698,26,Small-Medium,200,OK,true,102712,139,12,12,9,0,0
1637865788631,99,Medium-Large,200,OK,true,512313,139,12,12,10,0,0
1637865788663,70,Medium,200,OK,true,307513,139,12,12,9,0,0
1637865788714,23,Small-Medium,200,OK,true,102713,139,12,12,8,0,0
1637865788555,193,Medium-Large,200,OK,true,512314,139,12,12,15,0,9
1637865788730,18,Small-Medium,200,OK,true,102713,139,12,12,8,0,0
1637865788545,206,Large,200,OK,true,1048891,137,12,12,8,0,0
1637865788748,17,Small,200,OK,true,51511,138,12,12,7,0,0
1637865788763,31,Small-Medium,200,OK,true,102713,139,12,12,8,0,0
1637865788692,102,Medium-Large,200,OK,true,512313,139,12,12,8,0,0
1637865788702,94,Medium-Large,200,OK,true,512313,139,12,12,9,0,0
1637865788733,65,Medium,200,OK,true,307513,139,12,12,10,0,0
1637865788777,23,Small-Medium,200,OK,true,102713,139,12,12,8,0,0
1637865788713,88,Medium,200,OK,true,307513,139,12,12,8,0,0
1637865788647,159,Medium,200,OK,true,307513,139,12,12,16,0,0
1637865788798,9,Small,200,OK,true,51511,138,12,12,8,0,0
1637865788797,17,Small-Medium,200,OK,true,102713,139,12,12,7,0,0
1637865788733,85,Medium-Large,200,OK,true,512313,139,12,12,7,0,0
1637865788811,15,Small,200,OK,true,51511,138,12,12,8,0,0
1637865788818,14,Small,200,OK,true,51511,138,12,12,7,0,0
1637865788801,42,Small-Medium,200,OK,true,102713,139,12,12,12,0,0
1637865788794,51,Medium,200,OK,true,307513,139,12,12,8,0,0
1637865788846,20,Small,200,OK,true,51511,138,12,12,11,0,0
1637865788865,24,Small-Medium,200,OK,true,102713,139,12,12,8,0,0
1637865788894,17,Small,200,OK,true,51511,138,12,12,9,0,0
1637865788666,247,Large,200,OK,true,1048891,137,12,12,12,0,0
1637865788747,169,Large,200,OK,true,1048890,137,12,12,7,0,0
1637865788846,97,Medium-Large,200,OK,true,512313,139,12,12,8,0,0
1637865788751,200,Large,200,OK,true,1048891,137,12,12,9,0,0
1637865788941,18,Small,200,OK,true,51511,138,12,12,8,0,0
1637865788916,117,Medium-Large,200,OK,true,512312,139,12,12,23,0,0
1637865788825,208,Large,200,OK,true,1048891,137,12,12,7,0,0
1637865788797,237,Large,200,OK,true,1048891,137,12,12,7,0,0
1637865788850,184,Medium-Large,200,OK,true,512313,139,12,12,12,0,0
1637865788913,130,Medium-Large,200,OK,true,512313,139,12,12,9,0,0
1637865789033,17,Small,200,OK,true,51510,138,12,12,8,0,0
1637865788914,138,Medium-Large,200,OK,true,512313,139,12,12,9,0,0
1637865788845,212,Large,200,OK,true,1048891,137,12,12,6,0,0
1637865788943,116,Medium-Large,200,OK,true,512313,139,12,12,9,0,0
1637865788951,123,Medium-Large,200,OK,true,512313,139,12,12,10,0,0
1637865789043,44,Small-Medium,200,OK,true,102713,139,12,12,10,0,0
1637865789087,22,Small-Medium,200,OK,true,102712,139,12,12,9,0,0
1637865789052,62,Medium,200,OK,true,307513,139,12,12,9,0,0
1637865788859,262,Large,200,OK,true,1048891,137,12,12,8,0,0
1637865789034,100,Medium,200,OK,true,307513,139,12,12,8,0,0
1637865789114,23,Small-Medium,200,OK,true,102713,139,12,12,7,0,0
1637865789034,108,Medium-Large,200,OK,true,512313,139,12,12,5,0,0
1637865789129,17,Small,200,OK,true,51510,138,12,12,9,0,0
1637865789059,98,Medium-Large,200,OK,true,512313,139,12,12,9,0,0
1637865789142,16,Small,200,OK,true,51511,138,12,12,9,0,0
1637865789034,129,Medium-Large,200,OK,true,512313,139,12,12,10,0,0
1637865789157,22,Small,200,OK,true,51511,138,12,12,13,0,0
1637865788989,203,Large,200,OK,true,1048891,137,12,12,11,0,0
1637865789163,36,Small-Medium,200,OK,true,102713,139,12,12,18,0,0
1637865789092,116,Medium-Large,200,OK,true,512313,139,12,12,10,0,0
1637865789189,20,Small-Medium,200,OK,true,102713,139,12,12,13,0,0
1637865789177,37,Small-Medium,200,OK,true,102712,139,12,12,8,0,0
1637865789192,23,Small-Medium,200,OK,true,102713,139,12,12,11,0,0
1637865789135,81,Medium,200,OK,true,307513,139,12,12,12,0,0
1637865789162,56,Medium,200,OK,true,307513,139,12,12,10,0,0
1637865789208,15,Small,200,OK,true,51511,138,12,12,7,0,0
1637865789057,172,Large,200,OK,true,1048891,137,12,12,8,0,0
1637865789121,114,Medium-Large,200,OK,true,512313,139,12,12,10,0,0
1637865789225,13,Small,200,OK,true,51510,138,12,12,8,0,0
1637865789229,20,Small-Medium,200,OK,true,102713,139,12,12,9,0,0
1637865789074,180,Large,200,OK,true,1048891,137,12,12,12,0,0
1637865789235,27,Small-Medium,200,OK,true,102713,139,12,12,12,0,0
1637865788806,462,Large,200,OK,true,1048891,137,12,12,10,0,0
1637865789257,17,Small,200,OK,true,51511,138,12,12,8,0,0
1637865789211,70,Medium,200,OK,true,307513,139,12,12,11,0,0
1637865789205,83,Medium-Large,200,OK,true,512313,139,12,12,13,0,0
1637865789237,54,Medium,200,OK,true,307513,139,12,12,9,0,0
1637865789218,79,Medium-Large,200,OK,true,512313,139,12,12,12,0,0
1637865789282,15,Small,200,OK,true,51511,138,12,12,7,0,0
1637865789216,82,Medium,200,OK,true,307513,139,12,12,7,0,0
1637865789292,17,Small,200,OK,true,51511,138,12,12,8,0,0
1637865789299,19,Small,200,OK,true,51511,138,12,12,8,0,0
1637865789305,32,Small-Medium,200,OK,true,102713,139,12,12,10,0,0
1637865789288,50,Medium,200,OK,true,307513,139,12,12,9,0,0
1637865789254,95,Medium-Large,200,OK,true,512313,139,12,12,7,0,0
1637865789338,15,Small-Medium,200,OK,true,102713,139,12,12,7,0,0
1637865789340,17,Small,200,OK,true,51511,138,12,12,8,0,0
1637865789349,18,Small,200,OK,true,51511,138,12,12,9,0,0
1637865789272,109,Medium-Large,200,OK,true,512312,139,12,12,7,0,0
1637865789381,23,Small-Medium,200,OK,true,102677,139,12,12,6,0,0
1637865789329,76,Medium,200,OK,true,307513,139,12,12,11,0,0
1637865789388,20,Small,200,OK,true,51511,138,12,12,9,0,0
1637865789387,49,Medium,200,OK,true,307513,139,12,12,7,0,0
1637865789406,30,Small-Medium,200,OK,true,102713,139,12,12,7,0,0
1637865789346,113,Medium,200,OK,true,307513,139,12,12,8,0,0
1637865789396,65,Medium,200,OK,true,307513,139,12,12,11,0,0
1637865789239,233,Large,200,OK,true,1048891,137,12,12,10,0,0
1637865789276,205,Large,200,OK,true,1048891,137,12,12,9,0,0
1637865789436,51,Medium,200,OK,true,307513,139,12,12,8,0,0
1637865789297,201,Large,200,OK,true,1048891,137,12,12,7,0,0
1637865789268,231,Medium-Large,200,OK,true,512313,139,12,12,8,0,0
1637865789473,33,Small-Medium,200,OK,true,102713,139,12,12,10,0,0
1637865789283,261,Large,200,OK,true,1048891,137,12,12,9,0,0
1637865789436,109,Medium-Large,200,OK,true,512313,139,12,12,10,0,0
1637865789459,99,Medium,200,OK,true,307513,139,12,12,9,0,0
1637865789499,59,Small-Medium,200,OK,true,102713,139,12,12,12,0,0
1637865789545,20,Small,200,OK,true,51511,138,12,12,10,0,0
1637865789481,106,Medium-Large,200,OK,true,512313,139,12,12,9,0,0
1637865789559,51,Small-Medium,200,OK,true,102713,139,12,12,10,0,0
1637865789353,262,Large,200,OK,true,1048891,137,12,12,9,0,0
1637865789521,121,Medium-Large,200,OK,true,512313,139,12,12,11,0,0
1637865789429,232,Medium,200,OK,true,307514,139,12,12,18,0,8
1637865789544,117,Medium-Large,200,OK,true,512313,139,12,12,9,0,0
1637865789461,208,Large,200,OK,true,1048891,137,12,12,10,0,0
1637865789454,229,Large,200,OK,true,1048891,137,12,12,8,0,0
1637865789683,18,Small,200,OK,true,51511,138,12,12,9,0,0
1637865789594,108,Medium-Large,200,OK,true,512313,139,12,12,8,0,0
1637865789559,149,Medium-Large,200,OK,true,512313,139,12,12,8,0,0
1637865789661,47,Small-Medium,200,OK,true,102713,139,12,12,9,0,0
1637865789498,214,Large,200,OK,true,1048891,137,12,12,9,0,0
1637865789487,227,Large,200,OK,true,1048891,137,12,12,6,0,0
1637865789708,17,Small,200,OK,true,51511,138,12,12,8,0,0
1637865789662,76,Medium,200,OK,true,307513,139,12,12,11,0,0
1637865789642,109,Medium-Large,200,OK,true,512313,139,12,12,7,0,0
1637865789730,23,Small,200,OK,true,51511,138,12,12,9,0,0
1637865789712,56,Medium,200,OK,true,307513,139,12,12,6,0,0
1637865789751,17,Small,200,OK,true,51511,138,12,12,8,0,0
1637865789738,30,Small-Medium,200,OK,true,102713,139,12,12,6,0,0
1637865789714,63,Medium,200,OK,true,307513,139,12,12,8,0,0
1637865789670,108,Medium-Large,200,OK,true,512313,139,12,12,9,0,0
1637865789768,23,Small-Medium,200,OK,true,102713,139,12,12,7,0,0
1637865789587,204,Large,200,OK,true,1048891,137,12,12,8,0,0
1637865789791,15,Small,200,OK,true,51511,138,12,12,8,0,0
1637865789710,121,Medium,200,OK,true,307513,139,12,12,6,0,0
1637865789777,55,Medium,200,OK,true,307513,139,12,12,6,0,0
1637865789800,41,Small-Medium,200,OK,true,102713,139,12,12,9,0,0
1637865789815,27,Small-Medium,200,OK,true,102713,139,12,12,18,0,0
1637865789757,92,Medium,200,OK,true,307513,139,12,12,9,0,0
1637865789615,249,Large,200,OK,true,1048891,137,12,12,10,0,0
1637865789703,172,Large,200,OK,true,1048891,137,12,12,6,0,0
1637865789864,17,Small-Medium,200,OK,true,102713,139,12,12,7,0,0
1637865789779,124,Medium-Large,200,OK,true,512313,139,12,12,9,0,0
1637865789786,125,Medium-Large,200,OK,true,512313,139,12,12,9,0,0
1637865789903,25,Small-Medium,200,OK,true,102713,139,12,12,7,0,0
1637865789911,18,Small,200,OK,true,51511,138,12,12,8,0,0
1637865789875,60,Medium,200,OK,true,307513,139,12,12,8,0,0
1637865789912,25,Small-Medium,200,OK,true,102713,139,12,12,9,0,0
1637865789849,90,Medium,200,OK,true,307513,139,12,12,9,0,0
1637865789833,113,Medium-Large,200,OK,true,512313,139,12,12,14,0,0
1637865789778,204,Large,200,OK,true,1048891,137,12,12,8,0,0
1637865789951,33,Small-Medium,200,OK,true,102713,139,12,12,9,0,0
1637865789946,59,Medium,200,OK,true,307513,139,12,12,8,0,0
1637865789982,24,Small-Medium,200,OK,true,102713,139,12,12,10,0,0
1637865789999,25,Small-Medium,200,OK,true,102713,139,12,12,8,0,0
1637865789840,194,Large,200,OK,true,1048891,137,12,12,15,0,0
1637865789960,76,Medium,200,OK,true,307513,139,12,12,16,0,0
1637865790032,19,Small,200,OK,true,51511,138,12,12,9,0,0
1637865789610,442,Large,200,OK,true,1048891,137,12,12,10,0,0
1637865789960,96,Medium-Large,200,OK,true,512313,139,12,12,16,0,0
1637865789939,151,Medium-Large,200,OK,true,512313,139,12,12,7,0,0
1637865789864,228,Large,200,OK,true,1048891,137,12,12,9,0,0
1637865789848,257,Large,200,OK,true,1048891,137,12,12,9,0,0
1637865790036,73,Medium,200,OK,true,307513,139,12,12,10,0,0
1637865790105,19,Small,200,OK,true,51511,138,12,12,9,0,0
1637865789935,201,Large,200,OK,true,1048891,137,12,12,5,0,0
1637865790034,105,Medium-Large,200,OK,true,512313,139,12,12,10,0,0
1637865790136,27,Small-Medium,200,OK,true,102713,139,12,12,8,0,0
1637865790047,129,Medium-Large,200,OK,true,512313,139,12,12,7,0,0
1637865790153,24,Small,200,OK,true,51511,138,12,12,9,0,0
1637865790079,101,Medium-Large,200,OK,true,512313,139,12,12,11,0,0
1637865790180,17,Small,200,OK,true,51511,138,12,12,9,0,0
1637865790140,65,Medium,200,OK,true,307513,139,12,12,10,0,0
1637865790005,202,Large,200,OK,true,1048891,137,12,12,8,0,0
1637865790109,113,Medium-Large,200,OK,true,512313,139,12,12,7,0,0
1637865790205,18,Small-Medium,200,OK,true,102713,139,12,12,7,0,0
1637865790090,137,Medium-Large,200,OK,true,512313,139,12,12,8,0,0
1637865790207,24,Small-Medium,200,OK,true,102713,139,12,12,10,0,0
1637865790183,68,Medium,200,OK,true,307513,139,12,12,9,0,0
1637865790056,201,Large,200,OK,true,1048891,137,12,12,9,0,0
1637865790254,19,Small,200,OK,true,51511,138,12,12,9,0,0
1637865790052,224,Medium-Large,200,OK,true,512312,139,12,12,8,0,0
1637865789831,470,Large,200,OK,true,1048891,137,12,12,25,0,0
1637865790227,91,Medium,200,OK,true,307513,139,12,12,6,0,0
1637865790228,100,Medium-Large,200,OK,true,512313,139,12,12,7,0,0
1637865790092,242,Large,200,OK,true,1048891,137,12,12,8,0,0
1637865790328,17,Small,200,OK,true,51511,138,12,12,8,0,0
1637865790252,97,Medium-Large,200,OK,true,512313,139,12,12,6,0,0
1637865790222,128,Medium-Large,200,OK,true,512313,139,12,12,6,0,0
1637865790302,58,Medium,200,OK,true,307513,139,12,12,8,0,0
1637865790377,27,Small-Medium,200,OK,true,102713,139,12,12,8,0,0
1637865790349,58,Medium,200,OK,true,307513,139,12,12,8,0,0
1637865790334,77,Medium,200,OK,true,307513,139,12,12,7,0,0
1637865790176,239,Large,200,OK,true,1048891,137,12,12,7,0,0
1637865790350,69,Medium,200,OK,true,307513,139,12,12,7,0,0
1637865790301,131,Medium,200,OK,true,307513,139,12,12,8,0,0
1637865790255,188,Large,200,OK,true,1048891,137,12,12,6,0,0
1637865790361,84,Medium-Large,200,OK,true,512313,139,12,12,11,0,0
1637865790201,244,Large,200,OK,true,1048891,137,12,12,8,0,0
1637865790257,202,Large,200,OK,true,1048891,137,12,12,11,0,0
1637865790420,41,Small,200,OK,true,51511,138,12,12,33,0,0
1637865790432,30,Small,200,OK,true,51511,138,12,12,21,0,0
1637865790412,66,Medium,200,OK,true,307513,139,12,12,6,0,0
1637865790468,19,Small,200,OK,true,51511,138,12,12,11,0,0
1637865790480,40,Small-Medium,200,OK,true,102713,139,12,12,8,0,0
1637865790460,79,Medium,200,OK,true,307513,139,12,12,11,0,0
1637865790539,16,Small,200,OK,true,51511,138,12,12,8,0,0
1637865790443,113,Medium-Large,200,OK,true,512313,139,12,12,11,0,0
1637865790445,120,Medium-Large,200,OK,true,512313,139,12,12,11,0,0
1637865790445,121,Medium-Large,200,OK,true,512313,139,12,12,12,0,0
1637865790478,115,Medium-Large,200,OK,true,512313,139,12,12,8,0,0
1637865790514,83,Medium,200,OK,true,307513,139,12,12,8,0,0
1637865790566,34,Small-Medium,200,OK,true,102713,139,12,12,9,0,0
1637865790587,14,Small-Medium,200,OK,true,102713,139,12,12,7,0,0
1637865790318,290,Large,200,OK,true,1048891,137,12,12,10,0,0
1637865790556,54,Medium,200,OK,true,307513,139,12,12,8,0,0
1637865790597,14,Small,200,OK,true,51511,138,12,12,7,0,0
1637865790565,55,Medium,200,OK,true,307513,139,12,12,8,0,0
1637865790407,227,Large,200,OK,true,1048891,137,12,12,9,0,0
1637865790426,208,Large,200,OK,true,1048891,137,12,12,6,0,0
1637865790528,124,Medium,200,OK,true,307513,139,12,12,10,0,0
1637865790634,34,Small-Medium,200,OK,true,102713,139,12,12,19,0,0
1637865790610,61,Medium,200,OK,true,307513,139,12,12,7,0,0
1637865790671,17,Small-Medium,200,OK,true,102713,139,12,12,7,0,0
1637865790621,72,Medium,200,OK,true,307513,139,12,12,9,0,0
1637865790634,63,Medium,200,OK,true,307513,139,12,12,16,0,0
1637865790415,282,Large,200,OK,true,1048891,137,12,12,37,0,0
1637865790693,15,Small,200,OK,true,51511,138,12,12,7,0,0
1637865790697,25,Small-Medium,200,OK,true,102713,139,12,12,8,0,0
1637865790593,131,Medium-Large,200,OK,true,512313,139,12,12,7,0,0
1637865790682,56,Medium,200,OK,true,307513,139,12,12,9,0,0
1637865790614,126,Medium-Large,200,OK,true,512313,139,12,12,8,0,0
1637865790635,110,Medium-Large,200,OK,true,512313,139,12,12,16,0,0
1637865790697,54,Medium,200,OK,true,307513,139,12,12,6,0,0
1637865790740,16,Small,200,OK,true,51511,138,12,12,7,0,0
1637865790742,17,Small-Medium,200,OK,true,102713,139,12,12,7,0,0
1637865790652,119,Medium,200,OK,true,307513,139,12,12,10,0,0
1637865790276,497,Large,200,OK,true,1048890,137,12,12,7,0,0
1637865790650,132,Medium-Large,200,OK,true,512313,139,12,12,9,0,0
1637865790745,59,Medium,200,OK,true,307513,139,12,12,7,0,0
1637865790782,22,Small,200,OK,true,51511,138,12,12,9,0,0
1637865790724,81,Medium,200,OK,true,307513,139,12,12,8,0,0
1637865790790,21,Small-Medium,200,OK,true,102713,139,12,12,14,0,0
1637865790751,61,Medium,200,OK,true,307513,139,12,12,10,0,0
1637865790773,54,Small-Medium,200,OK,true,102712,139,12,12,10,0,0
1637865790804,27,Small-Medium,200,OK,true,102713,139,12,12,9,0,0
1637865790746,87,Medium,200,OK,true,307513,139,12,12,9,0,0
1637865790828,23,Small,200,OK,true,51510,138,12,12,7,0,0
1637865790812,59,Medium,200,OK,true,307513,139,12,12,9,0,0
1637865790871,17,Small,200,OK,true,51511,138,12,12,9,0,0
1637865790771,125,Medium,200,OK,true,307513,139,12,12,8,0,0
1637865790831,65,Medium,200,OK,true,307513,139,12,12,7,0,0
1637865790789,107,Medium-Large,200,OK,true,512313,139,12,12,15,0,0
1637865790718,180,Large,200,OK,true,1048891,137,12,12,9,0,0
1637865790838,65,Medium,200,OK,true,307513,139,12,12,9,0,0
1637865790805,113,Medium-Large,200,OK,true,512313,139,12,12,14,0,0
1637865790896,25,Small-Medium,200,OK,true,102713,139,12,12,8,0,0
1637865790608,314,Large,200,OK,true,1048891,137,12,12,7,0,0
1637865790899,24,Small-Medium,200,OK,true,102713,139,12,12,8,0,0
1637865790739,185,Large,200,OK,true,1048891,137,12,12,6,0,0
1637865790918,23,Small-Medium,200,OK,true,102713,139,12,12,6,0,0
1637865790896,49,Small-Medium,200,OK,true,102713,139,12,12,9,0,0
1637865790833,113,Medium-Large,200,OK,true,512313,139,12,12,8,0,0
1637865790852,95,Medium-Large,200,OK,true,512313,139,12,12,9,0,0
1637865790919,45,Medium,200,OK,true,307513,139,12,12,6,0,0
1637865790947,22,Small,200,OK,true,51511,138,12,12,12,0,0
1637865790945,24,Small,200,OK,true,51511,138,12,12,6,0,0
1637865790875,122,Medium,200,OK,true,307512,139,12,12,9,0,0
1637865790922,76,Medium,200,OK,true,307513,139,12,12,8,0,0
1637865790896,103,Medium-Large,200,OK,true,512313,139,12,12,7,0,0
1637865790945,65,Medium,200,OK,true,307513,139,12,12,5,0,0
1637865790996,24,Small-Medium,200,OK,true,102713,139,12,12,8,0,0
1637865790967,55,Medium,200,OK,true,307512,139,12,12,9,0,0
1637865790999,32,Small,200,OK,true,51511,138,12,12,18,0,0
1637865790947,94,Medium-Large,200,OK,true,512313,139,12,12,8,0,0
1637865790947,120,Medium-Large,200,OK,true,512313,139,12,12,6,0,0
1637865790924,190,Large,200,OK,true,1048891,137,12,12,8,0,0
1637865790903,211,Large,200,OK,true,1048891,137,12,12,10,0,0
1637865790994,130,Medium,200,OK,true,307513,139,12,12,7,0,0
1637865791114,19,Small,200,OK,true,51511,138,12,12,11,0,0
1637865791010,126,Medium-Large,200,OK,true,512313,139,12,12,9,0,0
1637865791041,102,Medium-Large,200,OK,true,512313,139,12,12,8,0,0
1637865790998,151,Medium,200,OK,true,307512,139,12,12,10,0,0
1637865791044,111,Medium-Large,200,OK,true,512313,139,12,12,23,0,0
1637865791143,15,Small,200,OK,true,51511,138,12,12,8,0,0
1637865790998,178,Medium-Large,200,OK,true,512313,139,12,12,12,0,0
1637865791155,25,Small-Medium,200,OK,true,102713,139,12,12,8,0,0
1637865791162,25,Small-Medium,200,OK,true,102713,139,12,12,10,0,0
1637865791067,126,Medium-Large,200,OK,true,512313,139,12,12,13,0,0
1637865791176,21,Small,200,OK,true,51511,138,12,12,7,0,0
1637865790965,240,Large,200,OK,true,1048891,137,12,12,8,0,0
1637865791191,15,Small-Medium,200,OK,true,102713,139,12,12,7,0,0
1637865791022,188,Large,200,OK,true,1048890,137,12,12,7,0,0
1637865791124,110,Medium,200,OK,true,307513,139,12,12,9,0,0
1637865791203,54,Medium,200,OK,true,307513,139,12,12,7,0,0
1637865791205,63,Medium,200,OK,true,307513,139,12,12,6,0,0
1637865791210,61,Medium,200,OK,true,307512,139,12,12,10,0,0
1637865791194,77,Medium,200,OK,true,307513,139,12,12,7,0,0
1637865791210,64,Medium,200,OK,true,307513,139,12,12,7,0,0
1637865791047,238,Large,200,OK,true,1048891,137,12,12,20,0,0
1637865791234,58,Small-Medium,200,OK,true,102713,139,12,12,7,0,0
1637865791114,181,Large,200,OK,true,1048891,137,12,12,8,0,0
1637865791257,59,Medium,200,OK,true,307513,139,12,12,8,0,0
1637865791271,61,Medium,200,OK,true,307512,139,12,12,9,0,0
1637865791234,101,Medium,200,OK,true,307513,139,12,12,9,0,0
1637865791316,26,Small-Medium,200,OK,true,102713,139,12,12,8,0,0
1637865791271,84,Medium,200,OK,true,307513,139,12,12,8,0,0
1637865791335,30,Small-Medium,200,OK,true,102713,139,12,12,7,0,0
1637865791136,234,Large,200,OK,true,1048891,137,12,12,7,0,0
1637865791149,236,Medium-Large,200,OK,true,512312,139,12,12,10,0,0
1637865791371,16,Small,200,OK,true,51511,138,12,12,8,0,0
1637865791268,121,Medium-Large,200,OK,true,512313,139,12,12,8,0,0
1637865791293,130,Medium,200,OK,true,307513,139,12,12,7,0,0
1637865791385,51,Small-Medium,200,OK,true,102712,139,12,12,8,0,0
1637865791436,25,Small,200,OK,true,51510,138,12,12,8,0,0
1637865791239,223,Large,200,OK,true,1048891,137,12,12,9,0,0
1637865791423,51,Small-Medium,200,OK,true,102713,139,12,12,9,0,0
1637865791355,131,Medium-Large,200,OK,true,512313,139,12,12,8,0,0
1637865791275,234,Large,200,OK,true,1048890,137,12,12,8,0,0
1637865791295,227,Large,200,OK,true,1048890,137,12,12,7,0,0
1637865791462,61,Medium,200,OK,true,307512,139,12,12,7,0,0
1637865791285,243,Large,200,OK,true,1048891,137,12,12,8,0,0
1637865791487,46,Small-Medium,200,OK,true,102713,139,12,12,14,0,0
1637865791333,205,Large,200,OK,true,1048890,137,12,12,7,0,0
1637865791523,27,Small-Medium,200,OK,true,102712,139,12,12,9,0,0
1637865791535,23,Small,200,OK,true,51511,138,12,12,9,0,0
1637865791523,56,Medium,200,OK,true,307512,139,12,12,6,0,0
1637865791509,74,Medium,200,OK,true,307512,139,12,12,9,0,0
1637865791365,218,Large,200,OK,true,1048891,137,12,12,9,0,0
1637865791579,16,Small-Medium,200,OK,true,102712,139,12,12,7,0,0
1637865791583,15,Small,200,OK,true,51511,138,12,12,8,0,0
1637865791583,16,Small,200,OK,true,51510,138,12,12,9,0,0
1637865791538,62,Medium,200,OK,true,307512,139,12,12,9,0,0
1637865791581,28,Small-Medium,200,OK,true,102713,139,12,12,8,0,0
1637865791474,143,Medium,200,OK,true,307513,139,12,12,8,0,0
1637865791572,48,Medium,200,OK,true,307512,139,12,12,7,0,0
1637865791390,236,Large,200,OK,true,1048891,137,12,12,8,0,0
1637865791601,34,Medium,200,OK,true,307512,139,12,12,6,0,0
1637865791620,18,Small-Medium,200,OK,true,102712,139,12,12,9,0,0
1637865791627,19,Small,200,OK,true,51511,138,12,12,9,0,0
1637865791417,230,Large,200,OK,true,1048891,137,12,12,8,0,0
1637865791617,36,Small-Medium,200,OK,true,102713,139,12,12,6,0,0
1637865791383,286,Large,200,OK,true,1048891,137,12,12,7,0,0
1637865791626,47,Medium,200,OK,true,307512,139,12,12,7,0,0
1637865791631,47,Medium,200,OK,true,307513,139,12,12,11,0,0
1637865791485,208,Medium-Large,200,OK,true,512277,139,12,12,16,0,0
1637865791675,28,Small-Medium,200,OK,true,102712,139,12,12,11,0,0
1637865791674,35,Small-Medium,200,OK,true,102713,139,12,12,9,0,0
1637865791630,84,Medium-Large,200,OK,true,512312,139,12,12,10,0,0
1637865791679,67,Medium,200,OK,true,307513,139,12,12,10,0,0
1637865791669,83,Medium,200,OK,true,307513,139,12,12,7,0,0
1637865791528,228,Large,200,OK,true,1048891,137,12,12,8,0,0
1637865791647,115,Medium-Large,200,OK,true,512313,139,12,12,6,0,0
1637865791631,134,Medium-Large,200,OK,true,512313,139,12,12,10,0,0
1637865791693,72,Small-Medium,200,OK,true,102714,139,12,12,16,0,8
1637865791670,98,Medium-Large,200,OK,true,512312,139,12,12,9,0,0
1637865791753,24,Small,200,OK,true,51511,138,12,12,7,0,0
1637865791765,36,Small-Medium,200,OK,true,102713,139,12,12,11,0,0
1637865791723,84,Medium,200,OK,true,307513,139,12,12,10,0,0
1637865791746,64,Medium,200,OK,true,307513,139,12,12,14,0,0
1637865791756,67,Medium,200,OK,true,307513,139,12,12,8,0,0
1637865791714,115,Medium-Large,200,OK,true,512312,139,12,12,7,0,0
1637865791814,18,Small,200,OK,true,51511,138,12,12,9,0,0
1637865791801,34,Small-Medium,200,OK,true,102713,139,12,12,7,0,0
1637865791723,115,Medium-Large,200,OK,true,512312,139,12,12,9,0,0
1637865791649,198,Large,200,OK,true,1048890,137,12,12,7,0,0
1637865791769,90,Medium-Large,200,OK,true,512312,139,12,12,8,0,0
1637865791859,26,Small-Medium,200,OK,true,102712,139,12,12,8,0,0
1637865791849,42,Small-Medium,200,OK,true,102713,139,12,12,9,0,0
1637865791766,126,Medium-Large,200,OK,true,512313,139,12,12,11,0,0
1637865791829,64,Medium,200,OK,true,307512,139,12,12,7,0,0
1637865791847,66,Medium,200,OK,true,307512,139,12,12,8,0,0
1637865791893,23,Small,200,OK,true,51510,138,12,12,20,0,0
1637865791913,26,Small-Medium,200,OK,true,102712,139,12,12,9,0,0
1637865791897,45,Small-Medium,200,OK,true,102713,139,12,12,16,0,0
1637865791823,133,Medium-Large,200,OK,true,512313,139,12,12,9,0,0
1637865791913,66,Medium,200,OK,true,307477,139,12,12,7,0,0
1637865791862,130,Medium-Large,200,OK,true,512313,139,12,12,9,0,0
1637865791892,112,Medium-Large,200,OK,true,512313,139,12,12,21,0,0
1637865791811,211,Large,200,OK,true,1048891,137,12,12,9,0,0
1637865791762,271,Large,200,OK,true,1048891,137,12,12,9,0,0
1637865792022,17,Small,200,OK,true,51511,138,12,12,10,0,0
1637865791807,243,Large,200,OK,true,1048891,137,12,12,8,0,0
1637865791941,115,Medium-Large,200,OK,true,512312,139,12,12,6,0,0
1637865791838,230,Large,200,OK,true,1048890,137,12,12,9,0,0
1637865791979,90,Small,200,OK,true,51512,138,12,12,18,0,8
1637865792050,25,Small-Medium,200,OK,true,102713,139,12,12,19,0,0
1637865792056,21,Small-Medium,200,OK,true,102712,139,12,12,13,0,0
1637865791946,144,Medium-Large,200,OK,true,512313,139,12,12,7,0,0
1637865792033,69,Medium,200,OK,true,307513,139,12,12,6,0,0
1637865792091,14,Small,200,OK,true,51511,138,12,12,6,0,0
1637865791992,114,Medium-Large,200,OK,true,512313,139,12,12,9,0,0
1637865792069,43,Medium,200,OK,true,307512,139,12,12,6,0,0
1637865792098,14,Small,200,OK,true,51511,138,12,12,7,0,0
1637865792104,10,Small,200,OK,true,51475,138,12,12,8,0,0
1637865791670,447,Large,200,OK,true,1048891,137,12,12,12,0,0
1637865792106,15,Small,200,OK,true,51511,138,12,12,9,0,0
1637865791955,185,Large,200,OK,true,1048890,137,12,12,12,0,0
1637865792139,22,Small,200,OK,true,51511,138,12,12,6,0,0
1637865792069,97,Small-Medium,200,OK,true,102713,139,12,12,9,0,0
1637865792146,24,Small-Medium,200,OK,true,102713,139,12,12,9,0,0
1637865792005,182,Large,200,OK,true,1048891,137,12,12,7,0,0
1637865791956,237,Large,200,OK,true,1048891,137,12,12,13,0,0
1637865792166,28,Small-Medium,200,OK,true,102713,139,12,12,7,0,0
1637865792117,83,Medium-Large,200,OK,true,512312,139,12,12,8,0,0
1637865792102,105,Medium-Large,200,OK,true,512313,139,12,12,8,0,0
1637865792152,56,Small-Medium,200,OK,true,102714,139,12,12,15,0,8
1637865792117,96,Medium,200,OK,true,307513,139,12,12,6,0,0
1637865792200,27,Small-Medium,200,OK,true,102677,139,12,12,9,0,0
1637865792070,159,Large,200,OK,true,1048891,137,12,12,9,0,0
1637865792229,23,Small-Medium,200,OK,true,102713,139,12,12,7,0,0
1637865792187,67,Medium,200,OK,true,307513,139,12,12,8,0,0
1637865792154,108,Medium-Large,200,OK,true,512313,139,12,12,7,0,0
1637865792207,64,Medium,200,OK,true,307513,139,12,12,8,0,0
1637865792248,56,Small-Medium,200,OK,true,102714,139,12,12,14,0,7
1637865792193,115,Medium-Large,200,OK,true,512313,139,12,12,8,0,0
1637865792140,195,Large,200,OK,true,1048855,137,12,12,6,0,0
1637865792208,127,Medium-Large,200,OK,true,512313,139,12,12,9,0,0
1637865792254,81,Medium,200,OK,true,307513,139,12,12,7,0,0
1637865792262,76,Medium,200,OK,true,307513,139,12,12,7,0,0
1637865792277,69,Medium,200,OK,true,307513,139,12,12,9,0,0
1637865792347,25,Small-Medium,200,OK,true,102713,139,12,12,9,0,0
1637865792336,54,Small-Medium,200,OK,true,102714,139,12,12,16,0,7
1637865792308,84,Medium,200,OK,true,307513,139,12,12,15,0,0
1637865792271,130,Medium-Large,200,OK,true,512313,139,12,12,7,0,0
1637865792336,69,Medium,200,OK,true,307513,139,12,12,8,0,0
1637865792214,222,Large,200,OK,true,1048891,137,12,12,10,0,0
1637865792194,260,Large,200,OK,true,1048891,137,12,12,10,0,0
1637865792336,119,Medium-Large,200,OK,true,512313,139,12,12,9,0,0
1637865792187,289,Large,200,OK,true,1048891,137,12,12,6,0,0
1637865792405,77,Medium,200,OK,true,307513,139,12,12,11,0,0
1637865792456,27,Small-Medium,200,OK,true,102713,139,12,12,6,0,0
1637865792390,114,Medium-Large,200,OK,true,512313,139,12,12,8,0,0
1637865792437,80,Medium,200,OK,true,307513,139,12,12,10,0,0
1637865792393,133,Medium-Large,200,OK,true,512313,139,12,12,8,0,0
1637865792504,28,Small-Medium,200,OK,true,102713,139,12,12,8,0,0
1637865792517,17,Small,200,OK,true,51511,138,12,12,8,0,0
1637865792504,65,Medium,200,OK,true,307513,139,12,12,10,0,0
1637865792455,114,Medium-Large,200,OK,true,512313,139,12,12,10,0,0
1637865792339,237,Large,200,OK,true,1048891,137,12,12,8,0,0
1637865792552,25,Small-Medium,200,OK,true,102713,139,12,12,5,0,0
1637865792570,23,Small-Medium,200,OK,true,102713,139,12,12,5,0,0
1637865792213,392,Large,200,OK,true,1048891,137,12,12,8,0,0
1637865792482,127,Medium-Large,200,OK,true,512313,139,12,12,10,0,0
1637865792395,220,Large,200,OK,true,1048891,137,12,12,7,0,0
1637865792616,13,Small,200,OK,true,51511,138,12,12,5,0,0
1637865792565,71,Medium,200,OK,true,307513,139,12,12,6,0,0
1637865792402,239,Large,200,OK,true,1048891,137,12,12,12,0,0
1637865792576,68,Medium,200,OK,true,307513,139,12,12,7,0,0
1637865792304,358,Large,200,OK,true,1048891,137,12,12,20,0,0
1637865792600,68,Medium,200,OK,true,307513,139,12,12,6,0,0
1637865792609,67,Medium,200,OK,true,307513,139,12,12,5,0,0
1637865792606,81,Medium,200,OK,true,307513,139,12,12,6,0,0
1637865792687,19,Small,200,OK,true,51511,138,12,12,6,0,0
1637865792644,77,Medium,200,OK,true,307513,139,12,12,6,0,0
1637865792617,114,Medium-Large,200,OK,true,512313,139,12,12,6,0,0
1637865792668,88,Medium,200,OK,true,307513,139,12,12,7,0,0
1637865792664,99,Medium,200,OK,true,307513,139,12,12,7,0,0
1637865792477,287,Large,200,OK,true,1048891,137,12,12,8,0,0
1637865792526,249,Large,200,OK,true,1048891,137,12,12,7,0,0
1637865792764,16,Small,200,OK,true,51511,138,12,12,8,0,0
1637865792763,23,Small,200,OK,true,51511,138,12,12,8,0,0
1637865792776,14,Small,200,OK,true,51511,138,12,12,7,0,0
1637865792731,72,Medium,200,OK,true,307513,139,12,12,19,0,0
1637865792676,132,Medium-Large,200,OK,true,512313,139,12,12,6,0,0
1637865792569,246,Large,200,OK,true,1048891,137,12,12,6,0,0
1637865792756,72,Medium,200,OK,true,307513,139,12,12,6,0,0
1637865792808,24,Small-Medium,200,OK,true,102713,139,12,12,6,0,0
1637865792812,22,Small,200,OK,true,51511,138,12,12,7,0,0
1637865792828,15,Small,200,OK,true,51511,138,12,12,8,0,0
1637865792721,130,Medium-Large,200,OK,true,512313,139,12,12,7,0,0
1637865792663,213,Large,200,OK,true,1048891,137,12,12,7,0,0
1637865792636,242,Large,200,OK,true,1048891,137,12,12,6,0,0
1637865792735,149,Medium-Large,200,OK,true,512313,139,12,12,15,0,0
1637865792813,89,Medium,200,OK,true,307513,139,12,12,7,0,0
1637865792823,69,Medium,200,OK,true,307513,139,12,12,8,0,0
1637865792876,27,Small-Medium,200,OK,true,102713,139,12,12,7,0,0
1637865792641,262,Large,200,OK,true,1048891,137,12,12,7,0,0
1637865792878,31,Small-Medium,200,OK,true,102713,139,12,12,11,0,0
1637865792851,64,Medium,200,OK,true,307513,139,12,12,7,0,0
1637865792803,113,Medium-Large,200,OK,true,512313,139,12,12,8,0,0
1637865792815,103,Medium-Large,200,OK,true,512313,139,12,12,8,0,0
1637865792902,20,Small,200,OK,true,51511,138,12,12,7,0,0
1637865792884,42,Small-Medium,200,OK,true,102713,139,12,12,18,0,0
1637865792927,14,Small,200,OK,true,51511,138,12,12,7,0,0
1637865792875,68,Medium,200,OK,true,307513,139,12,12,8,0,0
1637865792924,19,Small-Medium,200,OK,true,102713,139,12,12,6,0,0
1637865792856,98,Medium-Large,200,OK,true,512313,139,12,12,8,0,0
1637865792943,13,Small,200,OK,true,51511,138,12,12,6,0,0
1637865792902,66,Medium,200,OK,true,307513,139,12,12,8,0,0
1637865792915,57,Medium,200,OK,true,307513,139,12,12,6,0,0
1637865792968,14,Small,200,OK,true,51511,138,12,12,6,0,0
1637865792860,125,Medium-Large,200,OK,true,512313,139,12,12,7,0,0
1637865792972,23,Small-Medium,200,OK,true,102713,139,12,12,8,0,0
1637865792949,77,Medium,200,OK,true,307513,139,12,12,7,0,0
1637865792974,64,Medium,200,OK,true,307513,139,12,12,8,0,0
1637865792933,127,Medium-Large,200,OK,true,512313,139,12,12,6,0,0
1637865792972,97,Medium-Large,200,OK,true,512313,139,12,12,7,0,0
1637865792985,97,Medium,200,OK,true,307513,139,12,12,6,0,0
1637865793069,15,Small,200,OK,true,51511,138,12,12,9,0,0
1637865793020,78,Medium,200,OK,true,307513,139,12,12,6,0,0
1637865793082,19,Small,200,OK,true,51511,138,12,12,7,0,0
1637865792990,116,Medium-Large,200,OK,true,512313,139,12,12,8,0,0
1637865793026,85,Medium,200,OK,true,307513,139,12,12,6,0,0
1637865792916,209,Large,200,OK,true,1048891,137,12,12,7,0,0
1637865792903,227,Large,200,OK,true,1048891,137,12,12,9,0,0
1637865792918,222,Large,200,OK,true,1048891,137,12,12,7,0,0
1637865793125,15,Small,200,OK,true,51511,138,12,12,7,0,0
1637865793131,20,Small,200,OK,true,51511,138,12,12,9,0,0
1637865793060,107,Medium,200,OK,true,307513,139,12,12,7,0,0
1637865792954,231,Large,200,OK,true,1048891,137,12,12,6,0,0
1637865793167,24,Small,200,OK,true,51511,138,12,12,7,0,0
1637865793116,96,Medium-Large,200,OK,true,512313,139,12,12,7,0,0
1637865793212,25,Small-Medium,200,OK,true,102713,139,12,12,7,0,0
1637865793216,22,Small,200,OK,true,51511,138,12,12,8,0,0
1637865793185,62,Medium,200,OK,true,307513,139,12,12,8,0,0
1637865793130,118,Medium-Large,200,OK,true,512313,139,12,12,7,0,0
1637865793017,233,Large,200,OK,true,1048891,137,12,12,8,0,0
1637865793247,14,Small,200,OK,true,51511,138,12,12,7,0,0
1637865793140,123,Medium-Large,200,OK,true,512313,139,12,12,8,0,0
1637865793250,14,Small,200,OK,true,51511,138,12,12,7,0,0
1637865793038,231,Large,200,OK,true,1048891,137,12,12,7,0,0
1637865793260,12,Small,200,OK,true,51511,138,12,12,6,0,0
1637865793179,95,Medium,200,OK,true,307513,139,12,12,8,0,0
1637865793264,16,Small-Medium,200,OK,true,102713,139,12,12,5,0,0
1637865793269,12,Small,200,OK,true,51511,138,12,12,6,0,0
1637865793264,17,Small,200,OK,true,51511,138,12,12,7,0,0
1637865793174,109,Medium-Large,200,OK,true,512313,139,12,12,8,0,0
1637865793283,15,Small-Medium,200,OK,true,102713,139,12,12,5,0,0
1637865793106,204,Large,200,OK,true,1048891,137,12,12,11,0,0
1637865793295,16,Small-Medium,200,OK,true,102713,139,12,12,5,0,0
1637865793098,213,Large,200,OK,true,1048891,137,12,12,8,0,0
1637865793299,15,Small-Medium,200,OK,true,102712,139,12,12,6,0,0
1637865793311,11,Small,200,OK,true,51511,138,12,12,4,0,0
1637865793316,22,Small-Medium,200,OK,true,102713,139,12,12,7,0,0
1637865793112,231,Large,200,OK,true,1048891,137,12,12,7,0,0
1637865793338,13,Small,200,OK,true,51511,138,12,12,6,0,0
1637865793343,18,Small,200,OK,true,51511,138,12,12,10,0,0
1637865793310,53,Medium,200,OK,true,307513,139,12,12,7,0,0
1637865793364,29,Small-Medium,200,OK,true,102713,139,12,12,7,0,0
1637865793363,62,Medium,200,OK,true,307513,139,12,12,6,0,0
1637865793248,186,Large,200,OK,true,1048891,137,12,12,7,0,0
1637865793343,96,Medium,200,OK,true,307513,139,12,12,6,0,0
1637865793425,17,Small,200,OK,true,51511,138,12,12,8,0,0
1637865793413,34,Small-Medium,200,OK,true,102713,139,12,12,9,0,0
1637865793312,144,Medium-Large,200,OK,true,512313,139,12,12,8,0,0
1637865793308,148,Large,200,OK,true,1048891,137,12,12,3,0,0
1637865793347,113,Medium-Large,200,OK,true,512312,139,12,12,11,0,0
1637865793358,111,Medium-Large,200,OK,true,512313,139,12,12,7,0,0
1637865793456,17,Small-Medium,200,OK,true,102713,139,12,12,7,0,0
1637865793456,20,Small,200,OK,true,51511,138,12,12,6,0,0
1637865793460,23,Small-Medium,200,OK,true,102712,139,12,12,8,0,0
1637865793469,21,Small-Medium,200,OK,true,102713,139,12,12,8,0,0
1637865793379,112,Medium-Large,200,OK,true,512313,139,12,12,8,0,0
1637865793473,19,Small-Medium,200,OK,true,102713,139,12,12,7,0,0
1637865793491,16,Small-Medium,200,OK,true,102713,139,12,12,6,0,0
1637865793461,56,Medium,200,OK,true,307513,139,12,12,8,0,0
1637865793311,207,Large,200,OK,true,1048891,137,12,12,8,0,0
1637865793274,246,Large,200,OK,true,1048891,137,12,12,6,0,0
1637865793509,12,Small,200,OK,true,51510,138,12,12,6,0,0
1637865793434,88,Medium-Large,200,OK,true,512313,139,12,12,7,0,0
1637865793517,23,Small-Medium,200,OK,true,102713,139,12,12,6,0,0
1637865793505,38,Medium,200,OK,true,307513,139,12,12,6,0,0
1637865793517,57,Medium,200,OK,true,307513,139,12,12,4,0,0
1637865793553,21,Small-Medium,200,OK,true,102713,139,12,12,7,0,0
1637865793564,33,Small-Medium,200,OK,true,102713,139,12,12,7,0,0
1637865793391,223,Large,200,OK,true,1048891,137,12,12,7,0,0
1637865793522,118,Medium-Large,200,OK,true,512313,139,12,12,9,0,0
1637865793557,85,Medium,200,OK,true,307512,139,12,12,7,0,0
1637865793520,124,Medium-Large,200,OK,true,512313,139,12,12,8,0,0
1637865793640,16,Small,200,OK,true,51511,138,12,12,9,0,0
1637865793642,16,Small,200,OK,true,51510,138,12,12,8,0,0
1637865793504,162,Medium-Large,200,OK,true,512313,139,12,12,8,0,0
1637865793520,165,Medium-Large,200,OK,true,512313,139,12,12,7,0,0
1637865793439,259,Large,200,OK,true,1048891,137,12,12,8,0,0
1637865793574,128,Medium-Large,200,OK,true,512313,139,12,12,7,0,0
1637865793687,25,Small-Medium,200,OK,true,102713,139,12,12,8,0,0
1637865793689,28,Small-Medium,200,OK,true,102712,139,12,12,8,0,0
1637865793685,34,Small-Medium,200,OK,true,102713,139,12,12,7,0,0
1637865793644,76,Medium,200,OK,true,307513,139,12,12,10,0,0
1637865793613,125,Medium-Large,200,OK,true,512313,139,12,12,8,0,0
1637865793601,146,Large,200,OK,true,1048891,137,12,12,6,0,0
1637865793736,17,Small,200,OK,true,51511,138,12,12,11,0,0
1637865793519,242,Large,200,OK,true,1048891,137,12,12,6,0,0
1637865793738,31,Small-Medium,200,OK,true,102713,139,12,12,11,0,0
1637865793540,235,Large,200,OK,true,1048891,137,12,12,6,0,0
1637865793733,45,Small-Medium,200,OK,true,102713,139,12,12,13,0,0
1637865793698,91,Medium,200,OK,true,307513,139,12,12,9,0,0
1637865793775,20,Small-Medium,200,OK,true,102713,139,12,12,5,0,0
1637865793783,15,Small,200,OK,true,51511,138,12,12,7,0,0
1637865793738,76,Medium,200,OK,true,307512,139,12,12,13,0,0
1637865793747,70,Medium-Large,200,OK,true,512313,139,12,12,7,0,0
1637865793781,36,Small-Medium,200,OK,true,102713,139,12,12,7,0,0
1637865793789,36,Small-Medium,200,OK,true,102713,139,12,12,8,0,0
1637865793817,14,Small-Medium,200,OK,true,102713,139,12,12,6,0,0
1637865793614,241,Large,200,OK,true,1048891,137,12,12,10,0,0
1637865793787,69,Medium,200,OK,true,307513,139,12,12,8,0,0
1637865793762,110,Medium-Large,200,OK,true,512313,139,12,12,8,0,0
1637865793864,24,Small-Medium,200,OK,true,102713,139,12,12,8,0,0
1637865793822,69,Medium,200,OK,true,307513,139,12,12,8,0,0
1637865793702,224,Large,200,OK,true,1048891,137,12,12,8,0,0
1637865793913,16,Small,200,OK,true,51511,138,12,12,8,0,0
1637865793829,104,Medium,200,OK,true,307513,139,12,12,7,0,0
1637865793832,106,Medium-Large,200,OK,true,512313,139,12,12,6,0,0
1637865793873,71,Medium,200,OK,true,307513,139,12,12,7,0,0
1637865793720,231,Large,200,OK,true,1048891,137,12,12,6,0,0
1637865793927,27,Small-Medium,200,OK,true,102713,139,12,12,8,0,0
1637865793666,289,Large,200,OK,true,1048891,137,12,12,7,0,0
1637865793855,108,Medium-Large,200,OK,true,512313,139,12,12,7,0,0
1637865793951,23,Small-Medium,200,OK,true,102713,139,12,12,7,0,0
1637865793838,138,Medium-Large,200,OK,true,512313,139,12,12,8,0,0
1637865793961,25,Small-Medium,200,OK,true,102713,139,12,12,9,0,0
1637865793963,32,Small-Medium,200,OK,true,102713,139,12,12,10,0,0
1637865793891,108,Medium-Large,200,OK,true,512313,139,12,12,7,0,0
1637865793976,26,Small-Medium,200,OK,true,102713,139,12,12,6,0,0
1637865793939,66,Medium,200,OK,true,307513,139,12,12,6,0,0
1637865793944,61,Medium,200,OK,true,307513,139,12,12,8,0,0
1637865794006,20,Small,200,OK,true,51511,138,12,12,18,0,0
1637865793815,217,Large,200,OK,true,1048890,137,12,12,6,0,0
1637865794000,37,Small-Medium,200,OK,true,102713,139,12,12,6,0,0
1637865793955,88,Medium,200,OK,true,307513,139,12,12,7,0,0
1637865794005,39,Small-Medium,200,OK,true,102713,139,12,12,19,0,0
1637865794032,20,Small-Medium,200,OK,true,102677,139,12,12,7,0,0
1637865793999,63,Medium,200,OK,true,307513,139,12,12,4,0,0
1637865794053,23,Small-Medium,200,OK,true,102713,139,12,12,7,0,0
1637865794054,24,Small,200,OK,true,51511,138,12,12,8,0,0
1637865793856,224,Large,200,OK,true,1048891,137,12,12,8,0,0
1637865794100,15,Small,200,OK,true,51511,138,12,12,8,0,0
1637865794081,54,Small,200,OK,true,51512,138,12,12,17,0,8
1637865794011,129,Medium-Large,200,OK,true,512313,139,12,12,22,0,0
1637865794024,128,Medium-Large,200,OK,true,512313,139,12,12,6,0,0
1637865794140,17,Small,200,OK,true,51511,138,12,12,8,0,0
1637865794148,19,Small,200,OK,true,51511,138,12,12,9,0,0
1637865794048,119,Medium-Large,200,OK,true,512313,139,12,12,6,0,0
1637865794153,17,Small,200,OK,true,51511,138,12,12,14,0,0
1637865794009,162,Large,200,OK,true,1048891,137,12,12,15,0,0
1637865794062,113,Medium-Large,200,OK,true,512313,139,12,12,9,0,0
1637865794100,75,Medium,200,OK,true,307513,139,12,12,9,0,0
1637865794171,14,Small,200,OK,true,51511,138,12,12,7,0,0
1637865794175,17,Small-Medium,200,OK,true,102713,139,12,12,5,0,0
1637865794080,113,Medium-Large,200,OK,true,512313,139,12,12,9,0,0
1637865793974,223,Large,200,OK,true,1048891,137,12,12,7,0,0
1637865793933,269,Large,200,OK,true,1048891,137,12,12,6,0,0
1637865794193,20,Small-Medium,200,OK,true,102713,139,12,12,5,0,0
1637865794135,80,Medium-Large,200,OK,true,512313,139,12,12,7,0,0
1637865794215,13,Small,200,OK,true,51511,138,12,12,6,0,0
1637865794223,15,Small,200,OK,true,51511,138,12,12,7,0,0
1637865794187,67,Medium,200,OK,true,307513,139,12,12,6,0,0
1637865794241,21,Small-Medium,200,OK,true,102713,139,12,12,7,0,0
1637865794196,68,Medium,200,OK,true,307513,139,12,12,6,0,0
1637865794264,26,Small-Medium,200,OK,true,102713,139,12,12,8,0,0
1637865794197,111,Medium-Large,200,OK,true,512313,139,12,12,7,0,0
1637865794289,24,Small-Medium,200,OK,true,102713,139,12,12,9,0,0
1637865794043,272,Large,200,OK,true,1048891,137,12,12,7,0,0
1637865794254,69,Medium,200,OK,true,307513,139,12,12,7,0,0
1637865794308,16,Small,200,OK,true,51511,138,12,12,8,0,0
1637865794263,63,Medium,200,OK,true,307513,139,12,12,8,0,0
1637865794270,70,Medium,200,OK,true,307513,139,12,12,11,0,0
1637865794202,140,Medium-Large,200,OK,true,512313,139,12,12,9,0,0
1637865794326,20,Small-Medium,200,OK,true,102713,139,12,12,8,0,0
1637865794315,34,Small-Medium,200,OK,true,102713,139,12,12,8,0,0
1637865794340,15,Small,200,OK,true,51511,138,12,12,8,0,0
1637865794343,19,Small,200,OK,true,51511,138,12,12,6,0,0
1637865794219,146,Large,200,OK,true,1048891,137,12,12,7,0,0
1637865794355,20,Small-Medium,200,OK,true,102713,139,12,12,7,0,0
1637865794365,14,Small-Medium,200,OK,true,102713,139,12,12,6,0,0
1637865794312,67,Medium,200,OK,true,307513,139,12,12,8,0,0
1637865794167,215,Large,200,OK,true,1048891,137,12,12,6,0,0
1637865794382,12,Small,200,OK,true,51511,138,12,12,6,0,0
1637865794175,220,Large,200,OK,true,1048891,137,12,12,7,0,0
1637865794337,62,Medium,200,OK,true,307513,139,12,12,6,0,0
1637865794390,13,Small,200,OK,true,51511,138,12,12,7,0,0
1637865794201,209,Large,200,OK,true,1048891,137,12,12,8,0,0
1637865794396,21,Small-Medium,200,OK,true,102713,139,12,12,7,0,0
1637865794323,110,Medium-Large,200,OK,true,512313,139,12,12,7,0,0
1637865794433,17,Small,200,OK,true,51511,138,12,12,8,0,0
1637865794433,18,Small,200,OK,true,51511,138,12,12,9,0,0
1637865794374,78,Medium-Large,200,OK,true,512313,139,12,12,6,0,0
1637865794437,23,Small,200,OK,true,51511,138,12,12,9,0,0
1637865794414,50,Medium,200,OK,true,307513,139,12,12,19,0,0
1637865794452,16,Small-Medium,200,OK,true,102713,139,12,12,8,0,0
1637865794404,71,Medium,200,OK,true,307513,139,12,12,8,0,0
1637865794410,77,Medium,200,OK,true,307513,139,12,12,5,0,0
1637865794388,104,Medium-Large,200,OK,true,512313,139,12,12,6,0,0
1637865794476,21,Small-Medium,200,OK,true,102713,139,12,12,6,0,0
1637865794481,16,Small,200,OK,true,51511,138,12,12,9,0,0
1637865794477,21,Small-Medium,200,OK,true,102713,139,12,12,7,0,0
1637865794464,41,Medium,200,OK,true,307513,139,12,12,8,0,0
1637865794363,146,Medium-Large,200,OK,true,512313,139,12,12,7,0,0
1637865794486,26,Small-Medium,200,OK,true,102713,139,12,12,8,0,0
1637865794444,68,Medium,200,OK,true,307513,139,12,12,8,0,0
1637865794399,114,Medium-Large,200,OK,true,512313,139,12,12,8,0,0
1637865794512,14,Small,200,OK,true,51511,138,12,12,7,0,0
1637865794509,24,Small-Medium,200,OK,true,102713,139,12,12,4,0,0
1637865794487,65,Medium,200,OK,true,307513,139,12,12,8,0,0
1637865794500,68,Medium-Large,200,OK,true,512313,139,13,13,6,0,0
1637865794513,75,Medium,200,OK,true,307513,139,13,13,5,0,0
1637865794569,24,Small-Medium,200,OK,true,102713,139,13,13,16,0,0
1637865794379,216,Large,200,OK,true,1048891,137,13,13,7,0,0
1637865794492,105,Medium-Large,200,OK,true,512313,139,13,13,7,0,0
1637865794524,76,Medium,200,OK,true,307513,139,13,13,7,0,0
1637865794512,90,Medium-Large,200,OK,true,512313,139,13,13,9,0,0
1637865794526,81,Medium,200,OK,true,307513,139,13,13,7,0,0
1637865794589,20,Small,200,OK,true,51511,138,13,13,6,0,0
1637865794556,55,Small,200,OK,true,51512,138,13,13,29,0,12
1637865794595,19,Small,200,OK,true,51511,138,13,13,10,0,0
1637865794600,20,Small-Medium,200,OK,true,102713,139,13,13,7,0,0
1637865794607,24,Small,200,OK,true,51511,138,13,13,17,0,0
1637865794611,26,Small,200,OK,true,51511,138,13,13,13,0,0
1637865794621,20,Small-Medium,200,OK,true,102713,139,13,13,7,0,0
1637865794598,53,Medium,200,OK,true,307513,139,13,13,6,0,0
1637865794559,114,Medium-Large,200,OK,true,512313,139,13,13,11,0,0
1637865794674,30,Small-Medium,200,OK,true,102713,139,13,13,10,0,0
1637865794646,67,Medium,200,OK,true,307513,139,13,13,8,0,0
1637865794553,166,Medium-Large,200,OK,true,512313,139,13,13,11,0,0
1637865794713,16,Small,200,OK,true,51511,138,13,13,7,0,0
1637865794660,73,Medium,200,OK,true,307513,139,13,13,8,0,0
1637865794530,234,Large,200,OK,true,1048891,137,13,13,8,0,0
1637865794651,116,Medium-Large,200,OK,true,512313,139,13,13,8,0,0
1637865794673,115,Medium-Large,200,OK,true,512313,139,13,13,10,0,0
1637865794603,195,Large,200,OK,true,1048891,137,13,13,9,0,0
1637865794765,35,Small-Medium,200,OK,true,102713,139,13,13,9,0,0
1637865794788,39,Small-Medium,200,OK,true,102713,139,13,13,8,0,0
1637865794725,118,Medium-Large,200,OK,true,512313,139,13,13,9,0,0
1637865794663,192,Medium-Large,200,OK,true,512313,139,13,13,8,0,0
1637865794719,145,Medium-Large,200,OK,true,512313,139,13,13,8,0,0
1637865794652,239,Large,200,OK,true,1048891,137,13,13,10,0,0
1637865794640,252,Large,200,OK,true,1048891,137,13,13,7,0,0
1637865794764,132,Medium-Large,200,OK,true,512313,139,13,13,8,0,0
1637865794767,129,Medium-Large,200,OK,true,512313,139,13,13,9,0,0
1637865794891,16,Small,200,OK,true,51511,138,13,13,7,0,0
1637865794897,18,Small,200,OK,true,51511,138,13,13,10,0,0
1637865794892,31,Small-Medium,200,OK,true,102713,139,13,13,6,0,0
1637865794534,403,Large,200,OK,true,1048891,137,13,13,7,0,0
1637865794843,95,Medium-Large,200,OK,true,512313,139,13,13,8,0,0
1637865794826,113,Medium-Large,200,OK,true,512313,139,13,13,7,0,0
1637865794556,397,Large,200,OK,true,1048891,137,13,13,13,0,0
1637865794939,14,Small,200,OK,true,51511,138,13,13,6,0,0
1637865794942,16,Small,200,OK,true,51511,138,13,13,8,0,0
1637865794733,228,Large,200,OK,true,1048891,137,13,13,8,0,0
1637865794939,24,Small,200,OK,true,51511,138,13,13,9,0,0
1637865794944,22,Small,200,OK,true,51511,138,13,13,8,0,0
1637865794799,190,Large,200,OK,true,1048891,137,13,13,7,0,0
1637865794996,14,Small,200,OK,true,51511,138,13,13,6,0,0
1637865794989,22,Small,200,OK,true,51511,138,13,13,14,0,0
1637865794991,21,Small,200,OK,true,51511,138,13,13,13,0,0
1637865794995,22,Small-Medium,200,OK,true,102713,139,13,13,5,0,0
1637865794953,68,Medium,200,OK,true,307513,139,13,13,7,0,0
1637865794962,61,Medium,200,OK,true,307513,139,13,13,13,0,0
1637865795021,18,Small-Medium,200,OK,true,102713,139,13,13,5,0,0
1637865794949,93,Medium-Large,200,OK,true,512313,139,13,13,8,0,0
1637865794840,215,Large,200,OK,true,1048891,137,13,13,10,0,0
1637865795042,16,Small-Medium,200,OK,true,102713,139,13,13,6,0,0
1637865795023,64,Medium,200,OK,true,307513,139,13,13,4,0,0
1637865794896,217,Large,200,OK,true,1048891,137,13,13,9,0,0
1637865795055,68,Medium,200,OK,true,307513,139,13,13,11,0,0
1637865795123,19,Small,200,OK,true,51511,138,13,13,10,0,0
1637865794864,295,Large,200,OK,true,1048891,137,13,13,7,0,0
1637865795044,117,Medium-Large,200,OK,true,512313,139,13,13,7,0,0
1637865795047,117,Medium-Large,200,OK,true,512313,139,13,13,9,0,0
1637865795165,17,Small,200,OK,true,51511,138,13,13,8,0,0
1637865794855,333,Large,200,OK,true,1048891,137,13,13,10,0,0
1637865795093,102,Medium-Large,200,OK,true,512313,139,13,13,9,0,0
1637865795159,36,Small-Medium,200,OK,true,102713,139,13,13,7,0,0
1637865795174,31,Small-Medium,200,OK,true,102713,139,13,13,10,0,0
1637865794993,217,Large,200,OK,true,1048891,137,13,13,9,0,0
1637865795087,125,Medium-Large,200,OK,true,512313,139,13,13,9,0,0
1637865795114,107,Medium-Large,200,OK,true,512313,139,13,13,8,0,0
1637865795211,16,Small,200,OK,true,51511,138,13,13,7,0,0
1637865795215,17,Small,200,OK,true,51511,138,13,13,9,0,0
1637865795211,36,Small-Medium,200,OK,true,102713,139,13,13,6,0,0
1637865795161,95,Medium-Large,200,OK,true,512313,139,13,13,8,0,0
1637865795042,225,Large,200,OK,true,1048891,137,13,13,4,0,0
1637865795073,205,Medium-Large,200,OK,true,512313,139,13,13,8,0,0
1637865795262,17,Small,200,OK,true,51511,138,13,13,8,0,0
1637865795188,94,Medium,200,OK,true,307513,139,13,13,7,0,0
1637865795267,18,Small,200,OK,true,51511,138,13,13,9,0,0
1637865794937,358,Large,200,OK,true,1048891,137,13,13,7,0,0
1637865795047,255,Large,200,OK,true,1048891,137,13,13,8,0,0
1637865795263,39,Small-Medium,200,OK,true,102713,139,13,13,8,0,0
1637865795256,47,Medium,200,OK,true,307513,139,13,13,7,0,0
1637865795308,17,Small-Medium,200,OK,true,102713,139,13,13,8,0,0
1637865795295,35,Small-Medium,200,OK,true,102713,139,13,13,8,0,0
1637865795319,16,Small,200,OK,true,51511,138,13,13,8,0,0
1637865795221,115,Medium-Large,200,OK,true,512313,139,13,13,8,0,0
1637865795267,75,Medium,200,OK,true,307513,139,13,13,8,0,0
1637865795315,31,Small-Medium,200,OK,true,102713,139,13,13,9,0,0
1637865795195,160,Large,200,OK,true,1048891,137,13,13,8,0,0
1637865795342,23,Small-Medium,200,OK,true,102713,139,13,13,8,0,0
1637865795356,16,Small-Medium,200,OK,true,102713,139,13,13,7,0,0
1637865795278,95,Medium,200,OK,true,307513,139,13,13,8,0,0
1637865795360,15,Small,200,OK,true,51511,138,13,13,8,0,0
1637865795373,32,Small-Medium,200,OK,true,102713,139,13,13,7,0,0
1637865795302,117,Medium-Large,200,OK,true,512313,139,13,13,6,0,0
1637865795400,24,Small,200,OK,true,51511,138,13,13,8,0,0
1637865795314,113,Medium-Large,200,OK,true,512313,139,13,13,9,0,0
1637865795282,150,Medium-Large,200,OK,true,512313,139,13,13,8,0,0
1637865795428,17,Small,200,OK,true,51511,138,13,13,8,0,0
1637865795212,236,Large,200,OK,true,1048891,137,13,13,8,0,0
1637865795432,40,Small-Medium,200,OK,true,102713,139,13,13,9,0,0
1637865795412,65,Medium,200,OK,true,307513,139,13,13,8,0,0
1637865795227,251,Large,200,OK,true,1048891,137,13,13,19,0,0
1637865795477,16,Small,200,OK,true,51511,138,13,13,7,0,0
1637865795347,153,Medium-Large,200,OK,true,512313,139,13,13,7,0,0
1637865795478,25,Small-Medium,200,OK,true,102713,139,13,13,9,0,0
1637865795408,111,Medium-Large,200,OK,true,512313,139,13,13,10,0,0
1637865795500,21,Small,200,OK,true,51511,138,13,13,6,0,0
1637865795420,106,Medium-Large,200,OK,true,512313,139,13,13,7,0,0
1637865795479,83,Medium,200,OK,true,307513,139,13,13,13,0,0
1637865795448,115,Medium-Large,200,OK,true,512313,139,13,13,9,0,0
1637865795336,239,Large,200,OK,true,1048891,137,13,13,8,0,0
1637865795563,18,Small,200,OK,true,51511,138,13,13,10,0,0
1637865795371,218,Large,200,OK,true,1048891,137,13,13,8,0,0
1637865795589,23,Small-Medium,200,OK,true,102713,139,13,13,8,0,0
1637865795527,116,Medium-Large,200,OK,true,512313,139,13,13,8,0,0
1637865795367,282,Large,200,OK,true,1048891,137,13,13,8,0,0
1637865795530,123,Medium-Large,200,OK,true,512313,139,13,13,9,0,0
1637865795484,201,Medium-Large,200,OK,true,512313,139,13,13,10,0,0
1637865795446,247,Large,200,OK,true,1048891,137,13,13,9,0,0
1637865795551,149,Medium,200,OK,true,307513,139,13,13,9,0,0
1637865795685,34,Small,200,OK,true,51511,138,13,13,10,0,0
1637865795694,31,Small-Medium,200,OK,true,102713,139,13,13,8,0,0
1637865795520,211,Large,200,OK,true,1048890,137,13,13,7,0,0
1637865795641,92,Medium,200,OK,true,307513,139,13,13,9,0,0
1637865795530,214,Large,200,OK,true,1048891,137,13,13,10,0,0
1637865795653,92,Medium,200,OK,true,307513,139,13,13,16,0,0
1637865795617,129,Medium-Large,200,OK,true,512313,139,13,13,6,0,0
1637865795649,104,Medium,200,OK,true,307513,139,13,13,20,0,0
1637865795700,55,Small-Medium,200,OK,true,102713,139,13,13,7,0,0
1637865795732,24,Small-Medium,200,OK,true,102712,139,13,13,9,0,0
1637865795744,15,Small,200,OK,true,51511,138,13,13,7,0,0
1637865795745,15,Small,200,OK,true,51511,138,13,13,7,0,0
1637865795562,231,Large,200,OK,true,1048891,137,13,13,9,0,0
1637865795733,77,Medium,200,OK,true,307513,139,13,13,10,0,0
1637865795425,400,Large,200,OK,true,1048891,137,13,13,10,0,0
1637865795795,30,Small-Medium,200,OK,true,102713,139,13,13,9,0,0
1637865795575,253,Large,200,OK,true,1048891,137,13,13,8,0,0
1637865795797,35,Small-Medium,200,OK,true,102713,139,13,13,10,0,0
1637865795784,61,Medium,200,OK,true,307512,139,13,13,7,0,0
1637865795848,17,Small,200,OK,true,51511,138,13,13,8,0,0
1637865795746,121,Medium-Large,200,OK,true,512313,139,13,13,9,0,0
1637865795849,24,Small,200,OK,true,51511,138,13,13,9,0,0
1637865795644,241,Large,200,OK,true,1048891,137,13,13,8,0,0
1637865795811,74,Medium,200,OK,true,307513,139,13,13,12,0,0
1637865795746,139,Medium-Large,200,OK,true,512313,139,13,13,7,0,0
1637865795738,153,Medium-Large,200,OK,true,512313,139,13,13,8,0,0
1637865795829,66,Medium,200,OK,true,307513,139,13,13,7,0,0
1637865795845,52,Medium,200,OK,true,307512,139,13,13,7,0,0
1637865795886,13,Small,200,OK,true,51511,138,13,13,6,0,0
1637865795793,107,Medium-Large,200,OK,true,512313,139,13,13,6,0,0
1637865795755,153,Medium-Large,200,OK,true,512313,139,13,13,8,0,0
1637865795885,30,Small-Medium,200,OK,true,102713,139,13,13,9,0,0
1637865795901,17,Small,200,OK,true,51511,138,13,13,9,0,0
1637865795900,22,Small-Medium,200,OK,true,102713,139,13,13,7,0,0
1637865795867,72,Medium,200,OK,true,307513,139,13,13,8,0,0
1637865795897,43,Medium,200,OK,true,307512,139,13,13,7,0,0
1637865795937,12,Small,200,OK,true,51511,138,13,13,6,0,0
1637865795937,13,Small,200,OK,true,51511,138,13,13,7,0,0
1637865795953,23,Small-Medium,200,OK,true,102713,139,13,13,8,0,0
1637865795908,85,Medium,200,OK,true,307513,139,13,13,9,0,0
1637865795896,114,Medium-Large,200,OK,true,512313,139,13,13,5,0,0
1637865795900,125,Medium-Large,200,OK,true,512313,139,13,13,9,0,0
1637865795753,275,Large,200,OK,true,1048891,137,13,13,8,0,0
1637865796004,31,Small-Medium,200,OK,true,102713,139,13,13,8,0,0
1637865795993,49,Small-Medium,200,OK,true,102713,139,13,13,11,0,0
1637865795952,104,Medium-Large,200,OK,true,512313,139,13,13,9,0,0
1637865795939,121,Medium-Large,200,OK,true,512313,139,13,13,7,0,0
1637865796025,91,Medium,200,OK,true,307513,139,13,13,9,0,0
1637865795989,145,Medium-Large,200,OK,true,512313,139,13,13,9,0,0
1637865795950,188,Large,200,OK,true,1048890,137,13,13,6,0,0
1637865795885,253,Large,200,OK,true,1048891,137,13,13,7,0,0
1637865796116,34,Small-Medium,200,OK,true,102713,139,13,13,8,0,0
1637865796138,16,Small,200,OK,true,51511,138,13,13,8,0,0
1637865796138,17,Small,200,OK,true,51510,138,13,13,9,0,0
1637865796011,147,Medium-Large,200,OK,true,512313,139,13,13,8,0,0
1637865796045,126,Medium,200,OK,true,307513,139,13,13,9,0,0
1637865795825,359,Large,200,OK,true,1048891,137,13,13,7,0,0
1637865795891,346,Large,200,OK,true,1048891,137,13,13,8,0,0
1637865795990,267,Large,200,OK,true,1048891,137,13,13,10,0,0
1637865796056,210,Large,200,OK,true,1048891,137,13,13,7,0,0
1637865796257,18,Small,200,OK,true,51511,138,13,13,9,0,0
1637865796266,16,Small,200,OK,true,51511,138,13,13,9,0,0
1637865796238,45,Small-Medium,200,OK,true,102713,139,13,13,8,0,0
1637865796158,130,Medium-Large,200,OK,true,512313,139,13,13,6,0,0
1637865796061,241,Large,200,OK,true,1048891,137,13,13,7,0,0
1637865796057,266,Large,200,OK,true,1048891,137,13,13,10,0,0
1637865796028,334,Large,200,OK,true,1048891,137,13,13,8,0,0
1637865796135,248,Large,200,OK,true,1048891,137,13,13,7,0,0
1637865796362,23,Small,200,OK,true,51511,138,13,13,9,0,0
1637865796302,84,Medium,200,OK,true,307513,139,13,13,9,0,0
1637865796386,26,Small-Medium,200,OK,true,102713,139,13,13,8,0,0
1637865796288,129,Medium-Large,200,OK,true,512313,139,13,13,7,0,0
1637865796191,230,Large,200,OK,true,1048890,137,13,13,12,0,0
1637865796168,255,Large,200,OK,true,1048891,137,13,13,9,0,0
1637865796310,118,Medium-Large,200,OK,true,512313,139,13,13,7,0,0
1637865796417,15,Small,200,OK,true,51511,138,13,13,8,0,0
1637865796421,14,Small,200,OK,true,51510,138,13,13,7,0,0
1637865796191,254,Large,200,OK,true,1048891,137,13,13,8,0,0
1637865796324,124,Medium-Large,200,OK,true,512313,139,13,13,9,0,0
1637865796438,29,Small-Medium,200,OK,true,102713,139,13,13,7,0,0
1637865796445,23,Small-Medium,200,OK,true,102713,139,13,13,8,0,0
1637865796448,23,Small-Medium,200,OK,true,102713,139,13,13,9,0,0
1637865796423,71,Medium,200,OK,true,307513,139,13,13,6,0,0
1637865796485,14,Small-Medium,200,OK,true,102677,139,13,13,6,0,0
1637865796384,121,Medium-Large,200,OK,true,512313,139,13,13,9,0,0
1637865796318,189,Large,200,OK,true,1048891,137,13,13,8,0,0
1637865796171,359,Large,200,OK,true,1048891,137,13,13,9,0,0
1637865796428,122,Medium-Large,200,OK,true,512313,139,13,13,8,0,0
1637865796490,73,Medium,200,OK,true,307513,139,13,13,7,0,0
1637865796550,15,Small,200,OK,true,51511,138,13,13,8,0,0
1637865796500,84,Medium,200,OK,true,307513,139,13,13,9,0,0
1637865796494,110,Medium-Large,200,OK,true,512313,139,13,13,8,0,0
1637865796184,421,Large,200,OK,true,1048891,137,13,13,7,0,0
1637865796496,109,Medium-Large,200,OK,true,512313,139,13,13,9,0,0
1637865796507,101,Medium-Large,200,OK,true,512313,139,13,13,8,0,0
1637865796605,17,Small,200,OK,true,51511,138,13,13,9,0,0
1637865796506,122,Medium-Large,200,OK,true,512313,139,13,13,10,0,0
1637865796605,34,Small,200,OK,true,51511,138,13,13,11,0,0
1637865796608,31,Small-Medium,200,OK,true,102713,139,13,13,9,0,0
1637865796289,377,Large,200,OK,true,1048891,137,13,13,8,0,0
1637865796413,268,Large,200,OK,true,1048891,137,13,13,8,0,0
1637865796667,24,Small,200,OK,true,51511,138,13,13,8,0,0
1637865796585,111,Medium-Large,200,OK,true,512313,139,13,13,7,0,0
1637865796468,243,Large,200,OK,true,1048891,137,13,13,17,0,0
1637865796602,109,Medium-Large,200,OK,true,512313,139,13,13,6,0,0
1637865796530,192,Medium-Large,200,OK,true,512313,139,13,13,8,0,0
1637865796659,68,Medium,200,OK,true,307513,139,13,13,8,0,0
1637865796712,26,Small-Medium,200,OK,true,102713,139,13,13,8,0,0
1637865796525,226,Medium-Large,200,OK,true,512314,139,13,13,16,0,8
1637865796656,117,Medium-Large,200,OK,true,512313,139,13,13,8,0,0
1637865796751,22,Small,200,OK,true,51511,138,13,13,7,0,0
1637865796727,56,Medium,200,OK,true,307513,139,13,13,8,0,0
1637865796563,231,Large,200,OK,true,1048891,137,13,13,9,0,0
1637865796783,16,Small,200,OK,true,51511,138,13,13,8,0,0
1637865796681,149,Medium-Large,200,OK,true,512313,139,13,13,10,0,0
1637865796719,115,Medium,200,OK,true,307513,139,13,13,8,0,0
1637865796604,232,Large,200,OK,true,1048891,137,13,13,8,0,0
1637865796657,204,Medium-Large,200,OK,true,512313,139,13,13,11,0,0
1637865796628,249,Large,200,OK,true,1048891,137,13,13,11,0,0
1637865796861,22,Small,200,OK,true,51511,138,13,13,7,0,0
1637865796877,23,Small,200,OK,true,51511,138,13,13,8,0,0
1637865796836,86,Medium,200,OK,true,307513,139,13,13,11,0,0
1637865796794,131,Medium-Large,200,OK,true,512313,139,13,13,7,0,0
1637865796722,207,Medium-Large,200,OK,true,512313,139,13,13,9,0,0
1637865796834,100,Medium-Large,200,OK,true,512313,139,13,13,11,0,0
1637865796922,15,Small,200,OK,true,51511,138,13,13,8,0,0
1637865796712,237,Large,200,OK,true,1048891,137,13,13,9,0,0
1637865796925,24,Small-Medium,200,OK,true,102713,139,13,13,8,0,0
1637865796696,257,Large,200,OK,true,1048891,137,13,13,9,0,0
1637865796803,153,Medium-Large,200,OK,true,512313,139,13,13,7,0,0
1637865796953,31,Small-Medium,200,OK,true,102713,139,13,13,8,0,0
1637865796956,39,Small-Medium,200,OK,true,102713,139,13,13,7,0,0
1637865796978,23,Small,200,OK,true,51511,138,13,13,8,0,0
1637865796934,75,Medium-Large,200,OK,true,512313,139,13,13,9,0,0
1637865796764,246,Large,200,OK,true,1048891,137,13,13,8,0,0
1637865796773,239,Large,200,OK,true,1048891,137,13,13,8,0,0
1637865796930,114,Medium,200,OK,true,307513,139,13,13,7,0,0
1637865796929,134,Medium-Large,200,OK,true,512313,139,13,13,7,0,0
1637865796949,121,Medium-Large,200,OK,true,512313,139,13,13,7,0,0
1637865797010,65,Medium,200,OK,true,307513,139,13,13,5,0,0
1637865796912,166,Medium-Large,200,OK,true,512313,139,13,13,8,0,0
1637865797070,17,Small,200,OK,true,51511,138,13,13,6,0,0
1637865796975,126,Medium-Large,200,OK,true,512313,139,13,13,8,0,0
1637865796831,292,Large,200,OK,true,1048891,137,13,13,7,0,0
1637865797121,17,Small,200,OK,true,51511,138,13,13,8,0,0
1637865797005,141,Medium-Large,200,OK,true,512313,139,13,13,7,0,0
1637865797075,73,Medium,200,OK,true,307513,139,13,13,6,0,0
1637865797011,142,Medium-Large,200,OK,true,512313,139,13,13,7,0,0
1637865797146,11,Small,200,OK,true,51511,138,13,13,6,0,0
1637865797123,36,Small-Medium,200,OK,true,102713,139,13,13,6,0,0
1637865797033,133,Medium-Large,200,OK,true,512313,139,13,13,8,0,0
1637865796834,336,Large,200,OK,true,1048891,137,13,13,9,0,0
1637865797101,71,Medium,200,OK,true,307513,139,13,13,7,0,0
1637865797044,144,Medium-Large,200,OK,true,512313,139,13,13,6,0,0
1637865797197,14,Small,200,OK,true,51511,138,13,13,6,0,0
1637865797078,141,Medium-Large,200,OK,true,512313,139,13,13,7,0,0
1637865797188,33,Small-Medium,200,OK,true,102713,139,13,13,6,0,0
1637865797153,73,Medium,200,OK,true,307513,139,13,13,6,0,0
1637865797219,17,Small,200,OK,true,51511,138,13,13,6,0,0
1637865797149,101,Medium-Large,200,OK,true,512313,139,13,13,5,0,0
1637865797226,27,Small-Medium,200,OK,true,102713,139,13,13,7,0,0
1637865797013,255,Large,200,OK,true,1048891,137,13,13,6,0,0
1637865797008,287,Large,200,OK,true,1048891,137,13,13,5,0,0
1637865797174,133,Medium-Large,200,OK,true,512313,139,13,13,7,0,0
1637865797171,141,Medium-Large,200,OK,true,512313,139,13,13,6,0,0
1637865797063,264,Large,200,OK,true,1048891,137,13,13,6,0,0
1637865797175,153,Medium-Large,200,OK,true,512313,139,13,13,5,0,0
1637865797250,78,Medium,200,OK,true,307513,139,13,13,6,0,0
1637865797327,18,Small,200,OK,true,51511,138,13,13,7,0,0
1637865797268,85,Medium,200,OK,true,307513,139,13,13,6,0,0
1637865797328,29,Small-Medium,200,OK,true,102713,139,13,13,8,0,0
1637865797287,74,Medium,200,OK,true,307513,139,13,13,8,0,0
1637865797353,13,Small,200,OK,true,51511,138,13,13,7,0,0
1637865797240,147,Medium-Large,200,OK,true,512313,139,13,13,8,0,0
1637865797295,94,Medium,200,OK,true,307513,139,13,13,7,0,0
1637865797379,13,Small,200,OK,true,51511,138,13,13,6,0,0
1637865797312,88,Medium,200,OK,true,307513,139,13,13,8,0,0
1637865797166,237,Large,200,OK,true,1048891,137,13,13,6,0,0
1637865797172,261,Large,200,OK,true,1048891,137,13,13,7,0,0
1637865797381,68,Medium,200,OK,true,307513,139,13,13,7,0,0
1637865797433,19,Small,200,OK,true,51511,138,13,13,8,0,0
1637865797403,79,Medium,200,OK,true,307513,139,13,13,7,0,0
1637865797387,102,Medium,200,OK,true,307513,139,13,13,9,0,0
1637865797362,128,Medium-Large,200,OK,true,512313,139,13,13,8,0,0
1637865797249,250,Large,200,OK,true,1048891,137,13,13,7,0,0
1637865797499,15,Small,200,OK,true,51511,138,13,13,7,0,0
1637865797482,34,Small-Medium,200,OK,true,102713,139,13,13,8,0,0
1637865797404,120,Medium-Large,200,OK,true,512313,139,13,13,8,0,0
1637865797307,245,Large,200,OK,true,1048891,137,13,13,7,0,0
1637865797534,19,Small,200,OK,true,51511,138,13,13,7,0,0
1637865797431,126,Medium-Large,200,OK,true,512313,139,13,13,8,0,0
1637865797450,111,Medium-Large,200,OK,true,512313,139,13,13,6,0,0
1637865797489,97,Medium,200,OK,true,307513,139,13,13,6,0,0
1637865797557,33,Small-Medium,200,OK,true,102713,139,13,13,8,0,0
1637865797272,343,Large,200,OK,true,1048891,137,13,13,15,0,0
1637865797586,33,Small-Medium,200,OK,true,102713,139,13,13,7,0,0
1637865797562,66,Medium,200,OK,true,307513,139,13,13,6,0,0
1637865797608,31,Small-Medium,200,OK,true,102713,139,13,13,7,0,0
1637865797328,318,Large,200,OK,true,1048891,137,13,13,6,0,0
1637865797646,20,Small,200,OK,true,51511,138,13,13,7,0,0
1637865797389,309,Large,200,OK,true,1048891,137,13,13,6,0,0
1637865797586,113,Medium,200,OK,true,307513,139,13,13,7,0,0
1637865797628,78,Medium,200,OK,true,307513,139,13,13,7,0,0
1637865797400,320,Large,200,OK,true,1048891,137,13,13,7,0,0
1637865797699,38,Small-Medium,200,OK,true,102713,139,13,13,7,0,0
1637865797706,32,Small-Medium,200,OK,true,102713,139,13,13,8,0,0
1637865797720,21,Small,200,OK,true,51511,138,13,13,7,0,0
1637865797484,258,Large,200,OK,true,1048891,137,13,13,7,0,0
1637865797490,257,Large,200,OK,true,1048891,137,13,13,7,0,0
1637865797638,124,Medium-Large,200,OK,true,512313,139,13,13,6,0,0
1637865797742,24,Small-Medium,200,OK,true,102713,139,13,13,8,0,0
1637865797747,23,Small-Medium,200,OK,true,102713,139,13,13,7,0,0
1637865797661,117,Medium-Large,200,OK,true,512313,139,13,13,7,0,0
1637865797762,21,Small-Medium,200,OK,true,102713,139,13,13,7,0,0
1637865797551,232,Large,200,OK,true,1048891,137,13,13,8,0,0
1637865797524,259,Large,200,OK,true,1048891,137,13,13,7,0,0
1637865797751,37,Small-Medium,200,OK,true,102713,139,13,13,7,0,0
1637865797771,17,Small,200,OK,true,51511,138,13,13,7,0,0
1637865797778,18,Small-Medium,200,OK,true,102713,139,13,13,6,0,0
1637865797615,184,Medium-Large,200,OK,true,512313,139,13,13,7,0,0
1637865797552,248,Large,200,OK,true,1048891,137,13,13,8,0,0
1637865797784,18,Small-Medium,200,OK,true,102713,139,13,13,6,0,0
1637865797698,113,Medium-Large,200,OK,true,512313,139,13,13,6,0,0
1637865797697,125,Medium-Large,200,OK,true,512313,139,13,13,6,0,0
1637865797800,23,Small-Medium,200,OK,true,102713,139,13,13,8,0,0
1637865797795,65,Medium,200,OK,true,307513,139,13,13,6,0,0
1637865797812,86,Medium,200,OK,true,307513,139,13,13,7,0,0
1637865797800,109,Medium-Large,200,OK,true,512313,139,13,13,5,0,0
1637865797822,94,Medium,200,OK,true,307513,139,13,13,6,0,0
1637865797843,80,Medium,200,OK,true,307513,139,13,13,7,0,0
1637865797758,167,Large,200,OK,true,1048891,137,13,13,7,0,0
1637865797860,70,Medium,200,OK,true,307513,139,13,13,7,0,0
1637865797823,111,Medium,200,OK,true,307513,139,13,13,8,0,0
1637865797813,130,Medium-Large,200,OK,true,512313,139,13,13,8,0,0
1637865797925,23,Small-Medium,200,OK,true,102713,139,13,13,7,0,0
1637865797943,25,Small-Medium,200,OK,true,102713,139,13,13,8,0,0
1637865797803,171,Medium-Large,200,OK,true,512313,139,13,13,6,0,0
1637865797851,130,Medium-Large,200,OK,true,512313,139,13,13,8,0,0
1637865797976,23,Small-Medium,200,OK,true,102713,139,13,13,8,0,0
1637865797930,73,Medium,200,OK,true,307513,139,13,13,7,0,0
1637865797917,87,Medium,200,OK,true,307513,139,13,13,8,0,0
1637865797784,225,Large,200,OK,true,1048891,137,13,13,5,0,0
1637865797995,22,Small-Medium,200,OK,true,102713,139,13,13,7,0,0
1637865797934,93,Medium,200,OK,true,307513,139,13,13,8,0,0
1637865797909,119,Medium-Large,200,OK,true,512313,139,13,13,8,0,0
1637865797898,140,Medium-Large,200,OK,true,512313,139,13,13,8,0,0
1637865798028,17,Small,200,OK,true,51511,138,13,13,9,0,0
1637865797829,237,Large,200,OK,true,1048890,137,13,13,14,0,0
1637865798009,77,Medium,200,OK,true,307513,139,13,13,9,0,0
1637865797981,116,Medium-Large,200,OK,true,512313,139,13,13,8,0,0
1637865798003,129,Medium-Large,200,OK,true,512313,139,13,13,7,0,0
1637865798027,122,Medium,200,OK,true,307513,139,13,13,7,0,0
1637865798066,87,Medium,200,OK,true,307512,139,13,13,8,0,0
1637865797924,230,Large,200,OK,true,1048891,137,13,13,6,0,0
1637865798086,78,Medium,200,OK,true,307512,139,13,13,9,0,0
1637865798112,73,Medium,200,OK,true,307513,139,13,13,8,0,0
1637865797975,213,Medium-Large,200,OK,true,512313,139,13,13,6,0,0
1637865798164,27,Small-Medium,200,OK,true,102712,139,13,13,9,0,0
1637865797799,401,Large,200,OK,true,1048891,137,13,13,8,0,0
1637865798133,77,Medium,200,OK,true,307513,139,13,13,8,0,0
1637865798189,40,Small-Medium,200,OK,true,102713,139,13,13,8,0,0
1637865798153,78,Medium,200,OK,true,307512,139,13,13,7,0,0
1637865798231,17,Small,200,OK,true,51510,138,13,13,8,0,0
1637865798028,243,Large,200,OK,true,1048891,137,13,13,8,0,0
1637865798149,126,Medium,200,OK,true,307513,139,13,13,8,0,0
1637865798271,26,Small-Medium,200,OK,true,102713,139,13,13,8,0,0
1637865798275,26,Small,200,OK,true,51511,138,13,13,8,0,0
1637865798047,255,Large,200,OK,true,1048891,137,13,13,7,0,0
1637865798081,222,Large,200,OK,true,1048891,137,13,13,9,0,0
1637865798004,303,Large,200,OK,true,1048891,137,13,13,8,0,0
1637865798200,113,Medium,200,OK,true,307513,139,13,13,10,0,0
1637865798283,31,Small-Medium,200,OK,true,102712,139,13,13,9,0,0
1637865798302,20,Small-Medium,200,OK,true,102713,139,13,13,6,0,0
1637865798217,115,Medium-Large,200,OK,true,512312,139,13,13,8,0,0
1637865798210,123,Medium-Large,200,OK,true,512313,139,13,13,10,0,0
1637865798038,307,Large,200,OK,true,1048891,137,13,13,9,0,0
1637865798241,107,Medium,200,OK,true,307513,139,13,13,15,0,0
1637865798333,18,Small,200,OK,true,51510,138,13,13,9,0,0
1637865798333,24,Small-Medium,200,OK,true,102713,139,13,13,7,0,0
1637865798327,31,Small-Medium,200,OK,true,102713,139,13,13,7,0,0
1637865798353,16,Small,200,OK,true,51511,138,13,13,9,0,0
1637865798304,72,Medium-Large,200,OK,true,512313,139,13,13,6,0,0
1637865798155,228,Large,200,OK,true,1048891,137,13,13,6,0,0
1637865798376,13,Small,200,OK,true,51511,138,13,13,6,0,0
1637865798379,21,Small,200,OK,true,51511,138,13,13,6,0,0
1637865798307,104,Medium-Large,200,OK,true,512313,139,13,13,7,0,0
1637865798185,228,Large,200,OK,true,1048891,137,13,13,8,0,0
1637865798345,69,Medium,200,OK,true,307513,139,13,13,8,0,0
1637865798386,28,Small-Medium,200,OK,true,102713,139,13,13,9,0,0
1637865798405,14,Small,200,OK,true,51511,138,13,13,8,0,0
1637865798323,98,Medium-Large,200,OK,true,512313,139,13,13,8,0,0
1637865798414,12,Small,200,OK,true,51511,138,13,13,7,0,0
1637865798348,83,Medium,200,OK,true,307513,139,13,13,8,0,0
1637865798428,11,Small,200,OK,true,51511,138,13,13,6,0,0
1637865798313,134,Medium-Large,200,OK,true,512313,139,13,13,8,0,0
1637865798430,20,Small,200,OK,true,51511,138,13,13,7,0,0
1637865798437,25,Small-Medium,200,OK,true,102713,139,13,13,7,0,0
1637865798411,55,Medium,200,OK,true,307513,139,13,13,7,0,0
1637865798383,99,Medium-Large,200,OK,true,512313,139,13,13,6,0,0
1637865798385,99,Medium-Large,200,OK,true,512312,139,13,13,7,0,0
1637865798479,15,Small,200,OK,true,51511,138,13,13,7,0,0
1637865798482,17,Small,200,OK,true,51510,138,13,13,8,0,0
1637865798482,18,Small,200,OK,true,51511,138,13,13,9,0,0
1637865798431,83,Medium,200,OK,true,307513,139,13,13,7,0,0
1637865798413,106,Medium-Large,200,OK,true,512313,139,13,13,7,0,0
1637865798490,31,Small,200,OK,true,51511,138,13,13,9,0,0
1637865798519,10,Small,200,OK,true,51511,138,13,13,4,0,0
1637865798531,13,Small,200,OK,true,51511,138,13,13,6,0,0
1637865798466,80,Medium,200,OK,true,307513,139,13,13,6,0,0
1637865798336,223,Large,200,OK,true,1048890,137,13,13,9,0,0
1637865798458,115,Medium-Large,200,OK,true,512313,139,13,13,7,0,0
1637865798467,118,Medium-Large,200,OK,true,512313,139,13,13,6,0,0
1637865798573,26,Small-Medium,200,OK,true,102713,139,13,13,8,0,0
1637865798514,99,Medium,200,OK,true,307513,139,13,13,6,0,0
1637865798546,79,Medium,200,OK,true,307513,139,13,13,6,0,0
1637865798585,40,Small-Medium,200,OK,true,102713,139,13,13,10,0,0
1637865798535,113,Medium,200,OK,true,307513,139,13,13,7,0,0
1637865798626,24,Small-Medium,200,OK,true,102713,139,13,13,8,0,0
1637865798422,238,Large,200,OK,true,1048891,137,13,13,6,0,0
1637865798534,128,Medium-Large,200,OK,true,512312,139,13,13,7,0,0
1637865798625,37,Small-Medium,200,OK,true,102713,139,13,13,10,0,0
1637865798637,25,Small,200,OK,true,51511,138,13,13,9,0,0
1637865798660,14,Small,200,OK,true,51511,138,13,13,7,0,0
1637865798572,104,Medium-Large,200,OK,true,512313,139,13,13,8,0,0
1637865798662,16,Small,200,OK,true,51510,138,13,13,8,0,0
1637865798559,119,Medium-Large,200,OK,true,512312,139,13,13,9,0,0
1637865798676,14,Small,200,OK,true,51511,138,13,13,7,0,0
1637865798484,213,Large,200,OK,true,1048890,137,13,13,8,0,0
1637865798677,28,Small-Medium,200,OK,true,102713,139,13,13,4,0,0
1637865798688,30,Small-Medium,200,OK,true,102713,139,13,13,8,0,0
1637865798648,92,Medium,200,OK,true,307513,139,13,13,13,0,0
1637865798584,156,Large,200,OK,true,1048891,137,13,13,10,0,0
1637865798613,137,Medium-Large,200,OK,true,512313,139,13,13,9,0,0
1637865798447,305,Large,200,OK,true,1048891,137,13,13,5,0,0
1637865798740,25,Small,200,OK,true,51511,138,13,13,7,0,0
1637865798542,223,Large,200,OK,true,1048891,137,13,13,7,0,0
1637865798766,16,Small,200,OK,true,51511,138,13,13,8,0,0
1637865798741,43,Small-Medium,200,OK,true,102713,139,13,13,9,0,0
1637865798750,40,Small-Medium,200,OK,true,102713,139,13,13,10,0,0
1637865798715,87,Medium,200,OK,true,307512,139,13,13,7,0,0
1637865798728,81,Medium,200,OK,true,307513,139,13,13,9,0,0
1637865798697,115,Medium-Large,200,OK,true,512312,139,13,13,8,0,0
1637865798752,106,Medium,200,OK,true,307513,139,13,13,10,0,0
1637865798817,78,Medium,200,OK,true,307513,139,13,13,8,0,0
1637865798678,229,Large,200,OK,true,1048891,137,13,13,7,0,0
1637865798678,250,Large,200,OK,true,1048890,137,13,13,8,0,0
1637865798895,34,Small-Medium,200,OK,true,102713,139,13,13,9,0,0
1637865798907,23,Small,200,OK,true,51511,138,13,13,21,0,0
1637865798809,123,Medium,200,OK,true,307513,139,13,13,9,0,0
1637865798812,122,Medium-Large,200,OK,true,512312,139,13,13,9,0,0
1637865798803,141,Medium-Large,200,OK,true,512312,139,13,13,6,0,0
1637865798740,205,Large,200,OK,true,1048891,137,13,13,8,0,0
1637865798932,22,Small,200,OK,true,51511,138,13,13,6,0,0
1637865798713,255,Large,200,OK,true,1048891,137,13,13,7,0,0
1637865798727,251,Large,200,OK,true,1048891,137,13,13,7,0,0
1637865798859,128,Medium,200,OK,true,307513,139,13,13,9,0,0
1637865798945,50,Medium,200,OK,true,307513,139,13,13,10,0,0
1637865798979,16,Small,200,OK,true,51511,138,13,13,8,0,0
1637865798935,79,Medium,200,OK,true,307512,139,13,13,7,0,0
1637865798948,80,Medium,200,OK,true,307513,139,13,13,10,0,0
1637865799014,15,Small,200,OK,true,51475,138,13,13,8,0,0
1637865798960,71,Medium,200,OK,true,307513,139,13,13,9,0,0
1637865798929,113,Medium-Large,200,OK,true,512312,139,13,13,6,0,0
1637865798968,79,Medium,200,OK,true,307513,139,13,13,8,0,0
1637865799031,25,Small-Medium,200,OK,true,102713,139,13,13,9,0,0
1637865798984,83,Medium,200,OK,true,307513,139,13,13,8,0,0
1637865798945,123,Medium-Large,200,OK,true,512312,139,13,13,7,0,0
1637865798793,285,Large,200,OK,true,1048891,137,13,13,8,0,0
1637865798998,86,Medium-Large,200,OK,true,512313,139,13,13,8,0,0
1637865799067,28,Small-Medium,200,OK,true,102713,139,13,13,5,0,0
1637865799084,18,Small,200,OK,true,51511,138,13,13,9,0,0
1637865799031,76,Medium,200,OK,true,307513,139,13,13,8,0,0
1637865799079,30,Small-Medium,200,OK,true,102713,139,13,13,8,0,0
1637865799065,80,Medium,200,OK,true,307514,139,13,13,13,0,6
1637865799119,31,Small-Medium,200,OK,true,102713,139,13,13,8,0,0
1637865799084,67,Medium,200,OK,true,307513,139,13,13,8,0,0
1637865798792,360,Large,200,OK,true,1048891,137,13,13,8,0,0
1637865799153,46,Small-Medium,200,OK,true,102713,139,13,13,9,0,0
1637865799171,28,Small,200,OK,true,51511,138,13,13,11,0,0
1637865799135,67,Medium,200,OK,true,307513,139,13,13,11,0,0
1637865799145,58,Medium,200,OK,true,307513,139,13,13,8,0,0
1637865798803,411,Large,200,OK,true,1048891,137,13,13,9,0,0
1637865799202,14,Small,200,OK,true,51511,138,13,13,7,0,0
1637865799108,123,Medium-Large,200,OK,true,512313,139,13,13,9,0,0
1637865799232,17,Small,200,OK,true,51511,138,13,13,8,0,0
1637865799028,237,Large,200,OK,true,1048891,137,13,13,8,0,0
1637865799254,18,Small-Medium,200,OK,true,102713,139,13,13,7,0,0
1637865799130,150,Medium-Large,200,OK,true,512313,139,13,13,6,0,0
1637865799042,244,Large,200,OK,true,1048855,137,13,13,10,0,0
1637865799047,241,Large,200,OK,true,1048891,137,13,13,8,0,0
1637865799068,229,Large,200,OK,true,1048890,137,13,13,8,0,0
1637865799222,77,Medium,200,OK,true,307512,139,13,13,9,0,0
1637865799288,16,Small,200,OK,true,51511,138,13,13,9,0,0
1637865799284,22,Small,200,OK,true,51511,138,13,13,8,0,0
1637865799305,23,Small,200,OK,true,51511,138,13,13,8,0,0
1637865799297,36,Small-Medium,200,OK,true,102712,139,13,13,7,0,0
1637865799300,36,Small-Medium,200,OK,true,102712,139,13,13,7,0,0
1637865799265,75,Medium,200,OK,true,307513,139,13,13,9,0,0
1637865799151,205,Large,200,OK,true,1048891,137,13,13,8,0,0
1637865799339,21,Small-Medium,200,OK,true,102713,139,13,13,6,0,0
1637865799281,91,Medium,200,OK,true,307513,139,13,13,8,0,0
1637865798988,384,Large,200,OK,true,1048891,137,13,13,8,0,0
1637865799204,170,Large,200,OK,true,1048891,137,13,13,9,0,0
1637865799349,29,Small-Medium,200,OK,true,102712,139,13,13,8,0,0
1637865799205,181,Medium-Large,200,OK,true,512313,139,13,13,9,0,0
1637865799352,36,Small-Medium,200,OK,true,102712,139,13,13,7,0,0
1637865799404,24,Small,200,OK,true,51510,138,13,13,10,0,0
1637865799336,106,Medium-Large,200,OK,true,512313,139,13,13,4,0,0
1637865799356,129,Medium-Large,200,OK,true,512313,139,13,13,13,0,0
1637865799386,113,Medium,200,OK,true,307513,139,13,13,11,0,0
1637865799391,129,Medium-Large,200,OK,true,512313,139,13,13,9,0,0
1637865799499,24,Small,200,OK,true,51511,138,13,13,9,0,0
1637865799402,125,Medium-Large,200,OK,true,512277,139,13,13,11,0,0
1637865799372,158,Medium-Large,200,OK,true,512313,139,13,13,7,0,0
1637865799286,244,Medium,200,OK,true,307514,139,13,13,16,0,8
1637865799358,189,Large,200,OK,true,1048891,137,13,13,7,0,0
1637865799530,21,Small,200,OK,true,51511,138,13,13,7,0,0
1637865799374,187,Large,200,OK,true,1048891,137,13,13,9,0,0
1637865799340,233,Large,200,OK,true,1048891,137,13,13,7,0,0
1637865799528,53,Small,200,OK,true,51512,138,13,13,14,0,7
1637865799214,378,Large,200,OK,true,1048891,137,13,13,9,0,0
1637865799573,24,Small-Medium,200,OK,true,102713,139,13,13,8,0,0
1637865799583,16,Small,200,OK,true,51511,138,13,13,8,0,0
1637865799462,145,Medium-Large,200,OK,true,512312,139,13,13,8,0,0
1637865799581,32,Small-Medium,200,OK,true,102713,139,13,13,8,0,0
1637865799561,77,Medium-Large,200,OK,true,512313,139,13,13,7,0,0
1637865799625,25,Small-Medium,200,OK,true,102713,139,13,13,6,0,0
1637865799442,237,Large,200,OK,true,1048891,137,13,13,8,0,0
1637865799607,82,Medium,200,OK,true,307512,139,13,13,6,0,0
1637865799676,25,Small,200,OK,true,51511,138,13,13,7,0,0
1637865799592,124,Medium,200,OK,true,307513,139,13,13,8,0,0
1637865799633,85,Medium,200,OK,true,307513,139,13,13,9,0,0
1637865799530,191,Medium-Large,200,OK,true,512313,139,13,13,8,0,0
1637865799485,243,Large,200,OK,true,1048891,137,13,13,8,0,0
1637865799547,184,Large,200,OK,true,1048891,137,13,13,8,0,0
1637865799634,99,Medium,200,OK,true,307513,139,13,13,10,0,0
1637865799372,371,Large,200,OK,true,1048891,137,13,13,9,0,0
1637865799550,193,Medium-Large,200,OK,true,512313,139,13,13,9,0,0
1637865799719,26,Small-Medium,200,OK,true,102713,139,13,13,8,0,0
1637865799638,112,Medium-Large,200,OK,true,512313,139,13,13,9,0,0
1637865799679,72,Medium,200,OK,true,307513,139,13,13,7,0,0
1637865799728,23,Small-Medium,200,OK,true,102713,139,13,13,9,0,0
1637865799750,9,Small,200,OK,true,51511,138,13,13,7,0,0
1637865799733,30,Small-Medium,200,OK,true,102713,139,13,13,11,0,0
1637865799743,21,Small,200,OK,true,51511,138,13,13,7,0,0
1637865799743,21,Small,200,OK,true,51511,138,13,13,8,0,0
1637865799520,246,Large,200,OK,true,1048891,137,13,13,7,0,0
1637865799717,87,Medium,200,OK,true,307513,139,13,13,7,0,0
1637865799731,75,Medium-Large,200,OK,true,512313,139,13,13,11,0,0
1637865799751,58,Medium,200,OK,true,307513,139,13,13,7,0,0
1637865799771,44,Medium,200,OK,true,307513,139,13,13,7,0,0
1637865799802,19,Small-Medium,200,OK,true,102713,139,13,13,8,0,0
1637865799689,140,Medium-Large,200,OK,true,512312,139,13,13,10,0,0
1637865799729,111,Medium-Large,200,OK,true,512313,139,13,13,9,0,0
1637865799829,17,Small,200,OK,true,51510,138,13,13,9,0,0
1637865799780,75,Medium,200,OK,true,307513,139,13,13,6,0,0
1637865799767,104,Medium-Large,200,OK,true,512313,139,13,13,5,0,0
1637865799854,18,Small,200,OK,true,51511,138,13,13,7,0,0
1637865799871,15,Small,200,OK,true,51511,138,13,13,7,0,0
1637865799823,68,Medium,200,OK,true,307513,139,13,13,7,0,0
1637865799892,13,Small,200,OK,true,51511,138,13,13,6,0,0
1637865799794,115,Medium,200,OK,true,307513,139,13,13,8,0,0
1637865799804,113,Medium,200,OK,true,307513,139,13,13,10,0,0
1637865799906,21,Small-Medium,200,OK,true,102713,139,13,13,7,0,0
1637865799909,36,Small-Medium,200,OK,true,102713,139,13,13,8,0,0
1637865799855,106,Medium-Large,200,OK,true,512313,139,13,13,7,0,0
1637865799794,172,Medium-Large,200,OK,true,512313,139,13,13,9,0,0
1637865799961,17,Small,200,OK,true,51511,138,13,13,8,0,0
1637865799806,174,Large,200,OK,true,1048891,137,13,13,11,0,0
1637865799961,24,Small,200,OK,true,51511,138,13,13,9,0,0
1637865799966,41,Small-Medium,200,OK,true,102713,139,13,13,10,0,0
1637865800012,18,Small,200,OK,true,51511,138,13,13,9,0,0
1637865799809,227,Large,200,OK,true,1048891,137,13,13,9,0,0
1637865799922,114,Medium-Large,200,OK,true,512313,139,13,13,8,0,0
1637865800013,32,Small,200,OK,true,51511,138,13,13,9,0,0
1637865799957,94,Medium-Large,200,OK,true,512313,139,13,13,9,0,0
1637865799721,333,Large,200,OK,true,1048891,137,13,13,9,0,0
1637865799786,269,Large,200,OK,true,1048891,137,13,13,8,0,0
1637865800018,39,Small-Medium,200,OK,true,102713,139,13,13,10,0,0
1637865799840,221,Large,200,OK,true,1048891,137,13,13,8,0,0
1637865799944,121,Medium-Large,200,OK,true,512313,139,13,13,8,0,0
1637865799917,150,Medium-Large,200,OK,true,512313,139,13,13,8,0,0
1637865800054,14,Small,200,OK,true,51511,138,13,13,7,0,0
1637865800065,16,Small,200,OK,true,51511,138,13,13,7,0,0
1637865800061,24,Small-Medium,200,OK,true,102713,139,13,13,7,0,0
1637865800070,22,Small,200,OK,true,51511,138,13,13,8,0,0
1637865800052,44,Medium,200,OK,true,307513,139,13,13,5,0,0
1637865799980,149,Large,200,OK,true,1048891,137,13,13,7,0,0
1637865800107,39,Small-Medium,200,OK,true,102713,139,13,13,7,0,0
1637865800055,97,Medium,200,OK,true,307513,139,13,13,8,0,0
1637865800122,33,Small,200,OK,true,51511,138,13,13,9,0,0
1637865800117,41,Small,200,OK,true,51511,138,13,13,11,0,0
1637865799880,283,Large,200,OK,true,1048890,137,13,13,9,0,0
1637865800129,54,Medium,200,OK,true,307513,139,13,13,18,0,0
1637865800067,121,Medium,200,OK,true,307513,139,13,13,10,0,0
1637865800152,42,Small-Medium,200,OK,true,102713,139,13,13,5,0,0
1637865800114,84,Medium,200,OK,true,307513,139,13,13,9,0,0
1637865800163,40,Small-Medium,200,OK,true,102677,139,13,13,8,0,0
1637865800183,57,Medium,200,OK,true,307513,139,13,13,9,0,0
1637865800240,15,Small,200,OK,true,51511,138,13,13,7,0,0
1637865800199,76,Medium,200,OK,true,307513,139,13,13,8,0,0
1637865800037,248,Large,200,OK,true,1048891,137,13,13,8,0,0
1637865800189,100,Medium,200,OK,true,307513,139,13,13,8,0,0
1637865800105,189,Large,200,OK,true,1048891,137,13,13,8,0,0
1637865800285,18,Small,200,OK,true,51511,138,13,13,8,0,0
1637865800036,270,Large,200,OK,true,1048891,137,13,13,7,0,0
1637865800066,244,Large,200,OK,true,1048891,137,13,13,9,0,0
1637865800065,248,Large,200,OK,true,1048891,137,13,13,9,0,0
1637865800291,23,Small-Medium,200,OK,true,102713,139,13,13,11,0,0
1637865800289,29,Small,200,OK,true,51511,138,13,13,9,0,0
1637865800306,13,Small,200,OK,true,51511,138,13,13,6,0,0
1637865800310,14,Small,200,OK,true,51511,138,13,13,6,0,0
1637865800204,122,Medium-Large,200,OK,true,512313,139,13,13,8,0,0
1637865800314,14,Small,200,OK,true,51511,138,13,13,7,0,0
1637865800276,58,Medium,200,OK,true,307513,139,13,13,5,0,0
1637865800334,14,Small,200,OK,true,51511,138,13,13,7,0,0
1637865800215,184,Medium-Large,200,OK,true,512314,139,13,13,17,0,9
1637865800386,18,Small,200,OK,true,51511,138,13,13,8,0,0
1637865800362,72,Medium,200,OK,true,307513,139,13,13,10,0,0
1637865800326,115,Medium-Large,200,OK,true,512313,139,13,13,5,0,0
1637865800439,18,Small,200,OK,true,51511,138,13,13,9,0,0
1637865800434,36,Small-Medium,200,OK,true,102713,139,13,13,10,0,0
1637865800359,112,Medium-Large,200,OK,true,512313,139,13,13,8,0,0
1637865800294,186,Large,200,OK,true,1048891,137,13,13,10,0,0
1637865800159,332,Large,200,OK,true,1048891,137,13,13,7,0,0
1637865800174,325,Large,200,OK,true,1048891,137,13,13,8,0,0
1637865800480,22,Small-Medium,200,OK,true,102713,139,13,13,7,0,0
1637865800169,350,Large,200,OK,true,1048891,137,13,13,9,0,0
1637865800341,182,Medium-Large,200,OK,true,512313,139,13,13,8,0,0
1637865800471,79,Medium,200,OK,true,307513,139,13,13,7,0,0
1637865800343,210,Large,200,OK,true,1048891,137,13,13,7,0,0
1637865800532,26,Small,200,OK,true,51511,138,14,14,18,0,0
1637865800336,235,Large,200,OK,true,1048891,137,14,14,8,0,0
1637865800491,84,Medium,200,OK,true,307513,139,14,14,7,0,0
1637865800550,25,Small-Medium,200,OK,true,102713,139,14,14,7,0,0
1637865800442,153,Medium-Large,200,OK,true,512313,139,14,14,12,0,0
1637865800499,98,Medium,200,OK,true,307513,139,14,14,7,0,0
1637865800556,42,Small-Medium,200,OK,true,102714,139,14,14,11,0,4
1637865800588,15,Small,200,OK,true,51511,138,14,14,8,0,0
1637865800366,257,Large,200,OK,true,1048891,137,14,14,11,0,0
1637865800400,233,Large,200,OK,true,1048891,137,14,14,8,0,0
1637865800623,35,Small-Medium,200,OK,true,102713,139,14,14,8,0,0
1637865800553,106,Medium-Large,200,OK,true,512313,139,14,14,7,0,0
1637865800571,116,Medium-Large,200,OK,true,512313,139,14,14,8,0,0
1637865800597,108,Medium,200,OK,true,307513,139,14,14,8,0,0
1637865800687,19,Small,200,OK,true,51511,138,14,14,12,0,0
1637865800523,200,Medium-Large,200,OK,true,512313,139,14,14,7,0,0
1637865800705,21,Small,200,OK,true,51511,138,14,14,7,0,0
1637865800519,210,Medium-Large,200,OK,true,512313,139,14,14,8,0,0
1637865800659,71,Medium,200,OK,true,307513,139,14,14,7,0,0
1637865800724,23,Small,200,OK,true,51511,138,14,14,7,0,0
1637865800487,277,Large,200,OK,true,1048891,137,14,14,7,0,0
1637865800595,171,Medium-Large,200,OK,true,512313,139,14,14,8,0,0
1637865800742,35,Small-Medium,200,OK,true,102713,139,14,14,7,0,0
1637865800633,144,Medium-Large,200,OK,true,512313,139,14,14,8,0,0
1637865800760,39,Small-Medium,200,OK,true,102713,139,14,14,9,0,0
1637865800766,36,Small-Medium,200,OK,true,102713,139,14,14,8,0,0
1637865800780,24,Small,200,OK,true,51511,138,14,14,7,0,0
1637865800823,21,Small,200,OK,true,51511,138,14,14,7,0,0
1637865800575,270,Large,200,OK,true,1048891,137,14,14,8,0,0
1637865800730,117,Medium-Large,200,OK,true,512313,139,14,14,10,0,0
1637865800730,119,Medium,200,OK,true,307513,139,14,14,7,0,0
1637865800606,247,Large,200,OK,true,1048891,137,14,14,6,0,0
1637865800764,90,Medium,200,OK,true,307513,139,14,14,8,0,0
1637865800612,250,Large,200,OK,true,1048891,137,14,14,7,0,0
1637865800849,21,Small,200,OK,true,51511,138,14,14,8,0,0
1637865800835,36,Small-Medium,200,OK,true,102713,139,14,14,7,0,0
1637865800853,35,Small-Medium,200,OK,true,102713,139,14,14,8,0,0
1637865800644,247,Large,200,OK,true,1048891,137,14,14,8,0,0
1637865800878,17,Small,200,OK,true,51511,138,14,14,8,0,0
1637865800777,120,Medium-Large,200,OK,true,512313,139,14,14,7,0,0
1637865800491,406,Large,200,OK,true,1048891,137,14,14,8,0,0
1637865800817,93,Medium,200,OK,true,307513,139,14,14,7,0,0
1637865800897,43,Small-Medium,200,OK,true,102713,139,14,14,8,0,0
1637865800891,59,Medium,200,OK,true,307513,139,14,14,8,0,0
1637865800680,272,Large,200,OK,true,1048891,137,14,14,8,0,0
1637865800897,57,Small-Medium,200,OK,true,102713,139,14,14,9,0,0
1637865800862,123,Medium-Large,200,OK,true,512313,139,14,14,8,0,0
1637865800855,141,Medium-Large,200,OK,true,512313,139,14,14,6,0,0
1637865800908,91,Medium,200,OK,true,307513,139,14,14,8,0,0
1637865800950,66,Medium,200,OK,true,307513,139,14,14,8,0,0
1637865800935,87,Medium,200,OK,true,307513,139,14,14,7,0,0
1637865800953,113,Medium,200,OK,true,307513,139,14,14,12,0,0
1637865800985,93,Medium,200,OK,true,307513,139,14,14,8,0,0
1637865800996,83,Medium,200,OK,true,307513,139,14,14,9,0,0
1637865800798,285,Large,200,OK,true,1048891,137,14,14,7,0,0
1637865801066,17,Small,200,OK,true,51511,138,14,14,11,0,0
1637865800999,93,Medium,200,OK,true,307513,139,14,14,10,0,0
1637865800847,246,Large,200,OK,true,1048891,137,14,14,6,0,0
1637865801078,27,Small-Medium,200,OK,true,102713,139,14,14,8,0,0
1637865800846,261,Large,200,OK,true,1048891,137,14,14,6,0,0
1637865800892,217,Medium-Large,200,OK,true,512313,139,14,14,9,0,0
1637865801093,21,Small-Medium,200,OK,true,102713,139,14,14,9,0,0
1637865801108,15,Small,200,OK,true,51511,138,14,14,6,0,0
1637865801149,16,Small,200,OK,true,51511,138,14,14,8,0,0
1637865801134,32,Small,200,OK,true,51511,138,14,14,15,0,0
1637865801079,89,Medium,200,OK,true,307513,139,14,14,17,0,0
1637865800954,224,Medium-Large,200,OK,true,512313,139,14,14,8,0,0
1637865800952,240,Large,200,OK,true,1048890,137,14,14,8,0,0
1637865801168,24,Small-Medium,200,OK,true,102713,139,14,14,8,0,0
1637865801092,111,Medium-Large,200,OK,true,512313,139,14,14,11,0,0
1637865801192,26,Small-Medium,200,OK,true,102712,139,14,14,8,0,0
1637865801016,207,Large,200,OK,true,1048891,137,14,14,8,0,0
1637865801178,48,Small-Medium,200,OK,true,102713,139,14,14,7,0,0
1637865801109,119,Medium,200,OK,true,307513,139,14,14,6,0,0
1637865801204,24,Small-Medium,200,OK,true,102713,139,14,14,9,0,0
1637865801121,111,Medium-Large,200,OK,true,512313,139,14,14,9,0,0
1637865801162,71,Medium,200,OK,true,307513,139,14,14,8,0,0
1637865801204,29,Small-Medium,200,OK,true,102713,139,14,14,7,0,0
1637865801228,20,Small,200,OK,true,51511,138,14,14,5,0,0
1637865801233,15,Small,200,OK,true,51511,138,14,14,7,0,0
1637865801224,28,Small-Medium,200,OK,true,102713,139,14,14,8,0,0
1637865800906,358,Large,200,OK,true,1048891,137,14,14,7,0,0
1637865801260,15,Small,200,OK,true,51511,138,14,14,7,0,0
1637865801235,42,Small-Medium,200,OK,true,102713,139,14,14,9,0,0
1637865801261,21,Small-Medium,200,OK,true,102713,139,14,14,8,0,0
1637865800910,376,Large,200,OK,true,1048891,137,14,14,7,0,0
1637865801022,266,Large,200,OK,true,1048891,137,14,14,10,0,0
1637865801223,65,Medium-Large,200,OK,true,512313,139,14,14,7,0,0
1637865801265,25,Small-Medium,200,OK,true,102713,139,14,14,8,0,0
1637865801190,108,Medium-Large,200,OK,true,512313,139,14,14,8,0,0
1637865801083,218,Large,200,OK,true,1048891,137,14,14,11,0,0
1637865801288,14,Small,200,OK,true,51511,138,14,14,6,0,0
1637865801288,26,Small-Medium,200,OK,true,102713,139,14,14,10,0,0
1637865801283,38,Small-Medium,200,OK,true,102713,139,14,14,5,0,0
1637865801301,30,Small-Medium,200,OK,true,102713,139,14,14,8,0,0
1637865801233,101,Medium-Large,200,OK,true,512313,139,14,14,8,0,0
1637865801316,22,Small-Medium,200,OK,true,102713,139,14,14,6,0,0
1637865801289,80,Medium-Large,200,OK,true,512313,139,14,14,6,0,0
1637865801298,92,Medium,200,OK,true,307513,139,14,14,8,0,0
1637865801340,66,Small-Medium,200,OK,true,102713,139,14,14,18,0,0
1637865801279,137,Medium-Large,200,OK,true,512313,139,14,14,6,0,0
1637865801317,131,Medium-Large,200,OK,true,512313,139,14,14,8,0,0
1637865801448,16,Small,200,OK,true,51511,138,14,14,8,0,0
1637865801319,149,Medium,200,OK,true,307513,139,14,14,9,0,0
1637865801334,149,Medium-Large,200,OK,true,512313,139,14,14,19,0,0
1637865801390,93,Medium,200,OK,true,307513,139,14,14,9,0,0
1637865801369,118,Medium-Large,200,OK,true,512313,139,14,14,8,0,0
1637865801247,241,Large,200,OK,true,1048890,137,14,14,6,0,0
1637865801371,125,Medium-Large,200,OK,true,512313,139,14,14,11,0,0
1637865801483,16,Small,200,OK,true,51511,138,14,14,8,0,0
1637865801489,21,Small,200,OK,true,51510,138,14,14,6,0,0
1637865801353,157,Medium-Large,200,OK,true,512313,139,14,14,7,0,0
1637865801483,28,Small-Medium,200,OK,true,102713,139,14,14,7,0,0
1637865801496,24,Small-Medium,200,OK,true,102713,139,14,14,14,0,0
1637865801510,22,Small,200,OK,true,51511,138,14,14,7,0,0
1637865801488,47,Medium,200,OK,true,307513,139,14,14,9,0,0
1637865801468,95,Medium,200,OK,true,307513,139,14,14,8,0,0
1637865801357,218,Large,200,OK,true,1048891,137,14,14,6,0,0
1637865801552,26,Small,200,OK,true,51511,138,14,14,10,0,0
1637865801406,185,Medium-Large,200,OK,true,512313,139,14,14,10,0,0
1637865801353,239,Large,200,OK,true,1048891,137,14,14,8,0,0
1637865801539,75,Medium,200,OK,true,307513,139,14,14,7,0,0
1637865801539,75,Medium,200,OK,true,307513,139,14,14,9,0,0
1637865801592,25,Small,200,OK,true,51511,138,14,14,8,0,0
1637865801592,35,Small-Medium,200,OK,true,102713,139,14,14,9,0,0
1637865801614,17,Small,200,OK,true,51511,138,14,14,9,0,0
1637865801614,25,Small-Medium,200,OK,true,102713,139,14,14,8,0,0
1637865801416,232,Large,200,OK,true,1048891,137,14,14,10,0,0
1637865801648,18,Small,200,OK,true,51511,138,14,14,9,0,0
1637865801648,19,Small,200,OK,true,51510,138,14,14,12,0,0
1637865801287,390,Large,200,OK,true,1048891,137,14,14,12,0,0
1637865801510,172,Large,200,OK,true,1048891,137,14,14,9,0,0
1637865801670,16,Small,200,OK,true,51511,138,14,14,7,0,0
1637865801566,134,Medium-Large,200,OK,true,512313,139,14,14,8,0,0
1637865801291,414,Large,200,OK,true,1048891,137,14,14,8,0,0
1637865801607,118,Medium-Large,200,OK,true,512313,139,14,14,9,0,0
1637865801704,25,Small-Medium,200,OK,true,102712,139,14,14,7,0,0
1637865801544,192,Large,200,OK,true,1048891,137,14,14,9,0,0
1637865801705,34,Small,200,OK,true,51511,138,14,14,9,0,0
1637865801727,16,Small,200,OK,true,51511,138,14,14,8,0,0
1637865801544,240,Large,200,OK,true,1048890,137,14,14,8,0,0
1637865801782,14,Small,200,OK,true,51511,138,14,14,8,0,0
1637865801784,14,Small,200,OK,true,51510,138,14,14,8,0,0
1637865801682,118,Medium-Large,200,OK,true,512313,139,14,14,9,0,0
1637865801800,17,Small,200,OK,true,51511,138,14,14,8,0,0
1637865801575,245,Large,200,OK,true,1048891,137,14,14,9,0,0
1637865801736,85,Medium-Large,200,OK,true,512313,139,14,14,8,0,0
1637865801820,22,Small-Medium,200,OK,true,102713,139,14,14,6,0,0
1637865801700,152,Medium-Large,200,OK,true,512313,139,14,14,7,0,0
1637865801840,26,Small-Medium,200,OK,true,102712,139,14,14,8,0,0
1637865801725,145,Medium-Large,200,OK,true,512313,139,14,14,8,0,0
1637865801852,19,Small,200,OK,true,51511,138,14,14,9,0,0
1637865801855,25,Small-Medium,200,OK,true,102713,139,14,14,9,0,0
1637865801876,20,Small,200,OK,true,51511,138,14,14,6,0,0
1637865801761,135,Medium,200,OK,true,307513,139,14,14,9,0,0
1637865801761,136,Medium-Large,200,OK,true,512312,139,14,14,21,0,0
1637865801839,67,Medium,200,OK,true,307513,139,14,14,7,0,0
1637865801897,25,Small-Medium,200,OK,true,102712,139,14,14,9,0,0
1637865801896,30,Small-Medium,200,OK,true,102712,139,14,14,6,0,0
1637865801911,17,Small,200,OK,true,51510,138,14,14,9,0,0
1637865801906,24,Small-Medium,200,OK,true,102713,139,14,14,8,0,0
1637865801563,374,Large,200,OK,true,1048891,137,14,14,9,0,0
1637865801670,268,Large,200,OK,true,1048891,137,14,14,12,0,0
1637865801704,238,Large,200,OK,true,1048891,137,14,14,9,0,0
1637865801938,19,Small,200,OK,true,51511,138,14,14,11,0,0
1637865801937,25,Small-Medium,200,OK,true,102712,139,14,14,10,0,0
1637865801870,101,Medium-Large,200,OK,true,512313,139,14,14,8,0,0
1637865801952,21,Small,200,OK,true,51510,138,14,14,9,0,0
1637865801822,154,Large,200,OK,true,1048891,137,14,14,7,0,0
1637865801952,27,Small-Medium,200,OK,true,102712,139,14,14,8,0,0
1637865801907,75,Medium,200,OK,true,307513,139,14,14,11,0,0
1637865801677,327,Large,200,OK,true,1048891,137,14,14,9,0,0
1637865801983,22,Small-Medium,200,OK,true,102713,139,14,14,7,0,0
1637865801993,16,Small,200,OK,true,51511,138,14,14,8,0,0
1637865801897,113,Medium,200,OK,true,307513,139,14,14,7,0,0
1637865801648,363,Large,200,OK,true,1048891,137,14,14,9,0,0
1637865802004,24,Small,200,OK,true,51511,138,14,14,8,0,0
1637865802011,18,Small,200,OK,true,51511,138,14,14,9,0,0
1637865801976,53,Medium,200,OK,true,307513,139,14,14,7,0,0
1637865802008,23,Small-Medium,200,OK,true,102677,139,14,14,7,0,0
1637865801968,74,Medium-Large,200,OK,true,512312,139,14,14,8,0,0
1637865801942,107,Medium-Large,200,OK,true,512313,139,14,14,8,0,0
1637865802042,15,Small,200,OK,true,51510,138,14,14,8,0,0
1637865802038,29,Small-Medium,200,OK,true,102713,139,14,14,8,0,0
1637865802050,24,Small-Medium,200,OK,true,102713,139,14,14,8,0,0
1637865801938,154,Medium-Large,200,OK,true,512313,139,14,14,4,0,0
1637865802066,29,Small-Medium,200,OK,true,102713,139,14,14,8,0,0
1637865802010,85,Medium,200,OK,true,307513,139,14,14,7,0,0
1637865802032,75,Medium-Large,200,OK,true,512313,139,14,14,5,0,0
1637865802108,28,Small-Medium,200,OK,true,102713,139,14,14,8,0,0
1637865802123,24,Small,200,OK,true,51511,138,14,14,7,0,0
1637865802100,72,Medium,200,OK,true,307512,139,14,14,6,0,0
1637865802172,15,Small,200,OK,true,51510,138,14,14,7,0,0
1637865802095,93,Medium,200,OK,true,307513,139,14,14,7,0,0
1637865801962,250,Large,200,OK,true,1048891,137,14,14,7,0,0
1637865801972,256,Large,200,OK,true,1048891,137,14,14,8,0,0
1637865802061,167,Medium-Large,200,OK,true,512313,139,14,14,9,0,0
1637865802164,76,Medium,200,OK,true,307513,139,14,14,7,0,0
1637865802105,136,Medium-Large,200,OK,true,512313,139,14,14,12,0,0
1637865802228,20,Small-Medium,200,OK,true,102712,139,14,14,8,0,0
1637865801987,265,Large,200,OK,true,1048890,137,14,14,7,0,0
1637865802213,39,Small-Medium,200,OK,true,102713,139,14,14,14,0,0
1637865802009,252,Large,200,OK,true,1048890,137,14,14,7,0,0
1637865802228,36,Small-Medium,200,OK,true,102713,139,14,14,11,0,0
1637865802261,14,Small,200,OK,true,51510,138,14,14,7,0,0
1637865802049,227,Large,200,OK,true,1048891,137,14,14,8,0,0
1637865802092,187,Medium-Large,200,OK,true,512313,139,14,14,7,0,0
1637865802188,93,Medium,200,OK,true,307513,139,14,14,8,0,0
1637865802179,111,Medium,200,OK,true,307513,139,14,14,6,0,0
1637865802095,213,Medium-Large,200,OK,true,512313,139,14,14,6,0,0
1637865802281,33,Small-Medium,200,OK,true,102713,139,14,14,7,0,0
1637865802291,26,Small,200,OK,true,51511,138,14,14,8,0,0
1637865802284,34,Small-Medium,200,OK,true,102713,139,14,14,9,0,0
1637865802267,69,Medium,200,OK,true,307513,139,14,14,9,0,0
1637865802063,276,Large,200,OK,true,1048892,137,14,14,16,0,8
1637865802241,111,Medium-Large,200,OK,true,512313,139,14,14,8,0,0
1637865802228,154,Medium-Large,200,OK,true,512313,139,14,14,7,0,0
1637865802347,45,Small-Medium,200,OK,true,102713,139,14,14,8,0,0
1637865802352,43,Small-Medium,200,OK,true,102713,139,14,14,8,0,0
1637865802316,87,Medium,200,OK,true,307512,139,14,14,9,0,0
1637865802276,127,Medium-Large,200,OK,true,512313,139,14,14,7,0,0
1637865802403,28,Small,200,OK,true,51511,138,14,14,9,0,0
1637865802338,111,Medium,200,OK,true,307513,139,14,14,8,0,0
1637865802241,217,Large,200,OK,true,1048891,137,14,14,7,0,0
1637865802339,123,Medium-Large,200,OK,true,512313,139,14,14,9,0,0
1637865802336,131,Medium-Large,200,OK,true,512313,139,14,14,8,0,0
1637865802462,16,Small,200,OK,true,51511,138,14,14,9,0,0
1637865802340,140,Medium-Large,200,OK,true,512313,139,14,14,9,0,0
1637865802467,17,Small,200,OK,true,51511,138,14,14,9,0,0
1637865802480,16,Small,200,OK,true,51511,138,14,14,10,0,0
1637865802252,250,Large,200,OK,true,1048890,137,14,14,7,0,0
1637865802283,225,Large,200,OK,true,1048890,137,14,14,9,0,0
1637865802403,117,Medium-Large,200,OK,true,512313,139,14,14,7,0,0
1637865802382,139,Medium,200,OK,true,307513,139,14,14,12,0,0
1637865802502,23,Small-Medium,200,OK,true,102712,139,14,14,8,0,0
1637865802517,25,Small-Medium,200,OK,true,102713,139,14,14,9,0,0
1637865802509,52,Medium,200,OK,true,307512,139,14,14,6,0,0
1637865802535,26,Small-Medium,200,OK,true,102713,139,14,14,8,0,0
1637865802557,26,Small-Medium,200,OK,true,102712,139,14,14,7,0,0
1637865802522,70,Medium,200,OK,true,307513,139,14,14,10,0,0
1637865802564,29,Small-Medium,200,OK,true,102712,139,14,14,9,0,0
1637865802520,75,Medium,200,OK,true,307513,139,14,14,9,0,0
1637865802573,23,Small-Medium,200,OK,true,102713,139,14,14,8,0,0
1637865802596,14,Small,200,OK,true,51511,138,14,14,6,0,0
1637865802592,29,Small-Medium,200,OK,true,102713,139,14,14,6,0,0
1637865802403,227,Large,200,OK,true,1048890,137,14,14,6,0,0
1637865802459,193,Medium-Large,200,OK,true,512313,139,14,14,9,0,0
1637865802630,22,Small,200,OK,true,51475,138,14,14,22,0,0
1637865802458,196,Large,200,OK,true,1048891,137,14,14,8,0,0
1637865802280,377,Large,200,OK,true,1048891,137,14,14,6,0,0
1637865802630,32,Small-Medium,200,OK,true,102713,139,14,14,22,0,0
1637865802408,263,Large,200,OK,true,1048891,137,14,14,9,0,0
1637865802654,18,Small-Medium,200,OK,true,102713,139,14,14,8,0,0
1637865802652,24,Small-Medium,200,OK,true,102713,139,14,14,7,0,0
1637865802657,46,Small-Medium,200,OK,true,102713,139,14,14,8,0,0
1637865802308,410,Large,200,OK,true,1048891,137,14,14,10,0,0
1637865802449,304,Large,200,OK,true,1048891,137,14,14,8,0,0
1637865802685,82,Medium,200,OK,true,307513,139,14,14,7,0,0
1637865802671,140,Medium-Large,200,OK,true,512313,139,14,14,8,0,0
1637865802685,129,Medium,200,OK,true,307514,139,14,14,15,0,7
1637865802620,208,Large,200,OK,true,1048855,137,14,14,7,0,0
1637865802814,16,Small,200,OK,true,51511,138,14,14,8,0,0
1637865802811,27,Small-Medium,200,OK,true,102713,139,14,14,7,0,0
1637865802592,253,Large,200,OK,true,1048891,137,14,14,6,0,0
1637865802708,142,Medium-Large,200,OK,true,512313,139,14,14,8,0,0
1637865802613,253,Large,200,OK,true,1048890,137,14,14,7,0,0
1637865802845,26,Small-Medium,200,OK,true,102713,139,14,14,9,0,0
1637865802850,26,Small-Medium,200,OK,true,102713,139,14,14,8,0,0
1637865802653,237,Large,200,OK,true,1048891,137,14,14,8,0,0
1637865802868,22,Small,200,OK,true,51511,138,14,14,7,0,0
1637865802828,68,Small-Medium,200,OK,true,102714,139,14,14,17,0,9
1637865802767,130,Medium-Large,200,OK,true,512313,139,14,14,8,0,0
1637865802714,187,Medium-Large,200,OK,true,512313,139,14,14,9,0,0
1637865802521,386,Large,200,OK,true,1048891,137,14,14,8,0,0
1637865802711,200,Large,200,OK,true,1048891,137,14,14,8,0,0
1637865802891,24,Small-Medium,200,OK,true,102712,139,14,14,6,0,0
1637865802897,18,Small,200,OK,true,51511,138,14,14,9,0,0
1637865802906,17,Small,200,OK,true,51511,138,14,14,10,0,0
1637865802900,28,Small-Medium,200,OK,true,102713,139,14,14,10,0,0
1637865802901,27,Small,200,OK,true,51511,138,14,14,10,0,0
1637865802912,16,Small-Medium,200,OK,true,102713,139,14,14,7,0,0
1637865802718,214,Medium-Large,200,OK,true,512313,139,14,14,8,0,0
1637865802896,51,Medium,200,OK,true,307513,139,14,14,8,0,0
1637865802870,79,Medium-Large,200,OK,true,512313,139,14,14,8,0,0
1637865802932,25,Small-Medium,200,OK,true,102713,139,14,14,7,0,0
1637865802949,13,Small,200,OK,true,51511,138,14,14,6,0,0
1637865802962,16,Small,200,OK,true,51511,138,14,14,8,0,0
1637865802867,121,Medium-Large,200,OK,true,512312,139,14,14,6,0,0
1637865802988,25,Small,200,OK,true,51511,138,14,14,7,0,0
1637865802968,49,Medium,200,OK,true,307513,139,14,14,7,0,0
1637865803007,27,Small-Medium,200,OK,true,102713,139,14,14,8,0,0
1637865802754,282,Large,200,OK,true,1048891,137,14,14,9,0,0
1637865802652,385,Large,200,OK,true,1048891,137,14,14,7,0,0
1637865803017,25,Small-Medium,200,OK,true,102713,139,14,14,8,0,0
1637865802952,94,Medium-Large,200,OK,true,512313,139,14,14,7,0,0
1637865802957,117,Medium-Large,200,OK,true,512313,139,14,14,7,0,0
1637865803024,66,Medium,200,OK,true,307513,139,14,14,8,0,0
1637865803046,64,Medium,200,OK,true,307513,139,14,14,9,0,0
1637865802989,125,Medium-Large,200,OK,true,512312,139,14,14,8,0,0
1637865803073,66,Medium,200,OK,true,307513,139,14,14,11,0,0
1637865803114,34,Small-Medium,200,OK,true,102712,139,14,14,7,0,0
1637865802924,238,Large,200,OK,true,1048891,137,14,14,7,0,0
1637865803074,88,Medium,200,OK,true,307513,139,14,14,12,0,0
1637865803139,24,Small-Medium,200,OK,true,102713,139,14,14,8,0,0
1637865803037,137,Medium,200,OK,true,307513,139,14,14,9,0,0
1637865803036,166,Medium-Large,200,OK,true,512313,139,14,14,7,0,0
1637865803075,133,Medium-Large,200,OK,true,512313,139,14,14,8,0,0
1637865802947,275,Large,200,OK,true,1048890,137,14,14,6,0,0
1637865803090,132,Medium-Large,200,OK,true,512313,139,14,14,9,0,0
1637865802954,269,Large,200,OK,true,1048891,137,14,14,7,0,0
1637865803202,28,Small,200,OK,true,51511,138,14,14,7,0,0
1637865803209,28,Small-Medium,200,OK,true,102713,139,14,14,13,0,0
1637865803223,15,Small,200,OK,true,51511,138,14,14,6,0,0
1637865803223,27,Small-Medium,200,OK,true,102713,139,14,14,10,0,0
1637865803222,32,Small-Medium,200,OK,true,102712,139,14,14,9,0,0
1637865802907,363,Large,200,OK,true,1048891,137,14,14,9,0,0
1637865803162,111,Medium-Large,200,OK,true,512313,139,14,14,10,0,0
1637865803174,111,Medium,200,OK,true,307513,139,14,14,9,0,0
1637865803263,32,Small-Medium,200,OK,true,102713,139,14,14,8,0,0
1637865803110,187,Large,200,OK,true,1048891,137,14,14,7,0,0
1637865803170,130,Medium-Large,200,OK,true,512277,139,14,14,6,0,0
1637865803278,28,Small-Medium,200,OK,true,102713,139,14,14,11,0,0
1637865803196,112,Medium-Large,200,OK,true,512313,139,14,14,9,0,0
1637865803285,24,Small,200,OK,true,51511,138,14,14,9,0,0
1637865803271,46,Small-Medium,200,OK,true,102713,139,14,14,7,0,0
1637865802957,372,Large,200,OK,true,1048891,137,14,14,8,0,0
1637865803273,60,Medium,200,OK,true,307513,139,14,14,7,0,0
1637865803327,21,Small,200,OK,true,51511,138,14,14,7,0,0
1637865803320,28,Small-Medium,200,OK,true,102713,139,14,14,7,0,0
1637865803301,61,Small-Medium,200,OK,true,102714,139,14,14,16,0,8
1637865803309,74,Medium,200,OK,true,307513,139,14,14,7,0,0
1637865803297,89,Medium-Large,200,OK,true,512313,139,14,14,7,0,0
1637865803362,24,Small-Medium,200,OK,true,102713,139,14,14,8,0,0
1637865803376,15,Small,200,OK,true,51511,138,14,14,8,0,0
1637865803162,230,Large,200,OK,true,1048891,137,14,14,11,0,0
1637865803278,123,Medium-Large,200,OK,true,512312,139,14,14,8,0,0
1637865803384,17,Small,200,OK,true,51511,138,14,14,9,0,0
1637865803333,72,Medium,200,OK,true,307513,139,14,14,9,0,0
1637865803392,23,Small-Medium,200,OK,true,102713,139,14,14,9,0,0
1637865803405,23,Small-Medium,200,OK,true,102713,139,14,14,6,0,0
1637865803044,392,Large,200,OK,true,1048891,137,14,14,7,0,0
1637865803439,20,Small,200,OK,true,51511,138,14,14,10,0,0
1637865803448,23,Small,200,OK,true,51511,138,14,14,9,0,0
1637865803419,55,Medium,200,OK,true,307513,139,14,14,7,0,0
1637865803462,38,Small-Medium,200,OK,true,102713,139,14,14,8,0,0
1637865803436,71,Small-Medium,200,OK,true,102713,139,14,14,10,0,0
1637865803279,239,Large,200,OK,true,1048891,137,14,14,9,0,0
1637865803401,123,Medium-Large,200,OK,true,512312,139,14,14,7,0,0
1637865803519,16,Small,200,OK,true,51511,138,14,14,7,0,0
1637865803259,278,Large,200,OK,true,1048891,137,14,14,7,0,0
1637865803335,204,Large,200,OK,true,1048891,137,14,14,7,0,0
1637865803524,18,Small,200,OK,true,51510,138,14,14,9,0,0
1637865803539,14,Small,200,OK,true,51511,138,14,14,8,0,0
1637865803386,178,Large,200,OK,true,1048891,137,14,14,7,0,0
1637865803382,202,Medium-Large,200,OK,true,512313,139,14,14,7,0,0
1637865803474,111,Medium-Large,200,OK,true,512313,139,14,14,19,0,0
1637865803518,68,Medium,200,OK,true,307513,139,14,14,8,0,0
1637865803575,16,Small,200,OK,true,51511,138,14,14,8,0,0
1637865803585,26,Small,200,OK,true,51511,138,14,14,8,0,0
1637865803504,142,Medium-Large,200,OK,true,512313,139,14,14,8,0,0
1637865803636,18,Small,200,OK,true,51511,138,14,14,9,0,0
1637865803431,236,Large,200,OK,true,1048891,137,14,14,8,0,0
1637865803647,31,Small-Medium,200,OK,true,102713,139,14,14,9,0,0
1637865803581,116,Medium-Large,200,OK,true,512312,139,14,14,8,0,0
1637865803594,107,Medium-Large,200,OK,true,512313,139,14,14,9,0,0
1637865803587,125,Medium-Large,200,OK,true,512313,139,14,14,9,0,0
1637865803702,26,Small-Medium,200,OK,true,102713,139,14,14,8,0,0
1637865803496,235,Large,200,OK,true,1048891,137,14,14,6,0,0
1637865803703,33,Small-Medium,200,OK,true,102713,139,14,14,10,0,0
1637865803713,30,Small-Medium,200,OK,true,102713,139,14,14,9,0,0
1637865803507,238,Medium-Large,200,OK,true,512313,139,14,14,9,0,0
1637865803731,15,Small,200,OK,true,51511,138,14,14,7,0,0
1637865803329,431,Large,200,OK,true,1048891,137,14,14,7,0,0
1637865803564,200,Large,200,OK,true,1048891,137,14,14,8,0,0
1637865803668,108,Medium-Large,200,OK,true,512313,139,14,14,7,0,0
1637865803340,437,Large,200,OK,true,1048891,137,14,14,8,0,0
1637865803585,203,Large,200,OK,true,1048891,137,14,14,9,0,0
1637865803769,19,Small,200,OK,true,51511,138,14,14,9,0,0
1637865803777,18,Small,200,OK,true,51511,138,14,14,9,0,0
1637865803686,119,Medium-Large,200,OK,true,512313,139,14,14,8,0,0
1637865803789,23,Small-Medium,200,OK,true,102713,139,14,14,7,0,0
1637865803756,73,Medium,200,OK,true,307513,139,14,14,8,0,0
1637865803537,295,Large,200,OK,true,1048891,137,14,14,8,0,0
1637865803825,17,Small,200,OK,true,51511,138,14,14,8,0,0
1637865803764,97,Medium-Large,200,OK,true,512313,139,14,14,9,0,0
1637865803862,18,Small,200,OK,true,51511,138,14,14,8,0,0
1637865803758,123,Medium-Large,200,OK,true,512313,139,14,14,12,0,0
1637865803788,96,Medium-Large,200,OK,true,512313,139,14,14,10,0,0
1637865803880,36,Small-Medium,200,OK,true,102713,139,14,14,8,0,0
1637865803881,36,Small-Medium,200,OK,true,102713,139,14,14,8,0,0
1637865803833,85,Medium,200,OK,true,307513,139,14,14,12,0,0
1637865803843,86,Medium,200,OK,true,307513,139,14,14,8,0,0
1637865803918,16,Small-Medium,200,OK,true,102713,139,14,14,5,0,0
1637865803805,131,Medium-Large,200,OK,true,512313,139,14,14,8,0,0
1637865803884,56,Medium,200,OK,true,307513,139,14,14,8,0,0
1637865803936,14,Small,200,OK,true,51511,138,14,14,7,0,0
1637865803929,22,Small-Medium,200,OK,true,102713,139,14,14,8,0,0
1637865803940,17,Small,200,OK,true,51511,138,14,14,9,0,0
1637865803937,27,Small-Medium,200,OK,true,102713,139,14,14,6,0,0
1637865803697,269,Large,200,OK,true,1048890,137,14,14,8,0,0
1637865803778,193,Medium-Large,200,OK,true,512313,139,14,14,10,0,0
1637865803832,144,Medium-Large,200,OK,true,512313,139,14,14,11,0,0
1637865803760,217,Medium-Large,200,OK,true,512313,139,14,14,8,0,0
1637865803918,70,Medium,200,OK,true,307513,139,14,14,8,0,0
1637865803937,59,Medium,200,OK,true,307513,139,14,14,6,0,0
1637865803971,30,Small-Medium,200,OK,true,102713,139,14,14,7,0,0
1637865803830,181,Large,200,OK,true,1048891,137,14,14,7,0,0
1637865803977,34,Small-Medium,200,OK,true,102713,139,14,14,8,0,0
1637865803986,25,Small-Medium,200,OK,true,102713,139,14,14,6,0,0
1637865803996,17,Small,200,OK,true,51511,138,14,14,9,0,0
1637865803988,26,Small-Medium,200,OK,true,102713,139,14,14,8,0,0
1637865803639,412,Large,200,OK,true,1048891,137,14,14,9,0,0
1637865803976,84,Medium,200,OK,true,307513,139,14,14,7,0,0
1637865804034,32,Small,200,OK,true,51510,138,14,14,7,0,0
1637865803993,77,Medium,200,OK,true,307513,139,14,14,9,0,0
1637865803967,109,Medium-Large,200,OK,true,512312,139,14,14,6,0,0
1637865804051,26,Small,200,OK,true,51511,138,14,14,10,0,0
1637865804060,25,Small,200,OK,true,51511,138,14,14,9,0,0
1637865803997,94,Medium-Large,200,OK,true,512313,139,14,14,10,0,0
1637865804076,15,Small,200,OK,true,51475,138,14,14,9,0,0
1637865804091,16,Small,200,OK,true,51511,138,14,14,8,0,0
1637865804117,17,Small,200,OK,true,51511,138,14,14,8,0,0
1637865804089,47,Small-Medium,200,OK,true,102712,139,14,14,8,0,0
1637865803746,390,Large,200,OK,true,1048891,137,14,14,7,0,0
1637865803973,166,Large,200,OK,true,1048891,137,14,14,6,0,0
1637865804042,118,Medium-Large,200,OK,true,512313,139,14,14,8,0,0
1637865804044,118,Medium-Large,200,OK,true,512313,139,14,14,8,0,0
1637865804051,123,Medium-Large,200,OK,true,512313,139,14,14,14,0,0
1637865804160,25,Small-Medium,200,OK,true,102713,139,14,14,7,0,0
1637865804011,184,Large,200,OK,true,1048891,137,14,14,6,0,0
1637865804146,50,Small-Medium,200,OK,true,102712,139,14,14,10,0,0
1637865804139,58,Medium,200,OK,true,307513,139,14,14,8,0,0
1637865804107,103,Medium,200,OK,true,307513,139,14,14,6,0,0
1637865804146,67,Medium,200,OK,true,307513,139,14,14,10,0,0
1637865804197,18,Small,200,OK,true,51511,138,14,14,9,0,0
1637865803994,229,Large,200,OK,true,1048891,137,14,14,10,0,0
1637865804162,131,Medium-Large,200,OK,true,512313,139,14,14,8,0,0
1637865804131,165,Medium-Large,200,OK,true,512314,139,14,14,15,0,8
1637865804195,124,Medium-Large,200,OK,true,512313,139,14,14,11,0,0
1637865804174,148,Medium-Large,200,OK,true,512313,139,14,14,9,0,0
1637865804070,252,Large,200,OK,true,1048891,137,14,14,8,0,0
1637865804320,18,Small,200,OK,true,51511,138,14,14,7,0,0
1637865804213,127,Medium-Large,200,OK,true,512313,139,14,14,8,0,0
1637865804204,141,Medium,200,OK,true,307512,139,14,14,10,0,0
1637865804322,23,Small,200,OK,true,51511,138,14,14,8,0,0
1637865804322,24,Small,200,OK,true,51511,138,14,14,9,0,0
1637865804340,22,Small-Medium,200,OK,true,102713,139,14,14,8,0,0
1637865804252,113,Medium-Large,200,OK,true,512313,139,14,14,8,0,0
1637865804293,81,Medium,200,OK,true,307513,139,14,14,8,0,0
1637865804210,167,Medium-Large,200,OK,true,512313,139,14,14,9,0,0
1637865804377,17,Small,200,OK,true,51511,138,14,14,7,0,0
1637865804377,20,Small,200,OK,true,51511,138,14,14,9,0,0
1637865804374,25,Small-Medium,200,OK,true,102713,139,14,14,7,0,0
1637865804027,392,Large,200,OK,true,1048890,137,14,14,8,0,0
1637865804419,21,Small,200,OK,true,51510,138,14,14,7,0,0
1637865804346,101,Medium,200,OK,true,307512,139,14,14,7,0,0
1637865804377,71,Medium,200,OK,true,307513,139,14,14,8,0,0
1637865804433,21,Small,200,OK,true,51511,138,14,14,8,0,0
1637865804375,80,Medium,200,OK,true,307513,139,14,14,8,0,0
1637865804430,27,Small-Medium,200,OK,true,102713,139,14,14,8,0,0
1637865804397,61,Medium,200,OK,true,307513,139,14,14,6,0,0
1637865804447,21,Small,200,OK,true,51510,138,14,14,7,0,0
1637865804215,255,Large,200,OK,true,1048891,137,14,14,8,0,0
1637865804223,251,Large,200,OK,true,1048891,137,14,14,9,0,0
1637865804172,312,Large,200,OK,true,1048891,137,14,14,9,0,0
1637865804296,218,Large,200,OK,true,1048891,137,14,14,7,0,0
1637865804490,36,Small-Medium,200,OK,true,102713,139,14,14,6,0,0
1637865804514,15,Small,200,OK,true,51511,138,14,14,8,0,0
1637865804432,98,Medium,200,OK,true,307513,139,14,14,8,0,0
1637865804455,78,Medium,200,OK,true,307513,139,14,14,8,0,0
1637865804136,407,Large,200,OK,true,1048891,137,14,14,8,0,0
1637865804533,17,Small,200,OK,true,51511,138,14,14,8,0,0
1637865804474,81,Medium,200,OK,true,307513,139,14,14,8,0,0
1637865804546,20,Small,200,OK,true,51511,138,14,14,7,0,0
1637865804448,122,Medium-Large,200,OK,true,512313,139,14,14,7,0,0
1637865804543,28,Small,200,OK,true,51511,138,14,14,8,0,0
1637865804365,208,Large,200,OK,true,1048891,137,14,14,7,0,0
1637865804470,114,Medium-Large,200,OK,true,512313,139,14,14,6,0,0
1637865804487,102,Medium-Large,200,OK,true,512313,139,14,14,7,0,0
1637865804570,26,Small-Medium,200,OK,true,102713,139,14,14,8,0,0
1637865804602,18,Small,200,OK,true,51511,138,14,14,6,0,0
1637865804555,70,Medium,200,OK,true,307513,139,14,14,7,0,0
1637865804573,68,Medium,200,OK,true,307513,139,14,14,7,0,0
1637865804475,180,Medium-Large,200,OK,true,512312,139,14,14,8,0,0
1637865804641,28,Small-Medium,200,OK,true,102713,139,14,14,7,0,0
1637865804458,215,Large,200,OK,true,1048891,137,14,14,7,0,0
1637865804570,111,Medium-Large,200,OK,true,512313,139,14,14,7,0,0
1637865804530,176,Medium-Large,200,OK,true,512313,139,14,14,8,0,0
1637865804590,120,Medium-Large,200,OK,true,512313,139,14,14,7,0,0
1637865804681,30,Small-Medium,200,OK,true,102713,139,14,14,7,0,0
1637865804710,15,Small,200,OK,true,51511,138,14,14,7,0,0
1637865804673,71,Medium,200,OK,true,307513,139,14,14,7,0,0
1637865804625,133,Medium-Large,200,OK,true,512313,139,14,14,8,0,0
1637865804655,107,Medium,200,OK,true,307512,139,14,14,7,0,0
1637865804658,133,Medium-Large,200,OK,true,512313,139,14,14,6,0,0
1637865804484,309,Large,200,OK,true,1048891,137,14,14,7,0,0
1637865804600,200,Medium-Large,200,OK,true,512313,139,14,14,7,0,0
1637865804792,16,Small,200,OK,true,51511,138,14,14,7,0,0
1637865804744,77,Medium,200,OK,true,307513,139,14,14,8,0,0
1637865804800,21,Small,200,OK,true,51511,138,14,14,7,0,0
1637865804793,37,Small-Medium,200,OK,true,102713,139,14,14,7,0,0
1637865804758,80,Medium,200,OK,true,307513,139,14,14,7,0,0
1637865804584,255,Large,200,OK,true,1048891,137,14,14,7,0,0
1637865804765,77,Medium,200,OK,true,307513,139,14,14,8,0,0
1637865804588,259,Large,200,OK,true,1048891,137,14,14,7,0,0
1637865804502,357,Large,200,OK,true,1048890,137,14,14,7,0,0
1637865804847,16,Small,200,OK,true,51511,138,14,14,7,0,0
1637865804847,18,Small,200,OK,true,51511,138,14,14,8,0,0
1637865804849,21,Small,200,OK,true,51511,138,14,14,7,0,0
1637865804738,142,Medium-Large,200,OK,true,512313,139,14,14,7,0,0
1637865804625,256,Large,200,OK,true,1048891,137,14,14,9,0,0
1637865804859,34,Small-Medium,200,OK,true,102712,139,14,14,7,0,0
1637865804842,58,Medium,200,OK,true,307513,139,14,14,7,0,0
1637865804839,72,Medium,200,OK,true,307513,139,14,14,8,0,0
1637865804698,217,Large,200,OK,true,1048891,137,14,14,7,0,0
1637865804904,17,Small,200,OK,true,51511,138,14,14,7,0,0
1637865804821,100,Medium-Large,200,OK,true,512313,139,14,14,7,0,0
1637865804900,21,Small-Medium,200,OK,true,102713,139,14,14,8,0,0
1637865804762,164,Medium-Large,200,OK,true,512312,139,14,14,7,0,0
1637865804921,16,Small,200,OK,true,51511,138,14,14,8,0,0
1637865804911,33,Small-Medium,200,OK,true,102713,139,14,14,12,0,0
1637865804838,112,Medium-Large,200,OK,true,512313,139,14,14,7,0,0
1637865804903,65,Medium,200,OK,true,307513,139,14,14,7,0,0
1637865804915,62,Medium,200,OK,true,307513,139,14,14,8,0,0
1637865804967,16,Small,200,OK,true,51511,138,14,14,7,0,0
1637865804880,119,Medium-Large,200,OK,true,512313,139,14,14,11,0,0
1637865804978,30,Small-Medium,200,OK,true,102713,139,14,14,8,0,0
1637865804977,33,Small-Medium,200,OK,true,102713,139,14,14,8,0,0
1637865804999,14,Small,200,OK,true,51511,138,14,14,7,0,0
1637865804927,87,Medium,200,OK,true,307512,139,14,14,7,0,0
1637865804914,103,Medium,200,OK,true,307512,139,14,14,7,0,0
1637865804950,72,Medium,200,OK,true,307513,139,14,14,7,0,0
1637865804706,327,Large,200,OK,true,1048891,137,14,14,8,0,0
1637865805023,17,Small,200,OK,true,51511,138,14,14,10,0,0
1637865804969,73,Medium,200,OK,true,307513,139,14,14,6,0,0
1637865804905,140,Medium-Large,200,OK,true,512313,139,14,14,7,0,0
1637865805022,24,Small-Medium,200,OK,true,102713,139,14,14,8,0,0
1637865805032,18,Small,200,OK,true,51511,138,14,14,7,0,0
1637865805033,22,Small-Medium,200,OK,true,102713,139,14,14,8,0,0
1637865805054,22,Small-Medium,200,OK,true,102713,139,14,14,7,0,0
1637865805078,15,Small,200,OK,true,51511,138,14,14,8,0,0
1637865805015,82,Medium,200,OK,true,307512,139,14,14,7,0,0
1637865804881,227,Large,200,OK,true,1048891,137,14,14,8,0,0
1637865805097,23,Small,200,OK,true,51510,138,14,14,8,0,0
1637865805108,25,Small-Medium,200,OK,true,102713,139,14,14,7,0,0
1637865805111,25,Small-Medium,200,OK,true,102713,139,14,14,6,0,0
1637865804955,185,Large,200,OK,true,1048891,137,14,14,8,0,0
1637865805089,57,Medium,200,OK,true,307513,139,14,14,8,0,0
1637865805146,27,Small-Medium,200,OK,true,102713,139,14,14,8,0,0
1637865805034,139,Medium-Large,200,OK,true,512313,139,14,14,6,0,0
1637865805045,144,Medium-Large,200,OK,true,512313,139,14,14,8,0,0
1637865804959,231,Large,200,OK,true,1048891,137,14,14,9,0,0
1637865805166,27,Small-Medium,200,OK,true,102713,139,14,14,7,0,0
1637865805154,40,Small-Medium,200,OK,true,102712,139,14,14,7,0,0
1637865805077,118,Medium-Large,200,OK,true,512313,139,14,14,7,0,0
1637865805088,107,Medium-Large,200,OK,true,512313,139,14,14,7,0,0
1637865805173,23,Small,200,OK,true,51511,138,14,14,7,0,0
1637865804856,343,Large,200,OK,true,1048891,137,14,14,7,0,0
1637865805230,18,Small,200,OK,true,51511,138,14,14,7,0,0
1637865805223,34,Small-Medium,200,OK,true,102713,139,14,14,7,0,0
1637865805140,126,Medium-Large,200,OK,true,512313,139,14,14,7,0,0
1637865805189,83,Medium,200,OK,true,307513,139,14,14,7,0,0
1637865805042,237,Large,200,OK,true,1048891,137,14,14,8,0,0
1637865805201,79,Medium,200,OK,true,307513,139,14,14,8,0,0
1637865805199,90,Medium,200,OK,true,307513,139,14,14,8,0,0
1637865805279,14,Small,200,OK,true,51511,138,14,14,3,0,0
1637865805266,31,Small-Medium,200,OK,true,102713,139,14,14,5,0,0
1637865805285,17,Small,200,OK,true,51511,138,14,14,4,0,0
1637865805289,28,Small-Medium,200,OK,true,102713,139,14,14,4,0,0
1637865805017,312,Large,200,OK,true,1048855,137,14,14,8,0,0
1637865805329,21,Small,200,OK,true,51512,138,14,14,7,0,3
1637865805279,77,Medium,200,OK,true,307513,139,14,14,4,0,0
1637865805280,77,Medium,200,OK,true,307513,139,14,14,5,0,0
1637865805341,17,Small,200,OK,true,51511,138,14,14,4,0,0
1637865805346,14,Small,200,OK,true,51511,138,14,14,3,0,0
1637865805334,30,Small-Medium,200,OK,true,102713,139,14,14,4,0,0
1637865805356,26,Small-Medium,200,OK,true,102713,139,14,14,6,0,0
1637865805135,257,Large,200,OK,true,1048891,137,14,14,7,0,0
1637865805272,121,Medium-Large,200,OK,true,512313,139,14,14,4,0,0
1637865805392,15,Small,200,OK,true,51511,138,14,14,4,0,0
1637865805163,255,Large,200,OK,true,1048891,137,14,14,7,0,0
1637865805393,28,Small-Medium,200,OK,true,102713,139,14,14,3,0,0
1637865805402,27,Small-Medium,200,OK,true,102713,139,14,14,3,0,0
1637865805358,72,Medium,200,OK,true,307513,139,14,14,3,0,0
1637865805418,12,Small,200,OK,true,51511,138,14,14,3,0,0
1637865805321,119,Medium-Large,200,OK,true,512313,139,14,14,4,0,0
1637865805430,11,Small,200,OK,true,51511,138,14,14,3,0,0
1637865805196,247,Large,200,OK,true,1048891,137,14,14,6,0,0
1637865805191,254,Large,200,OK,true,1048891,137,14,14,6,0,0
1637865805195,254,Large,200,OK,true,1048891,137,14,14,6,0,0
1637865805398,76,Medium,200,OK,true,307513,139,14,14,3,0,0
1637865805210,265,Large,200,OK,true,1048855,137,14,14,7,0,0
1637865805448,28,Small-Medium,200,OK,true,102713,139,14,14,5,0,0
1637865805450,26,Small-Medium,200,OK,true,102713,139,14,14,4,0,0
1637865805475,12,Small,200,OK,true,51511,138,14,14,4,0,0
1637865805475,18,Small,200,OK,true,51512,138,14,14,7,0,4
1637865805474,27,Small-Medium,200,OK,true,102713,139,14,14,5,0,0
1637865805385,122,Medium-Large,200,OK,true,512313,139,14,14,4,0,0
1637865805440,68,Medium,200,OK,true,307513,139,14,14,4,0,0
1637865805391,118,Medium-Large,200,OK,true,512313,139,14,14,3,0,0
1637865805443,68,Medium,200,OK,true,307513,139,14,14,4,0,0
1637865805446,72,Medium,200,OK,true,307513,139,14,14,3,0,0
1637865805511,12,Small,200,OK,true,51511,138,14,14,5,0,0
1637865805518,12,Small,200,OK,true,51511,138,14,14,3,0,0
1637865805507,28,Small-Medium,200,OK,true,102713,139,14,14,6,0,0
1637865805529,29,Small-Medium,200,OK,true,102713,139,14,14,4,0,0
1637865805447,117,Medium-Large,200,OK,true,512313,139,14,14,4,0,0
1637865805564,15,Small,200,OK,true,51511,138,14,14,7,0,0
1637865805568,30,Small-Medium,200,OK,true,102713,139,14,14,9,0,0
1637865805486,116,Medium-Large,200,OK,true,512313,139,14,14,4,0,0
1637865805509,97,Medium-Large,200,OK,true,512313,139,14,14,4,0,0
1637865805574,34,Small-Medium,200,OK,true,102713,139,14,14,8,0,0
1637865805506,116,Medium-Large,200,OK,true,512313,139,14,14,5,0,0
1637865805509,114,Medium-Large,200,OK,true,512313,139,14,14,5,0,0
1637865805564,72,Medium,200,OK,true,307513,139,14,14,7,0,0
1637865805411,234,Large,200,OK,true,1048891,137,14,14,4,0,0
1637865805602,53,Medium,200,OK,true,307513,139,14,14,7,0,0
1637865805636,34,Small-Medium,200,OK,true,102713,139,14,14,8,0,0
1637865805606,71,Medium,200,OK,true,307513,139,14,14,8,0,0
1637865805630,87,Medium,200,OK,true,307513,139,14,14,7,0,0
1637865805645,80,Medium,200,OK,true,307513,139,14,14,7,0,0
1637865805658,81,Medium,200,OK,true,307513,139,14,14,8,0,0
1637865805739,16,Small,200,OK,true,51511,138,14,14,8,0,0
1637865805622,145,Medium-Large,200,OK,true,512313,139,14,14,8,0,0
1637865805530,257,Large,200,OK,true,1048891,137,14,14,4,0,0
1637865805767,21,Small,200,OK,true,51511,138,14,14,11,0,0
1637865805677,123,Medium-Large,200,OK,true,512313,139,14,14,8,0,0
1637865805505,299,Large,200,OK,true,1048891,137,14,14,5,0,0
1637865805457,350,Large,200,OK,true,1048891,137,14,14,4,0,0
1637865805800,14,Small,200,OK,true,51511,138,14,14,7,0,0
1637865805691,141,Medium-Large,200,OK,true,512313,139,14,14,8,0,0
1637865805725,122,Medium-Large,200,OK,true,512313,139,14,14,7,0,0
1637865805832,17,Small,200,OK,true,51511,138,14,14,8,0,0
1637865805787,72,Medium,200,OK,true,307513,139,14,14,8,0,0
1637865805624,239,Large,200,OK,true,1048891,137,14,14,10,0,0
1637865805619,258,Large,200,OK,true,1048891,137,14,14,7,0,0
1637865805623,265,Large,200,OK,true,1048891,137,14,14,11,0,0
1637865805877,24,Small-Medium,200,OK,true,102713,139,14,14,7,0,0
1637865805888,15,Small,200,OK,true,51511,138,14,14,7,0,0
1637865805586,380,Large,200,OK,true,1048891,137,14,14,8,0,0
1637865805888,81,Medium,200,OK,true,307513,139,14,14,8,0,0
1637865805969,17,Small,200,OK,true,51511,138,14,14,8,0,0
1637865805717,283,Large,200,OK,true,1048891,137,14,14,8,0,0
1637865805794,228,Large,200,OK,true,1048891,137,14,14,8,0,0
1637865805943,81,Medium,200,OK,true,307513,139,14,14,8,0,0
1637865806000,96,Medium,200,OK,true,307513,139,14,14,8,0,0
1637865805822,276,Large,200,OK,true,1048891,137,14,14,8,0,0
1637865805856,245,Large,200,OK,true,1048891,137,14,14,7,0,0
1637865805863,241,Large,200,OK,true,1048891,137,14,14,8,0,0
1637865805860,260,Large,200,OK,true,1048891,137,14,14,7,0,0
1637865805847,280,Large,200,OK,true,1048891,137,14,14,8,0,0
1637865806022,114,Medium-Large,200,OK,true,512313,139,14,14,8,0,0
1637865805804,335,Large,200,OK,true,1048891,137,14,14,7,0,0
1637865806120,35,Small-Medium,200,OK,true,102713,139,14,14,7,0,0
1637865806127,34,Small-Medium,200,OK,true,102713,139,14,14,7,0,0
1637865806139,23,Small,200,OK,true,51511,138,14,14,8,0,0
1637865806024,144,Medium-Large,200,OK,true,512313,139,14,14,9,0,0
1637865806102,71,Medium,200,OK,true,307513,139,14,14,8,0,0
1637865806024,155,Medium-Large,200,OK,true,512313,139,14,14,8,0,0
1637865806136,55,Medium,200,OK,true,307513,139,14,14,8,0,0
1637865806169,23,Small-Medium,200,OK,true,102713,139,14,14,6,0,0
1637865805933,259,Large,200,OK,true,1048891,137,14,14,7,0,0
1637865806173,21,Small-Medium,200,OK,true,102713,139,14,14,7,0,0
1637865806192,13,Small,200,OK,true,51511,138,14,14,6,0,0
1637865806104,104,Medium-Large,200,OK,true,512313,139,14,14,7,0,0
1637865806183,30,Small-Medium,200,OK,true,102713,139,14,14,7,0,0
1637865806194,20,Small,200,OK,true,51511,138,14,14,8,0,0
1637865806096,127,Medium-Large,200,OK,true,512313,139,14,14,8,0,0
1637865805808,420,Large,200,OK,true,1048891,137,14,14,7,0,0
1637865806208,39,Medium,200,OK,true,307513,139,14,14,6,0,0
1637865806179,72,Medium,200,OK,true,307513,139,14,14,8,0,0
1637865806225,26,Small-Medium,200,OK,true,102713,139,14,14,7,0,0
1637865806192,72,Medium,200,OK,true,307513,139,14,14,8,0,0
1637865806251,27,Small-Medium,200,OK,true,102713,139,14,14,9,0,0
1637865806176,114,Medium-Large,200,OK,true,512313,139,14,14,7,0,0
1637865805966,348,Large,200,OK,true,1048891,137,14,14,7,0,0
1637865806290,30,Small-Medium,200,OK,true,102713,139,14,14,8,0,0
1637865806308,15,Small,200,OK,true,51511,138,14,14,7,0,0
1637865806265,61,Medium,200,OK,true,307513,139,14,14,7,0,0
1637865806228,107,Medium-Large,200,OK,true,512313,139,14,14,9,0,0
1637865806098,240,Large,200,OK,true,1048891,137,14,14,8,0,0
1637865806228,111,Medium,200,OK,true,307513,139,14,14,8,0,0
1637865806223,122,Medium-Large,200,OK,true,512313,139,14,14,8,0,0
1637865806335,15,Small,200,OK,true,51511,138,14,14,7,0,0
1637865806280,74,Medium,200,OK,true,307513,139,14,14,9,0,0
1637865806249,108,Medium-Large,200,OK,true,512313,139,14,14,6,0,0
1637865806347,15,Small,200,OK,true,51511,138,14,14,7,0,0
1637865806357,15,Small,200,OK,true,51511,138,14,14,8,0,0
1637865806363,15,Small,200,OK,true,51511,138,14,14,7,0,0
1637865806402,28,Small-Medium,200,OK,true,102713,139,14,14,8,0,0
1637865806412,29,Small-Medium,200,OK,true,102713,139,14,14,7,0,0
1637865806354,118,Medium-Large,200,OK,true,512313,139,14,14,7,0,0
1637865806459,21,Small,200,OK,true,51511,138,14,14,7,0,0
1637865805530,955,Large,200,OK,true,1048891,137,14,14,5,0,0
1637865806238,250,Large,200,OK,true,1048891,137,14,14,8,0,0
1637865806393,112,Medium-Large,200,OK,true,512313,139,14,14,7,0,0
1637865806265,243,Large,200,OK,true,1048891,137,14,14,8,0,0
1637865806326,191,Large,200,OK,true,1048891,137,14,14,7,0,0
1637865806339,195,Medium-Large,200,OK,true,512313,139,14,14,9,0,0
1637865806251,303,Large,200,OK,true,1048891,137,15,15,7,0,0
1637865806472,85,Medium,200,OK,true,307513,139,15,15,8,0,0
1637865806420,138,Medium-Large,200,OK,true,512313,139,15,15,7,0,0
1637865806558,16,Small,200,OK,true,51511,138,15,15,7,0,0
1637865806346,242,Large,200,OK,true,1048891,137,15,15,7,0,0
1637865806338,266,Large,200,OK,true,1048891,137,15,15,8,0,0
1637865806555,63,Small-Medium,200,OK,true,102714,139,15,15,15,0,7
1637865806506,131,Medium-Large,200,OK,true,512313,139,15,15,7,0,0
1637865806618,23,Small,200,OK,true,51511,138,15,15,8,0,0
1637865806557,91,Medium,200,OK,true,307513,139,15,15,10,0,0
1637865806509,140,Medium-Large,200,OK,true,512313,139,15,15,7,0,0
1637865806314,342,Large,200,OK,true,1048891,137,15,15,7,0,0
1637865806554,112,Medium,200,OK,true,307513,139,15,15,7,0,0
1637865806648,27,Small-Medium,200,OK,true,102713,139,15,15,7,0,0
1637865806656,24,Small,200,OK,true,51511,138,15,15,8,0,0
1637865806649,34,Small-Medium,200,OK,true,102713,139,15,15,8,0,0
1637865806666,37,Small-Medium,200,OK,true,102713,139,15,15,8,0,0
1637865806637,67,Medium,200,OK,true,307513,139,15,15,7,0,0
1637865806469,257,Large,200,OK,true,1048891,137,15,15,8,0,0
1637865806535,195,Medium-Large,200,OK,true,512313,139,15,15,7,0,0
1637865806709,37,Small-Medium,200,OK,true,102713,139,15,15,8,0,0
1637865806730,24,Small,200,OK,true,51511,138,15,15,8,0,0
1637865806717,37,Small-Medium,200,OK,true,102713,139,15,15,7,0,0
1637865806618,138,Medium-Large,200,OK,true,512313,139,15,15,9,0,0
1637865806678,82,Medium,200,OK,true,307513,139,15,15,7,0,0
1637865806517,245,Large,200,OK,true,1048891,137,15,15,9,0,0
1637865806488,283,Large,200,OK,true,1048891,137,15,15,8,0,0
1637865806756,29,Small-Medium,200,OK,true,102713,139,15,15,7,0,0
1637865806515,275,Large,200,OK,true,1048891,137,15,15,10,0,0
1637865806708,85,Medium,200,OK,true,307513,139,15,15,7,0,0
1637865806777,24,Small,200,OK,true,51511,138,15,15,8,0,0
1637865806790,23,Small,200,OK,true,51511,138,15,15,8,0,0
1637865806704,113,Medium-Large,200,OK,true,512313,139,15,15,7,0,0
1637865806790,37,Small-Medium,200,OK,true,102713,139,15,15,8,0,0
1637865806485,345,Medium,200,OK,true,307513,139,15,15,9,0,0
1637865806768,80,Medium,200,OK,true,307513,139,15,15,8,0,0
1637865806726,124,Medium-Large,200,OK,true,512313,139,15,15,7,0,0
1637865806771,79,Medium,200,OK,true,307513,139,15,15,8,0,0
1637865806837,25,Small,200,OK,true,51511,138,15,15,7,0,0
1637865806604,268,Large,200,OK,true,1048891,137,15,15,8,0,0
1637865806849,29,Small,200,OK,true,51511,138,15,15,11,0,0
1637865806589,291,Large,200,OK,true,1048891,137,15,15,8,0,0
1637865806848,34,Small-Medium,200,OK,true,102713,139,15,15,8,0,0
1637865806760,123,Medium-Large,200,OK,true,512313,139,15,15,7,0,0
1637865806872,13,Small,200,OK,true,51511,138,15,15,7,0,0
1637865806817,71,Medium,200,OK,true,307513,139,15,15,7,0,0
1637865806763,127,Medium-Large,200,OK,true,512313,139,15,15,7,0,0
1637865806883,27,Small-Medium,200,OK,true,102713,139,15,15,10,0,0
1637865806793,120,Medium-Large,200,OK,true,512313,139,15,15,7,0,0
1637865806896,21,Small,200,OK,true,51511,138,15,15,8,0,0
1637865806850,72,Medium,200,OK,true,307513,139,15,15,9,0,0
1637865806850,76,Medium,200,OK,true,307513,139,15,15,9,0,0
1637865806910,17,Small,200,OK,true,51511,138,15,15,8,0,0
1637865806913,15,Small,200,OK,true,51511,138,15,15,8,0,0
1637865806890,67,Medium,200,OK,true,307513,139,15,15,7,0,0
1637865806850,110,Medium-Large,200,OK,true,512313,139,15,15,8,0,0
1637865806932,30,Small-Medium,200,OK,true,102713,139,15,15,8,0,0
1637865806961,31,Small-Medium,200,OK,true,102713,139,15,15,7,0,0
1637865806974,20,Small,200,OK,true,51511,138,15,15,11,0,0
1637865806957,42,Small-Medium,200,OK,true,102713,139,15,15,9,0,0
1637865806922,78,Medium,200,OK,true,307513,139,15,15,8,0,0
1637865806908,128,Medium-Large,200,OK,true,512313,139,15,15,7,0,0
1637865806726,310,Large,200,OK,true,1048891,137,15,15,8,0,0
1637865807017,28,Small,200,OK,true,51511,138,15,15,8,0,0
1637865807036,17,Small,200,OK,true,51511,138,15,15,7,0,0
1637865806927,129,Medium-Large,200,OK,true,512313,139,15,15,7,0,0
1637865806815,246,Large,200,OK,true,1048891,137,15,15,7,0,0
1637865806942,122,Medium-Large,200,OK,true,512313,139,15,15,8,0,0
1637865806957,112,Medium-Large,200,OK,true,512313,139,15,15,7,0,0
1637865807056,18,Small,200,OK,true,51511,138,15,15,7,0,0
1637865807061,17,Small,200,OK,true,51511,138,15,15,8,0,0
1637865807077,21,Small,200,OK,true,51511,138,15,15,7,0,0
1637865806889,228,Large,200,OK,true,1048891,137,15,15,7,0,0
1637865806992,131,Medium-Large,200,OK,true,512313,139,15,15,8,0,0
1637865806830,299,Medium,200,OK,true,307513,139,15,15,7,0,0
1637865807064,71,Medium,200,OK,true,307513,139,15,15,8,0,0
1637865806880,267,Large,200,OK,true,1048891,137,15,15,6,0,0
1637865807135,17,Small,200,OK,true,51511,138,15,15,8,0,0
1637865807033,125,Medium-Large,200,OK,true,512313,139,15,15,8,0,0
1637865807136,26,Small,200,OK,true,51510,138,15,15,8,0,0
1637865807037,155,Medium-Large,200,OK,true,512313,139,15,15,7,0,0
1637865807124,83,Medium,200,OK,true,307513,139,15,15,9,0,0
1637865807196,31,Small-Medium,200,OK,true,102713,139,15,15,8,0,0
1637865807158,83,Medium,200,OK,true,307513,139,15,15,8,0,0
1637865807096,147,Medium-Large,200,OK,true,512313,139,15,15,8,0,0
1637865807122,145,Medium-Large,200,OK,true,512313,139,15,15,7,0,0
1637865807000,268,Large,200,OK,true,1048891,137,15,15,6,0,0
1637865807019,250,Large,200,OK,true,1048891,137,15,15,8,0,0
1637865807116,159,Medium-Large,200,OK,true,512313,139,15,15,8,0,0
1637865807244,38,Small-Medium,200,OK,true,102713,139,15,15,8,0,0
1637865807256,30,Small-Medium,200,OK,true,102713,139,15,15,7,0,0
1637865807207,92,Medium,200,OK,true,307513,139,15,15,8,0,0
1637865807275,29,Small-Medium,200,OK,true,102713,139,15,15,8,0,0
1637865807069,257,Large,200,OK,true,1048891,137,15,15,8,0,0
1637865807315,18,Small,200,OK,true,51511,138,15,15,7,0,0
1637865807326,15,Small,200,OK,true,51511,138,15,15,8,0,0
1637865807192,161,Medium-Large,200,OK,true,512313,139,15,15,7,0,0
1637865807268,86,Medium,200,OK,true,307513,139,15,15,7,0,0
1637865807117,253,Large,200,OK,true,1048891,137,15,15,9,0,0
1637865807352,19,Small,200,OK,true,51511,138,15,15,8,0,0
1637865807196,186,Medium-Large,200,OK,true,512312,139,15,15,7,0,0
1637865807369,15,Small,200,OK,true,51511,138,15,15,8,0,0
1637865807353,32,Small-Medium,200,OK,true,102713,139,15,15,7,0,0
1637865806970,419,Large,200,OK,true,1048891,137,15,15,8,0,0
1637865807269,120,Medium-Large,200,OK,true,512313,139,15,15,7,0,0
1637865807381,24,Small,200,OK,true,51510,138,15,15,9,0,0
1637865807300,128,Medium-Large,200,OK,true,512313,139,15,15,7,0,0
1637865807388,42,Small-Medium,200,OK,true,102713,139,15,15,9,0,0
1637865807147,289,Large,200,OK,true,1048891,137,15,15,8,0,0
1637865807429,15,Small,200,OK,true,51511,138,15,15,8,0,0
1637865807427,19,Small,200,OK,true,51511,138,15,15,12,0,0
1637865807388,73,Medium,200,OK,true,307513,139,15,15,8,0,0
1637865807376,113,Medium-Large,200,OK,true,512313,139,15,15,7,0,0
1637865807386,103,Medium-Large,200,OK,true,512313,139,15,15,8,0,0
1637865807461,31,Small-Medium,200,OK,true,102713,139,15,15,8,0,0
1637865807413,79,Medium,200,OK,true,307513,139,15,15,8,0,0
1637865807242,259,Large,200,OK,true,1048891,137,15,15,8,0,0
1637865807489,16,Small,200,OK,true,51511,138,15,15,9,0,0
1637865807435,90,Medium,200,OK,true,307513,139,15,15,8,0,0
1637865807267,271,Large,200,OK,true,1048891,137,15,15,7,0,0
1637865807303,245,Large,200,OK,true,1048891,137,15,15,9,0,0
1637865807520,28,Small-Medium,200,OK,true,102713,139,15,15,8,0,0
1637865807489,64,Medium,200,OK,true,307513,139,15,15,7,0,0
1637865807538,15,Small,200,OK,true,51511,138,15,15,8,0,0
1637865807550,16,Small,200,OK,true,51511,138,15,15,9,0,0
1637865807489,78,Medium,200,OK,true,307513,139,15,15,10,0,0
1637865807335,234,Large,200,OK,true,1048891,137,15,15,7,0,0
1637865807547,26,Small-Medium,200,OK,true,102713,139,15,15,7,0,0
1637865807553,26,Small-Medium,200,OK,true,102713,139,15,15,7,0,0
1637865807581,16,Small,200,OK,true,51511,138,15,15,7,0,0
1637865807440,168,Medium-Large,200,OK,true,512312,139,15,15,9,0,0
1637865807597,15,Small,200,OK,true,51511,138,15,15,7,0,0
1637865807129,487,Medium-Large,200,OK,true,512313,139,15,15,7,0,0
1637865807492,125,Medium-Large,200,OK,true,512313,139,15,15,9,0,0
1637865807448,206,Medium-Large,200,OK,true,512313,139,15,15,8,0,0
1637865807641,17,Small,200,OK,true,51511,138,15,15,8,0,0
1637865807654,24,Small,200,OK,true,51511,138,15,15,9,0,0
1637865807610,74,Medium,200,OK,true,307513,139,15,15,8,0,0
1637865807685,23,Small-Medium,200,OK,true,102713,139,15,15,8,0,0
1637865807615,119,Small-Medium,200,OK,true,102713,139,15,15,8,0,0
1637865807414,326,Large,200,OK,true,1048891,137,15,15,7,0,0
1637865807486,261,Large,200,OK,true,1048891,137,15,15,7,0,0
1637865807613,134,Medium-Large,200,OK,true,512313,139,15,15,11,0,0
1637865807500,251,Large,200,OK,true,1048891,137,15,15,9,0,0
1637865807606,155,Medium-Large,200,OK,true,512313,139,15,15,8,0,0
1637865807740,38,Small-Medium,200,OK,true,102713,139,15,15,8,0,0
1637865807702,77,Medium,200,OK,true,307513,139,15,15,8,0,0
1637865807747,37,Small-Medium,200,OK,true,102713,139,15,15,7,0,0
1637865807657,129,Medium-Large,200,OK,true,512313,139,15,15,7,0,0
1637865807567,223,Large,200,OK,true,1048891,137,15,15,7,0,0
1637865807608,188,Medium-Large,200,OK,true,512312,139,15,15,8,0,0
1637865807790,14,Small,200,OK,true,51511,138,15,15,8,0,0
1637865807525,285,Large,200,OK,true,1048891,137,15,15,14,0,0
1637865807807,23,Small,200,OK,true,51511,138,15,15,8,0,0
1637865807568,264,Large,200,OK,true,1048891,137,15,15,8,0,0
1637865807761,75,Medium,200,OK,true,307513,139,15,15,7,0,0
1637865807796,44,Small-Medium,200,OK,true,102712,139,15,15,10,0,0
1637865807832,18,Small,200,OK,true,51511,138,15,15,8,0,0
1637865807752,124,Medium-Large,200,OK,true,512313,139,15,15,7,0,0
1637865807617,261,Large,200,OK,true,1048891,137,15,15,8,0,0
1637865807799,108,Medium,200,OK,true,307513,139,15,15,8,0,0
1637865807892,17,Small,200,OK,true,51511,138,15,15,9,0,0
1637865807786,131,Medium-Large,200,OK,true,512313,139,15,15,7,0,0
1637865807907,24,Small,200,OK,true,51511,138,15,15,12,0,0
1637865807917,35,Small-Medium,200,OK,true,102713,139,15,15,8,0,0
1637865807876,81,Medium,200,OK,true,307513,139,15,15,8,0,0
1637865807745,222,Large,200,OK,true,1048891,137,15,15,8,0,0
1637865807836,131,Medium-Large,200,OK,true,512313,139,15,15,8,0,0
1637865807850,128,Medium-Large,200,OK,true,512313,139,15,15,8,0,0
1637865807747,250,Large,200,OK,true,1048891,137,15,15,8,0,0
1637865807867,134,Medium-Large,200,OK,true,512313,139,15,15,7,0,0
1637865807968,37,Small-Medium,200,OK,true,102713,139,15,15,10,0,0
1637865807878,137,Medium-Large,200,OK,true,512313,139,15,15,9,0,0
1637865807779,237,Large,200,OK,true,1048891,137,15,15,8,0,0
1637865808016,15,Small,200,OK,true,51511,138,15,15,8,0,0
1637865807953,82,Medium,200,OK,true,307513,139,15,15,8,0,0
1637865808015,30,Small-Medium,200,OK,true,102713,139,15,15,8,0,0
1637865807734,321,Medium,200,OK,true,307513,139,15,15,9,0,0
1637865807856,233,Medium-Large,200,OK,true,512312,139,15,15,8,0,0
1637865807978,119,Medium-Large,200,OK,true,512313,139,15,15,8,0,0
1637865807967,136,Medium-Large,200,OK,true,512313,139,15,15,9,0,0
1637865807810,299,Large,200,OK,true,1048891,137,15,15,12,0,0
1637865808097,14,Small,200,OK,true,51511,138,15,15,8,0,0
1637865807997,120,Medium-Large,200,OK,true,512313,139,15,15,8,0,0
1637865808035,87,Medium,200,OK,true,307513,139,15,15,9,0,0
1637865808109,22,Small,200,OK,true,51511,138,15,15,7,0,0
1637865807966,172,Medium-Large,200,OK,true,512313,139,15,15,8,0,0
1637865808117,26,Small-Medium,200,OK,true,102713,139,15,15,8,0,0
1637865808138,15,Small,200,OK,true,51511,138,15,15,8,0,0
1637865807713,459,Large,200,OK,true,1048891,137,15,15,8,0,0
1637865808158,15,Small,200,OK,true,51511,138,15,15,7,0,0
1637865808077,108,Medium-Large,200,OK,true,512313,139,15,15,7,0,0
1637865808169,30,Small-Medium,200,OK,true,102713,139,15,15,8,0,0
1637865808122,79,Medium,200,OK,true,307513,139,15,15,8,0,0
1637865808176,29,Small-Medium,200,OK,true,102713,139,15,15,8,0,0
1637865807957,252,Large,200,OK,true,1048891,137,15,15,8,0,0
1637865808201,21,Small,200,OK,true,51511,138,15,15,11,0,0
1637865808103,120,Medium-Large,200,OK,true,512313,139,15,15,7,0,0
1637865808217,14,Small,200,OK,true,51511,138,15,15,8,0,0
1637865808001,243,Large,200,OK,true,1048891,137,15,15,8,0,0
1637865807977,283,Large,200,OK,true,1048891,137,15,15,8,0,0
1637865808230,32,Small-Medium,200,OK,true,102713,139,15,15,8,0,0
1637865808237,25,Small-Medium,200,OK,true,102713,139,15,15,8,0,0
1637865808261,15,Small,200,OK,true,51511,138,15,15,8,0,0
1637865808185,105,Medium-Large,200,OK,true,512313,139,15,15,7,0,0
1637865808277,14,Small,200,OK,true,51511,138,15,15,7,0,0
1637865808028,264,Large,200,OK,true,1048891,137,15,15,9,0,0
1637865808290,15,Small,200,OK,true,51511,138,15,15,8,0,0
1637865808075,232,Large,200,OK,true,1048891,137,15,15,7,0,0
1637865808289,22,Small,200,OK,true,51511,138,15,15,8,0,0
1637865808292,33,Small-Medium,200,OK,true,102713,139,15,15,11,0,0
1637865808260,72,Medium,200,OK,true,307513,139,15,15,7,0,0
1637865808322,14,Small,200,OK,true,51511,138,15,15,7,0,0
1637865808172,172,Medium-Large,200,OK,true,512313,139,15,15,9,0,0
1637865808055,307,Medium,200,OK,true,307513,139,15,15,8,0,0
1637865808244,124,Medium-Large,200,OK,true,512313,139,15,15,8,0,0
1637865808382,20,Small,200,OK,true,51511,138,15,15,8,0,0
1637865808296,108,Medium-Large,200,OK,true,512313,139,15,15,8,0,0
1637865808351,71,Medium,200,OK,true,307513,139,15,15,8,0,0
1637865808404,26,Small-Medium,200,OK,true,102712,139,15,15,8,0,0
1637865808223,226,Large,200,OK,true,1048891,137,15,15,10,0,0
1637865808337,129,Medium-Large,200,OK,true,512313,139,15,15,8,0,0
1637865808089,382,Large,200,OK,true,1048890,137,15,15,13,0,0
1637865808209,262,Large,200,OK,true,1048891,137,15,15,8,0,0
1637865808441,37,Small-Medium,200,OK,true,102713,139,15,15,9,0,0
1637865808466,17,Small,200,OK,true,51510,138,15,15,9,0,0
1637865808362,129,Small-Medium,200,OK,true,102713,139,15,15,8,0,0
1637865808344,147,Medium,200,OK,true,307513,139,15,15,8,0,0
1637865808349,153,Medium-Large,200,OK,true,512313,139,15,15,8,0,0
1637865808368,138,Medium-Large,200,OK,true,512313,139,15,15,9,0,0
1637865808200,312,Large,200,OK,true,1048891,137,15,15,10,0,0
1637865808491,25,Small,200,OK,true,51511,138,15,15,9,0,0
1637865808471,51,Small-Medium,200,OK,true,102712,139,15,15,10,0,0
1637865808422,111,Medium-Large,200,OK,true,512313,139,15,15,8,0,0
1637865808466,71,Medium,200,OK,true,307513,139,15,15,6,0,0
1637865808502,36,Small-Medium,200,OK,true,102713,139,15,15,9,0,0
1637865808506,37,Small-Medium,200,OK,true,102713,139,15,15,12,0,0
1637865808512,36,Small-Medium,200,OK,true,102713,139,15,15,9,0,0
1637865808533,16,Small,200,OK,true,51511,138,15,15,8,0,0
1637865808524,26,Small-Medium,200,OK,true,102712,139,15,15,9,0,0
1637865808500,65,Medium,200,OK,true,307513,139,15,15,10,0,0
1637865808307,269,Large,200,OK,true,1048891,137,15,15,7,0,0
1637865808537,45,Medium,200,OK,true,307513,139,15,15,7,0,0
1637865808593,17,Small,200,OK,true,51511,138,15,15,9,0,0
1637865808572,43,Small-Medium,200,OK,true,102712,139,15,15,8,0,0
1637865808332,287,Large,200,OK,true,1048891,137,15,15,10,0,0
1637865808597,25,Small-Medium,200,OK,true,102713,139,15,15,9,0,0
1637865808352,271,Large,200,OK,true,1048891,137,15,15,10,0,0
1637865808619,24,Small-Medium,200,OK,true,102713,139,15,15,7,0,0
1637865808623,25,Small-Medium,200,OK,true,102713,139,15,15,8,0,0
1637865808632,25,Small,200,OK,true,51510,138,15,15,9,0,0
1637865808550,111,Medium,200,OK,true,307513,139,15,15,7,0,0
1637865808449,222,Large,200,OK,true,1048891,137,15,15,17,0,0
1637865808657,16,Small,200,OK,true,51511,138,15,15,7,0,0
1637865808565,117,Medium-Large,200,OK,true,512313,139,15,15,8,0,0
1637865808576,129,Medium-Large,200,OK,true,512313,139,15,15,9,0,0
1637865808654,53,Medium,200,OK,true,307513,139,15,15,7,0,0
1637865808661,47,Small-Medium,200,OK,true,102713,139,15,15,9,0,0
1637865808678,36,Small-Medium,200,OK,true,102713,139,15,15,8,0,0
1637865808692,22,Small,200,OK,true,51510,138,15,15,8,0,0
1637865808471,246,Large,200,OK,true,1048891,137,15,15,10,0,0
1637865808713,16,Small,200,OK,true,51511,138,15,15,7,0,0
1637865808705,26,Small-Medium,200,OK,true,102713,139,15,15,8,0,0
1637865808671,63,Medium,200,OK,true,307513,139,15,15,9,0,0
1637865808717,18,Small,200,OK,true,51511,138,15,15,11,0,0
1637865808721,29,Small-Medium,200,OK,true,102713,139,15,15,8,0,0
1637865808751,41,Small-Medium,200,OK,true,102712,139,15,15,10,0,0
1637865808583,212,Large,200,OK,true,1048890,137,15,15,9,0,0
1637865808563,234,Large,200,OK,true,1048891,137,15,15,7,0,0
1637865808734,63,Medium,200,OK,true,307513,139,15,15,7,0,0
1637865808766,37,Small-Medium,200,OK,true,102713,139,15,15,8,0,0
1637865808778,29,Small-Medium,200,OK,true,102713,139,15,15,8,0,0
1637865808567,259,Large,200,OK,true,1048891,137,15,15,8,0,0
1637865808797,34,Small-Medium,200,OK,true,102713,139,15,15,10,0,0
1637865808717,124,Medium-Large,200,OK,true,512313,139,15,15,9,0,0
1637865808739,138,Medium-Large,200,OK,true,512313,139,15,15,6,0,0
1637865808773,131,Medium-Large,200,OK,true,512313,139,15,15,9,0,0
1637865808836,78,Medium,200,OK,true,307513,139,15,15,8,0,0
1637865808825,90,Medium,200,OK,true,307513,139,15,15,8,0,0
1637865808826,89,Medium,200,OK,true,307513,139,15,15,8,0,0
1637865808781,140,Medium,200,OK,true,307513,139,15,15,9,0,0
1637865808812,113,Medium,200,OK,true,307512,139,15,15,10,0,0
1637865808915,20,Small,200,OK,true,51511,138,15,15,9,0,0
1637865808857,85,Medium,200,OK,true,307513,139,15,15,9,0,0
1637865808683,265,Large,200,OK,true,1048891,137,15,15,10,0,0
1637865808531,430,Large,200,OK,true,1048855,137,15,15,8,0,0
1637865808683,282,Large,200,OK,true,1048891,137,15,15,8,0,0
1637865808948,18,Small,200,OK,true,51511,138,15,15,9,0,0
1637865808904,67,Medium,200,OK,true,307513,139,15,15,8,0,0
1637865808921,51,Small-Medium,200,OK,true,102713,139,15,15,8,0,0
1637865808841,144,Medium-Large,200,OK,true,512313,139,15,15,9,0,0
1637865808965,31,Small-Medium,200,OK,true,102713,139,15,15,7,0,0
1637865808974,22,Small,200,OK,true,51511,138,15,15,11,0,0
1637865808915,84,Medium,200,OK,true,307513,139,15,15,9,0,0
1637865808877,133,Medium-Large,200,OK,true,512313,139,15,15,8,0,0
1637865808795,237,Large,200,OK,true,1048890,137,15,15,8,0,0
1637865808999,35,Small-Medium,200,OK,true,102713,139,15,15,7,0,0
1637865808961,73,Small,200,OK,true,51512,138,15,15,17,0,9
1637865808797,240,Large,200,OK,true,1048891,137,15,15,7,0,0
1637865809010,31,Small-Medium,200,OK,true,102713,139,15,15,9,0,0
1637865809025,23,Small,200,OK,true,51511,138,15,15,8,0,0
1637865809034,32,Small-Medium,200,OK,true,102713,139,15,15,9,0,0
1637865809060,22,Small,200,OK,true,51511,138,15,15,7,0,0
1637865808942,142,Medium-Large,200,OK,true,512313,139,15,15,8,0,0
1637865808985,117,Medium-Large,200,OK,true,512313,139,15,15,9,0,0
1637865809034,71,Small-Medium,200,OK,true,102713,139,15,15,8,0,0
1637865809095,25,Small,200,OK,true,51511,138,15,15,8,0,0
1637865808915,215,Large,200,OK,true,1048891,137,15,15,8,0,0
1637865809105,34,Small-Medium,200,OK,true,102713,139,15,15,9,0,0
1637865809037,117,Medium-Large,200,OK,true,512313,139,15,15,9,0,0
1637865809102,76,Medium,200,OK,true,307513,139,15,15,8,0,0
1637865808971,231,Large,200,OK,true,1048891,137,15,15,9,0,0
1637865809071,132,Medium-Large,200,OK,true,512313,139,15,15,8,0,0
1637865809203,16,Small,200,OK,true,51511,138,15,15,8,0,0
1637865809084,139,Medium-Large,200,OK,true,512313,139,15,15,8,0,0
1637865809202,28,Small-Medium,200,OK,true,102713,139,15,15,8,0,0
1637865808925,321,Large,200,OK,true,1048890,137,15,15,9,0,0
1637865809155,95,Medium,200,OK,true,307513,139,15,15,9,0,0
1637865809223,33,Small-Medium,200,OK,true,102713,139,15,15,8,0,0
1637865809008,255,Large,200,OK,true,1048891,137,15,15,9,0,0
1637865809130,138,Medium-Large,200,OK,true,512313,139,15,15,10,0,0
1637865809032,243,Large,200,OK,true,1048890,137,15,15,8,0,0
1637865809155,131,Medium-Large,200,OK,true,512313,139,15,15,9,0,0
1637865809263,30,Small-Medium,200,OK,true,102713,139,15,15,8,0,0
1637865809264,30,Small-Medium,200,OK,true,102713,139,15,15,8,0,0
1637865809286,26,Small-Medium,200,OK,true,102713,139,15,15,9,0,0
1637865809322,25,Small,200,OK,true,51511,138,15,15,9,0,0
1637865809084,272,Large,200,OK,true,1048891,137,15,15,8,0,0
1637865809323,37,Small-Medium,200,OK,true,102713,139,15,15,16,0,0
1637865809262,126,Medium-Large,200,OK,true,512313,139,15,15,7,0,0
1637865809119,273,Large,200,OK,true,1048891,137,15,15,9,0,0
1637865809347,75,Medium,200,OK,true,307513,139,15,15,7,0,0
1637865809164,260,Large,200,OK,true,1048891,137,15,15,8,0,0
1637865809178,258,Large,200,OK,true,1048891,137,15,15,9,0,0
1637865809423,25,Small-Medium,200,OK,true,102713,139,15,15,8,0,0
1637865809424,27,Small-Medium,200,OK,true,102713,139,15,15,8,0,0
1637865809283,173,Medium-Large,200,OK,true,512313,139,15,15,9,0,0
1637865809437,24,Small-Medium,200,OK,true,102713,139,15,15,9,0,0
1637865808982,493,Large,200,OK,true,1048891,137,15,15,9,0,0
1637865809456,35,Small-Medium,200,OK,true,102713,139,15,15,9,0,0
1637865809268,233,Large,200,OK,true,1048891,137,15,15,8,0,0
1637865809475,27,Small,200,OK,true,51511,138,15,15,9,0,0
1637865809484,30,Small-Medium,200,OK,true,102713,139,15,15,11,0,0
1637865809382,135,Medium-Large,200,OK,true,512313,139,15,15,9,0,0
1637865809250,271,Large,200,OK,true,1048890,137,15,15,8,0,0
1637865809501,25,Small-Medium,200,OK,true,102713,139,15,15,9,0,0
1637865809517,20,Small,200,OK,true,51511,138,15,15,8,0,0
1637865809275,265,Large,200,OK,true,1048890,137,15,15,9,0,0
1637865809517,34,Small-Medium,200,OK,true,102713,139,15,15,7,0,0
1637865809522,32,Small-Medium,200,OK,true,102712,139,15,15,6,0,0
1637865809495,76,Medium,200,OK,true,307513,139,15,15,9,0,0
1637865809561,26,Small-Medium,200,OK,true,102713,139,15,15,8,0,0
1637865809483,107,Medium-Large,200,OK,true,512313,139,15,15,9,0,0
1637865809544,57,Medium,200,OK,true,307513,139,15,15,8,0,0
1637865809581,36,Small,200,OK,true,51510,138,15,15,9,0,0
1637865809576,46,Small-Medium,200,OK,true,102713,139,15,15,10,0,0
1637865809247,376,Large,200,OK,true,1048890,137,15,15,8,0,0
1637865809388,251,Large,200,OK,true,1048891,137,15,15,9,0,0
1637865809540,102,Medium-Large,200,OK,true,512312,139,15,15,8,0,0
1637865809620,27,Small-Medium,200,OK,true,102713,139,15,15,9,0,0
1637865809384,266,Large,200,OK,true,1048891,137,15,15,11,0,0
1637865809392,263,Large,200,OK,true,1048891,137,15,15,9,0,0
1637865809356,304,Large,200,OK,true,1048891,137,15,15,9,0,0
1637865809642,26,Small-Medium,200,OK,true,102712,139,15,15,10,0,0
1637865809637,33,Small-Medium,200,OK,true,102713,139,15,15,10,0,0
1637865809642,34,Small-Medium,200,OK,true,102712,139,15,15,9,0,0
1637865809617,73,Medium,200,OK,true,307513,139,15,15,6,0,0
1637865809534,160,Medium,200,OK,true,307513,139,15,15,9,0,0
1637865809681,28,Small-Medium,200,OK,true,102713,139,15,15,8,0,0
1637865809639,121,Medium-Large,200,OK,true,512313,139,15,15,9,0,0
1637865809696,95,Medium,200,OK,true,307513,139,15,15,10,0,0
1637865809655,157,Medium-Large,200,OK,true,512313,139,15,15,7,0,0
1637865808491,1321,Large,200,OK,true,1048891,137,15,15,8,0,0
1637865809690,140,Medium-Large,200,OK,true,512313,139,15,15,10,0,0
1637865809812,20,Small,200,OK,true,51511,138,15,15,10,0,0
1637865809701,133,Medium-Large,200,OK,true,512312,139,15,15,9,0,0
1637865809694,146,Medium,200,OK,true,307513,139,15,15,10,0,0
1637865809590,254,Large,200,OK,true,1048891,137,15,15,9,0,0
1637865809830,17,Small,200,OK,true,51511,138,15,15,8,0,0
1637865809571,277,Large,200,OK,true,1048891,137,15,15,8,0,0
1637865809834,16,Small,200,OK,true,51510,138,15,15,8,0,0
1637865809844,16,Small,200,OK,true,51511,138,15,15,8,0,0
1637865809791,74,Medium,200,OK,true,307513,139,15,15,10,0,0
1637865809576,290,Large,200,OK,true,1048891,137,15,15,10,0,0
1637865809848,24,Small-Medium,200,OK,true,102713,139,15,15,8,0,0
1637865809813,66,Small,200,OK,true,51511,138,15,15,10,0,0
1637865809840,39,Small-Medium,200,OK,true,102713,139,15,15,8,0,0
1637865809871,16,Small,200,OK,true,51511,138,15,15,9,0,0
1637865809865,23,Small-Medium,200,OK,true,102713,139,15,15,8,0,0
1637865809866,23,Small-Medium,200,OK,true,102713,139,15,15,8,0,0
1637865809891,15,Small-Medium,200,OK,true,102713,139,15,15,6,0,0
1637865809623,286,Large,200,OK,true,1048890,137,15,15,10,0,0
1637865809701,227,Large,200,OK,true,1048855,137,15,15,10,0,0
1637865809904,24,Small-Medium,200,OK,true,102713,139,15,15,7,0,0
1637865809660,270,Large,200,OK,true,1048891,137,15,15,9,0,0
1637865809879,52,Small,200,OK,true,51511,138,15,15,8,0,0
1637865809650,285,Large,200,OK,true,1048891,137,15,15,8,0,0
1637865809925,12,Small,200,OK,true,51511,138,15,15,7,0,0
1637865809931,21,Small,200,OK,true,51511,138,15,15,12,0,0
1637865809740,214,Large,200,OK,true,1048891,137,15,15,8,0,0
1637865809760,196,Large,200,OK,true,1048891,137,15,15,10,0,0
1637865809954,15,Small,200,OK,true,51511,138,15,15,7,0,0
1637865809928,42,Small-Medium,200,OK,true,102714,139,15,15,12,0,6
1637865809964,23,Small-Medium,200,OK,true,102713,139,15,15,8,0,0
1637865809956,48,Medium,200,OK,true,307513,139,15,15,7,0,0
1637865809985,26,Small-Medium,200,OK,true,102713,139,15,15,8,0,0
1637865809950,63,Medium,200,OK,true,307513,139,15,15,8,0,0
1637865809907,111,Medium-Large,200,OK,true,512313,139,15,15,8,0,0
1637865809941,110,Small-Medium,200,OK,true,102713,139,15,15,9,0,0
1637865810017,38,Small-Medium,200,OK,true,102713,139,15,15,9,0,0
1637865809926,136,Medium-Large,200,OK,true,512313,139,15,15,9,0,0
1637865810019,45,Small-Medium,200,OK,true,102713,139,15,15,9,0,0
1637865809989,99,Medium,200,OK,true,307513,139,15,15,10,0,0
1637865810023,78,Medium,200,OK,true,307513,139,15,15,10,0,0
1637865810077,27,Small-Medium,200,OK,true,102713,139,15,15,8,0,0
1637865809899,227,Medium-Large,200,OK,true,512313,139,15,15,8,0,0
1637865810102,25,Small-Medium,200,OK,true,102713,139,15,15,9,0,0
1637865810051,77,Small,200,OK,true,51511,138,15,15,9,0,0
1637865810049,80,Medium,200,OK,true,307513,139,15,15,9,0,0
1637865810137,16,Small,200,OK,true,51511,138,15,15,8,0,0
1637865809895,259,Large,200,OK,true,1048890,137,15,15,7,0,0
1637865810062,96,Medium,200,OK,true,307513,139,15,15,10,0,0
1637865810078,87,Medium,200,OK,true,307513,139,15,15,9,0,0
1637865810160,30,Small-Medium,200,OK,true,102713,139,15,15,11,0,0
1637865810158,35,Small-Medium,200,OK,true,102713,139,15,15,8,0,0
1637865809933,270,Large,200,OK,true,1048891,137,15,15,7,0,0
1637865810129,74,Medium,200,OK,true,307513,139,15,15,9,0,0
1637865809935,283,Large,200,OK,true,1048891,137,15,15,7,0,0
1637865810203,18,Small,200,OK,true,51511,138,15,15,7,0,0
1637865810203,18,Small,200,OK,true,51511,138,15,15,9,0,0
1637865810128,120,Small-Medium,200,OK,true,102713,139,15,15,9,0,0
1637865810218,35,Small-Medium,200,OK,true,102713,139,15,15,10,0,0
1637865810218,35,Small-Medium,200,OK,true,102713,139,15,15,10,0,0
1637865809909,345,Large,200,OK,true,1048890,137,15,15,9,0,0
1637865809988,268,Large,200,OK,true,1048891,137,15,15,9,0,0
1637865810013,243,Large,200,OK,true,1048891,137,15,15,8,0,0
1637865810126,136,Medium,200,OK,true,307513,139,15,15,10,0,0
1637865810016,252,Large,200,OK,true,1048891,137,15,15,9,0,0
1637865810256,25,Small-Medium,200,OK,true,102713,139,15,15,6,0,0
1637865810269,19,Small,200,OK,true,51511,138,15,15,9,0,0
1637865810254,35,Small-Medium,200,OK,true,102677,139,15,15,8,0,0
1637865810265,26,Small-Medium,200,OK,true,102713,139,15,15,8,0,0
1637865810277,34,Small-Medium,200,OK,true,102713,139,15,15,11,0,0
1637865810256,57,Medium,200,OK,true,307513,139,15,15,8,0,0
1637865810203,110,Medium-Large,200,OK,true,512313,139,15,15,9,0,0
1637865810265,64,Medium,200,OK,true,307513,139,15,15,9,0,0
1637865810316,19,Small,200,OK,true,51511,138,15,15,9,0,0
1637865810088,248,Large,200,OK,true,1048891,137,15,15,9,0,0
1637865810315,26,Small-Medium,200,OK,true,102713,139,15,15,8,0,0
1637865810330,28,Small-Medium,200,OK,true,102713,139,15,15,9,0,0
1637865810314,58,Medium,200,OK,true,307513,139,15,15,6,0,0
1637865810277,101,Medium,200,OK,true,307513,139,15,15,11,0,0
1637865810154,228,Large,200,OK,true,1048890,137,15,15,8,0,0
1637865810248,138,Small-Medium,200,OK,true,102713,139,15,15,8,0,0
1637865810374,24,Small-Medium,200,OK,true,102713,139,15,15,7,0,0
1637865810382,19,Small,200,OK,true,51510,138,15,15,10,0,0
1637865810314,98,Medium,200,OK,true,307514,139,15,15,17,0,7
1637865810165,256,Large,200,OK,true,1048891,137,15,15,9,0,0
1637865810390,33,Small-Medium,200,OK,true,102713,139,15,15,10,0,0
1637865810336,88,Medium,200,OK,true,307513,139,15,15,10,0,0
1637865810386,58,Small,200,OK,true,51511,138,15,15,9,0,0
1637865810221,224,Large,200,OK,true,1048891,137,15,15,8,0,0
1637865810323,127,Medium-Large,200,OK,true,512313,139,15,15,10,0,0
1637865810434,16,Small,200,OK,true,51511,138,15,15,8,0,0
1637865810339,130,Medium-Large,200,OK,true,512313,139,15,15,9,0,0
1637865810469,28,Small,200,OK,true,51511,138,15,15,9,0,0
1637865810262,239,Medium-Large,200,OK,true,512313,139,15,15,9,0,0
1637865810375,127,Medium-Large,200,OK,true,512313,139,15,15,8,0,0
1637865810451,110,Medium,200,OK,true,307513,139,15,15,10,0,0
1637865810328,250,Large,200,OK,true,1048891,137,15,15,9,0,0
1637865810445,136,Medium-Large,200,OK,true,512313,139,15,15,9,0,0
1637865810424,166,Medium-Large,200,OK,true,512313,139,15,15,10,0,0
1637865810502,92,Medium,200,OK,true,307513,139,15,15,9,0,0
1637865810421,175,Medium-Large,200,OK,true,512313,139,15,15,8,0,0
1637865810581,18,Small,200,OK,true,51511,138,15,15,10,0,0
1637865810441,166,Medium-Large,200,OK,true,512277,139,15,15,10,0,0
1637865810590,18,Small,200,OK,true,51511,138,15,15,10,0,0
1637865810450,170,Medium-Large,200,OK,true,512313,139,15,15,9,0,0
1637865810501,150,Medium,200,OK,true,307513,139,15,15,9,0,0
1637865810376,278,Large,200,OK,true,1048891,137,15,15,9,0,0
1637865810412,261,Large,200,OK,true,1048891,137,15,15,9,0,0
1637865810642,33,Small-Medium,200,OK,true,102713,139,15,15,11,0,0
1637865810596,81,Medium,200,OK,true,307513,139,15,15,9,0,0
1637865810378,311,Large,200,OK,true,1048891,137,15,15,9,0,0
1637865810651,45,Small-Medium,200,OK,true,102713,139,15,15,11,0,0
1637865810673,25,Small-Medium,200,OK,true,102713,139,15,15,8,0,0
1637865810561,141,Medium-Large,200,OK,true,512313,139,15,15,9,0,0
1637865810620,87,Medium,200,OK,true,307513,139,15,15,14,0,0
1637865810579,129,Medium-Large,200,OK,true,512313,139,15,15,9,0,0
1637865810654,74,Medium,200,OK,true,307513,139,15,15,10,0,0
1637865810702,39,Small-Medium,200,OK,true,102712,139,15,15,7,0,0
1637865810677,75,Medium,200,OK,true,307513,139,15,15,10,0,0
1637865810496,258,Large,200,OK,true,1048891,137,15,15,9,0,0
1637865810712,55,Small-Medium,200,OK,true,102713,139,15,15,8,0,0
1637865810755,19,Small,200,OK,true,51511,138,15,15,9,0,0
1637865810708,83,Medium,200,OK,true,307513,139,15,15,12,0,0
1637865810528,267,Large,200,OK,true,1048891,137,15,15,9,0,0
1637865810772,26,Small,200,OK,true,51511,138,15,15,9,0,0
1637865810650,151,Medium-Large,200,OK,true,512313,139,15,15,11,0,0
1637865810708,121,Medium-Large,200,OK,true,512313,139,15,15,8,0,0
1637865810752,79,Medium,200,OK,true,307513,139,15,15,10,0,0
1637865810813,20,Small,200,OK,true,51511,138,15,15,10,0,0
1637865810689,146,Medium-Large,200,OK,true,512313,139,15,15,8,0,0
1637865810762,77,Medium,200,OK,true,307512,139,15,15,9,0,0
1637865810702,138,Medium-Large,200,OK,true,512313,139,15,15,9,0,0
1637865810594,254,Large,200,OK,true,1048891,137,15,15,8,0,0
1637865810728,127,Medium-Large,200,OK,true,512313,139,15,15,9,0,0
1637865810839,28,Small-Medium,200,OK,true,102712,139,15,15,8,0,0
1637865810840,28,Small-Medium,200,OK,true,102713,139,15,15,9,0,0
1637865810795,83,Medium,200,OK,true,307513,139,15,15,8,0,0
1637865810873,36,Small-Medium,200,OK,true,102713,139,15,15,8,0,0
1637865810446,463,Medium,200,OK,true,307513,139,15,15,11,0,0
1637865810835,97,Medium,200,OK,true,307513,139,15,15,8,0,0
1637865810909,40,Small-Medium,200,OK,true,102712,139,15,15,10,0,0
1637865810848,128,Medium-Large,200,OK,true,512313,139,15,15,10,0,0
1637865810732,256,Large,200,OK,true,1048891,137,15,15,9,0,0
1637865810909,86,Medium,200,OK,true,307513,139,15,15,8,0,0
1637865810988,14,Small,200,OK,true,51511,138,15,15,6,0,0
1637865810791,229,Large,200,OK,true,1048891,137,15,15,8,0,0
1637865811020,33,Small-Medium,200,OK,true,102713,139,15,15,9,0,0
1637865810879,174,Medium-Large,200,OK,true,512313,139,15,15,9,0,0
1637865810933,129,Medium-Large,200,OK,true,512313,139,15,15,10,0,0
1637865811053,25,Small-Medium,200,OK,true,102713,139,15,15,9,0,0
1637865810832,252,Medium-Large,200,OK,true,512313,139,15,15,7,0,0
1637865810829,264,Large,200,OK,true,1048891,137,15,15,10,0,0
1637865810976,119,Medium-Large,200,OK,true,512313,139,15,15,9,0,0
1637865811080,15,Small,200,OK,true,51511,138,15,15,8,0,0
1637865810855,253,Large,200,OK,true,1048891,137,15,15,10,0,0
1637865810832,277,Large,200,OK,true,1048891,137,15,15,9,0,0
1637865810995,116,Medium-Large,200,OK,true,512313,139,15,15,8,0,0
1637865811095,17,Small,200,OK,true,51511,138,15,15,7,0,0
1637865811084,39,Small-Medium,200,OK,true,102713,139,15,15,8,0,0
1637865811093,33,Small-Medium,200,OK,true,102713,139,15,15,8,0,0
1637865811062,67,Medium,200,OK,true,307513,139,15,15,9,0,0
1637865810802,337,Large,200,OK,true,1048891,137,15,15,9,0,0
1637865811107,33,Small-Medium,200,OK,true,102713,139,15,15,8,0,0
1637865811109,33,Small-Medium,200,OK,true,102713,139,15,15,10,0,0
1637865811108,58,Medium,200,OK,true,307513,139,15,15,8,0,0
1637865810933,254,Large,200,OK,true,1048891,137,15,15,9,0,0
1637865811155,35,Small-Medium,200,OK,true,102713,139,15,15,10,0,0
1637865811170,21,Small,200,OK,true,51511,138,15,15,13,0,0
1637865811144,52,Small-Medium,200,OK,true,102713,139,15,15,8,0,0
1637865811053,146,Medium-Large,200,OK,true,512313,139,15,15,11,0,0
1637865811187,17,Small,200,OK,true,51511,138,15,15,9,0,0
1637865811140,66,Medium,200,OK,true,307513,139,15,15,9,0,0
1637865810959,256,Large,200,OK,true,1048890,137,15,15,9,0,0
1637865811111,105,Medium-Large,200,OK,true,512313,139,15,15,9,0,0
1637865811207,16,Small,200,OK,true,51511,138,15,15,7,0,0
1637865811199,31,Small-Medium,200,OK,true,102713,139,15,15,8,0,0
1637865811216,17,Small,200,OK,true,51511,138,15,15,10,0,0
1637865811168,68,Medium,200,OK,true,307513,139,15,15,8,0,0
1637865811229,24,Small-Medium,200,OK,true,102713,139,15,15,7,0,0
1637865811236,22,Small-Medium,200,OK,true,102713,139,15,15,8,0,0
1637865811170,100,Medium-Large,200,OK,true,512313,139,15,15,9,0,0
1637865811215,69,Medium,200,OK,true,307513,139,15,15,9,0,0
1637865810607,683,Large,200,OK,true,1048892,137,15,15,17,0,9
1637865811259,31,Small-Medium,200,OK,true,102713,139,15,15,7,0,0
1637865811270,26,Small-Medium,200,OK,true,102713,139,15,15,9,0,0
1637865811276,26,Small-Medium,200,OK,true,102713,139,15,15,10,0,0
1637865811248,77,Medium,200,OK,true,307513,139,15,15,7,0,0
1637865811129,204,Large,200,OK,true,1048891,137,15,15,10,0,0
1637865811336,32,Small-Medium,200,OK,true,102713,139,15,15,11,0,0
1637865811290,88,Small-Medium,200,OK,true,102713,139,15,15,8,0,0
1637865811266,116,Medium-Large,200,OK,true,512313,139,15,15,8,0,0
1637865811290,99,Medium,200,OK,true,307513,139,15,15,8,0,0
1637865811139,255,Large,200,OK,true,1048891,137,15,15,6,0,0
1637865811153,256,Large,200,OK,true,1048891,137,15,15,9,0,0
1637865811204,222,Medium-Large,200,OK,true,512313,139,15,15,7,0,0
1637865811395,38,Small-Medium,200,OK,true,102713,139,15,15,9,0,0
1637865811382,66,Medium,200,OK,true,307513,139,15,15,9,0,0
1637865811426,23,Small,200,OK,true,51511,138,15,15,9,0,0
1637865811378,74,Small-Medium,200,OK,true,102713,139,15,15,9,0,0
1637865811409,44,Small-Medium,200,OK,true,102713,139,15,15,10,0,0
1637865811322,143,Medium-Large,200,OK,true,512313,139,15,15,8,0,0
1637865811390,76,Medium,200,OK,true,307513,139,15,15,7,0,0
1637865811325,143,Medium-Large,200,OK,true,512313,139,15,15,8,0,0
1637865811395,76,Medium,200,OK,true,307513,139,15,15,10,0,0
1637865811216,262,Large,200,OK,true,1048890,137,15,15,9,0,0
1637865811468,18,Small,200,OK,true,51511,138,15,15,8,0,0
1637865811470,37,Small-Medium,200,OK,true,102713,139,15,15,9,0,0
1637865811448,71,Medium,200,OK,true,307513,139,15,15,10,0,0
1637865811285,273,Large,200,OK,true,1048891,137,15,15,8,0,0
1637865811530,36,Small-Medium,200,OK,true,102713,139,15,15,11,0,0
1637865811296,273,Large,200,OK,true,1048891,137,15,15,7,0,0
1637865811333,240,Large,200,OK,true,1048891,137,15,15,9,0,0
1637865811519,69,Medium,200,OK,true,307513,139,15,15,8,0,0
1637865811331,260,Large,200,OK,true,1048891,137,15,15,8,0,0
1637865811558,36,Small-Medium,200,OK,true,102713,139,15,15,9,0,0
1637865811466,128,Medium-Large,200,OK,true,512313,139,15,15,8,0,0
1637865811573,27,Small-Medium,200,OK,true,102713,139,15,15,9,0,0
1637865811471,130,Medium-Large,200,OK,true,512313,139,15,15,9,0,0
1637865811594,17,Small,200,OK,true,51511,138,15,15,9,0,0
1637865811527,86,Medium,200,OK,true,307513,139,15,15,10,0,0
1637865811478,137,Medium-Large,200,OK,true,512312,139,15,15,11,0,0
1637865811613,15,Small,200,OK,true,51511,138,15,15,7,0,0
1637865811588,56,Medium,200,OK,true,307513,139,15,15,7,0,0
1637865811591,65,Medium,200,OK,true,307513,139,15,15,9,0,0
1637865811633,27,Small-Medium,200,OK,true,102713,139,15,15,11,0,0
1637865811648,15,Small,200,OK,true,51511,138,15,15,8,0,0
1637865811602,63,Medium,200,OK,true,307513,139,15,15,7,0,0
1637865811656,14,Small,200,OK,true,51511,138,15,15,7,0,0
1637865811655,23,Small-Medium,200,OK,true,102713,139,15,15,9,0,0
1637865811665,14,Small-Medium,200,OK,true,102713,139,15,15,7,0,0
1637865811569,116,Medium-Large,200,OK,true,512313,139,15,15,9,0,0
1637865811674,12,Small,200,OK,true,51511,138,15,15,7,0,0
1637865811590,108,Medium-Large,200,OK,true,512313,139,15,15,8,0,0
1637865811685,17,Small-Medium,200,OK,true,102713,139,15,15,5,0,0
1637865811455,252,Large,200,OK,true,1048891,137,15,15,10,0,0
1637865811694,18,Small-Medium,200,OK,true,102713,139,15,15,6,0,0
1637865811615,102,Medium-Large,200,OK,true,512312,139,15,15,7,0,0
1637865811714,14,Small,200,OK,true,51511,138,15,15,7,0,0
1637865811465,267,Large,200,OK,true,1048891,137,15,15,7,0,0
1637865811618,116,Medium-Large,200,OK,true,512313,139,15,15,9,0,0
1637865811716,21,Small-Medium,200,OK,true,102713,139,15,15,7,0,0
1637865811746,25,Small-Medium,200,OK,true,102713,139,15,15,8,0,0
1637865811709,78,Medium-Large,200,OK,true,512313,139,15,15,6,0,0
1637865811707,84,Medium,200,OK,true,307513,139,15,15,6,0,0
1637865811717,79,Medium,200,OK,true,307512,139,15,15,9,0,0
1637865811775,29,Small-Medium,200,OK,true,102713,139,15,15,11,0,0
1637865811734,85,Medium,200,OK,true,307513,139,15,15,7,0,0
1637865811796,33,Small,200,OK,true,51475,138,15,15,20,0,0
1637865811804,41,Small-Medium,200,OK,true,102713,139,15,15,19,0,0
1637865811725,123,Medium-Large,200,OK,true,512313,139,15,15,8,0,0
1637865811755,100,Medium-Large,200,OK,true,512313,139,15,15,8,0,0
1637865811787,74,Medium,200,OK,true,307513,139,15,15,8,0,0
1637865811848,16,Small,200,OK,true,51511,138,15,15,8,0,0
1637865811485,403,Large,200,OK,true,1048891,137,15,15,9,0,0
1637865811791,102,Medium,200,OK,true,307513,139,15,15,9,0,0
1637865811836,82,Medium,200,OK,true,307513,139,15,15,9,0,0
1637865811862,68,Medium,200,OK,true,307513,139,15,15,7,0,0
1637865811856,84,Small,200,OK,true,51512,138,15,15,17,0,9
1637865811865,76,Medium,200,OK,true,307513,139,15,15,7,0,0
1637865811698,250,Large,200,OK,true,1048891,137,15,15,6,0,0
1637865811948,32,Small-Medium,200,OK,true,102713,139,15,15,9,0,0
1637865811918,73,Medium,200,OK,true,307513,139,15,15,9,0,0
1637865811930,65,Medium,200,OK,true,307513,139,15,15,7,0,0
1637865811991,16,Small,200,OK,true,51511,138,15,15,10,0,0
1637865811995,14,Small,200,OK,true,51511,138,15,15,8,0,0
1637865811732,280,Large,200,OK,true,1048891,137,15,15,6,0,0
1637865811734,280,Large,200,OK,true,1048891,137,15,15,8,0,0
1637865811888,145,Medium,200,OK,true,307513,139,15,15,9,0,0
1637865811775,258,Large,200,OK,true,1048891,137,15,15,9,0,0
1637865811940,99,Small-Medium,200,OK,true,102713,139,15,15,9,0,0
1637865812051,20,Small,200,OK,true,51511,138,15,15,10,0,0
1637865811819,252,Large,200,OK,true,1048891,137,15,15,7,0,0
1637865811941,131,Medium-Large,200,OK,true,512313,139,15,15,11,0,0
1637865811855,230,Large,200,OK,true,1048891,137,15,15,10,0,0
1637865812012,74,Medium,200,OK,true,307513,139,15,15,7,0,0
1637865812072,31,Small-Medium,200,OK,true,102713,139,15,15,6,0,0
1637865811908,234,Large,200,OK,true,1048891,137,15,15,9,0,0
1637865811453,694,Large,200,OK,true,1048891,137,15,15,9,0,0
1637865811893,262,Large,200,OK,true,1048891,137,15,15,7,0,0
1637865812143,18,Small,200,OK,true,51511,138,15,15,9,0,0
1637865812131,37,Small-Medium,200,OK,true,102713,139,15,15,10,0,0
1637865812033,148,Medium-Large,200,OK,true,512313,139,15,15,8,0,0
1637865812110,73,Medium,200,OK,true,307513,139,15,15,9,0,0
1637865812040,151,Medium-Large,200,OK,true,512313,139,15,15,9,0,0
1637865812055,136,Medium-Large,200,OK,true,512313,139,15,15,11,0,0
1637865812147,46,Small,200,OK,true,51511,138,15,15,9,0,0
1637865810909,1284,Large,200,OK,true,1048891,137,15,15,11,0,0
1637865812085,115,Medium-Large,200,OK,true,512313,139,15,15,8,0,0
1637865812200,19,Small,200,OK,true,51510,138,15,15,9,0,0
1637865812192,44,Small-Medium,200,OK,true,102713,139,15,15,8,0,0
1637865812007,239,Large,200,OK,true,1048891,137,15,15,8,0,0
1637865812181,75,Medium,200,OK,true,307513,139,15,15,7,0,0
1637865812184,93,Medium,200,OK,true,307513,139,15,15,7,0,0
1637865812252,25,Small,200,OK,true,51511,138,15,15,9,0,0
1637865812256,23,Small,200,OK,true,51511,138,15,15,21,0,0
1637865812191,90,Medium,200,OK,true,307513,139,15,15,9,0,0
1637865812204,81,Medium,200,OK,true,307513,139,15,15,10,0,0
1637865812155,132,Medium-Large,200,OK,true,512312,139,15,15,9,0,0
1637865812014,276,Large,200,OK,true,1048891,137,15,15,8,0,0
1637865812277,14,Small,200,OK,true,51511,138,15,15,8,0,0
1637865812282,22,Small,200,OK,true,51511,138,15,15,6,0,0
1637865812291,17,Small,200,OK,true,51511,138,15,15,8,0,0
1637865812259,63,Medium,200,OK,true,307512,139,15,15,18,0,0
1637865812072,258,Large,200,OK,true,1048891,137,15,15,8,0,0
1637865812285,58,Medium,200,OK,true,307513,139,15,15,6,0,0
1637865812352,18,Small,200,OK,true,51511,138,15,15,9,0,0
1637865812247,127,Medium-Large,200,OK,true,512313,139,15,15,8,0,0
1637865812191,196,Large,200,OK,true,1048891,137,15,15,11,0,0
1637865812375,17,Small,200,OK,true,51510,138,15,15,8,0,0
1637865812086,309,Large,200,OK,true,1048891,137,15,15,9,0,0
1637865812396,16,Small,200,OK,true,51511,138,15,15,8,0,0
1637865812287,142,Medium-Large,200,OK,true,512312,139,15,15,7,0,0
1637865812413,17,Small,200,OK,true,51511,138,15,15,9,0,0
1637865812322,124,Medium-Large,200,OK,true,512312,139,15,15,8,0,0
1637865812330,129,Medium-Large,200,OK,true,512313,139,15,15,9,0,0
1637865812339,125,Medium-Large,200,OK,true,512313,139,15,15,10,0,0
1637865812033,449,Large,200,OK,true,1048891,137,15,15,7,0,0
1637865812471,19,Small,200,OK,true,51511,138,15,15,9,0,0
1637865812464,34,Small-Medium,200,OK,true,102713,139,15,15,8,0,0
1637865812461,77,Medium,200,OK,true,307513,139,15,15,9,0,0
1637865812533,18,Small,200,OK,true,51511,138,15,15,9,0,0
1637865812524,28,Small,200,OK,true,51511,138,15,15,10,0,0
1637865812311,245,Large,200,OK,true,1048891,137,16,16,9,0,0
1637865812448,127,Medium-Large,200,OK,true,512312,139,16,16,8,0,0
1637865812346,233,Large,200,OK,true,1048891,137,16,16,8,0,0
1637865812316,272,Large,200,OK,true,1048891,137,16,16,8,0,0
1637865812558,31,Small-Medium,200,OK,true,102713,139,16,16,8,0,0
1637865812388,215,Large,200,OK,true,1048891,137,16,16,8,0,0
1637865812590,16,Small,200,OK,true,51511,138,16,16,9,0,0
1637865812592,15,Small,200,OK,true,51511,138,16,16,8,0,0
1637865812575,68,Medium,200,OK,true,307512,139,16,16,8,0,0
1637865812194,448,Medium,200,OK,true,307513,139,16,16,11,0,0
1637865812341,319,Large,200,OK,true,1048891,137,16,16,11,0,0
1637865812430,250,Large,200,OK,true,1048890,137,16,16,11,0,0
1637865812680,19,Small,200,OK,true,51510,138,16,16,9,0,0
1637865812441,263,Large,200,OK,true,1048890,137,16,16,8,0,0
1637865812579,142,Medium-Large,200,OK,true,512313,139,16,16,9,0,0
1637865812554,173,Small-Medium,200,OK,true,102714,139,16,16,18,0,9
1637865812643,84,Medium,200,OK,true,307512,139,16,16,10,0,0
1637865812457,274,Large,200,OK,true,1048891,137,16,16,9,0,0
1637865812654,84,Medium,200,OK,true,307513,139,16,16,9,0,0
1637865812721,17,Small,200,OK,true,51511,138,16,16,9,0,0
1637865812728,18,Small,200,OK,true,51510,138,16,16,8,0,0
1637865812738,16,Small,200,OK,true,51511,138,16,16,9,0,0
1637865812622,135,Medium-Large,200,OK,true,512313,139,16,16,8,0,0
1637865812745,23,Small-Medium,200,OK,true,102712,139,16,16,8,0,0
1637865812660,115,Medium,200,OK,true,307513,139,16,16,12,0,0
1637865812538,251,Large,200,OK,true,1048891,137,16,16,9,0,0
1637865812656,136,Medium-Large,200,OK,true,512313,139,16,16,9,0,0
1637865812792,19,Small,200,OK,true,51510,138,16,16,11,0,0
1637865812787,26,Small-Medium,200,OK,true,102713,139,16,16,9,0,0
1637865812792,27,Small-Medium,200,OK,true,102713,139,16,16,10,0,0
1637865812583,253,Large,200,OK,true,1048891,137,16,16,10,0,0
1637865812603,235,Large,200,OK,true,1048891,137,16,16,8,0,0
1637865812208,631,Large,200,OK,true,1048891,137,16,16,9,0,0
1637865812705,145,Medium-Large,200,OK,true,512312,139,16,16,16,0,0
1637865812836,26,Small-Medium,200,OK,true,102713,139,16,16,7,0,0
1637865812849,18,Small,200,OK,true,51511,138,16,16,9,0,0
1637865812802,78,Medium,200,OK,true,307513,139,16,16,8,0,0
1637865812758,129,Medium-Large,200,OK,true,512313,139,16,16,8,0,0
1637865812840,82,Small-Medium,200,OK,true,102713,139,16,16,10,0,0
1637865812900,25,Small,200,OK,true,51511,138,16,16,9,0,0
1637865812775,164,Medium-Large,200,OK,true,512313,139,16,16,7,0,0
1637865812914,26,Small-Medium,200,OK,true,102713,139,16,16,10,0,0
1637865812838,103,Medium-Large,200,OK,true,512312,139,16,16,9,0,0
1637865812856,87,Medium,200,OK,true,307513,139,16,16,9,0,0
1637865812484,476,Large,200,OK,true,1048891,137,16,16,9,0,0
1637865812943,17,Small,200,OK,true,51511,138,16,16,7,0,0
1637865812856,132,Medium-Large,200,OK,true,512312,139,16,16,11,0,0
1637865812988,11,Small,200,OK,true,51475,138,16,16,10,0,0
1637865812731,276,Large,200,OK,true,1048891,137,16,16,9,0,0
1637865812880,155,Medium-Large,200,OK,true,512313,139,16,16,7,0,0
1637865812727,314,Large,200,OK,true,1048891,137,16,16,8,0,0
1637865813035,15,Small,200,OK,true,51511,138,16,16,7,0,0
1637865812789,273,Large,200,OK,true,1048891,137,16,16,9,0,0
1637865813041,29,Small-Medium,200,OK,true,102713,139,16,16,9,0,0
1637865812941,131,Medium-Large,200,OK,true,512312,139,16,16,7,0,0
1637865812939,151,Medium-Large,200,OK,true,512313,139,16,16,6,0,0
1637865812807,298,Large,200,OK,true,1048890,137,16,16,8,0,0
1637865813007,101,Medium,200,OK,true,307513,139,16,16,7,0,0
1637865813091,20,Small,200,OK,true,51511,138,16,16,11,0,0
1637865813099,15,Small,200,OK,true,51511,138,16,16,10,0,0
1637865812850,266,Large,200,OK,true,1048890,137,16,16,9,0,0
1637865813105,19,Small,200,OK,true,51510,138,16,16,10,0,0
1637865813007,132,Medium-Large,200,OK,true,512313,139,16,16,8,0,0
1637865813108,31,Small-Medium,200,OK,true,102713,139,16,16,8,0,0
1637865812887,278,Large,200,OK,true,1048891,137,16,16,14,0,0
1637865813156,30,Small,200,OK,true,51511,138,16,16,8,0,0
1637865813163,23,Small,200,OK,true,51511,138,16,16,22,0,0
1637865813062,127,Medium-Large,200,OK,true,512313,139,16,16,9,0,0
1637865813169,22,Small,200,OK,true,51510,138,16,16,16,0,0
1637865813105,87,Medium,200,OK,true,307513,139,16,16,12,0,0
1637865813117,79,Medium,200,OK,true,307512,139,16,16,8,0,0
1637865813165,36,Small-Medium,200,OK,true,102713,139,16,16,20,0,0
1637865813190,13,Small,200,OK,true,51511,138,16,16,6,0,0
1637865813196,16,Small,200,OK,true,51510,138,16,16,8,0,0
1637865812978,234,Large,200,OK,true,1048891,137,16,16,9,0,0
1637865813139,76,Medium,200,OK,true,307513,139,16,16,8,0,0
1637865812963,254,Large,200,OK,true,1048891,137,16,16,9,0,0
1637865813229,17,Small,200,OK,true,51511,138,16,16,8,0,0
1637865813073,178,Large,200,OK,true,1048890,137,16,16,7,0,0
1637865813253,19,Small,200,OK,true,51511,138,16,16,10,0,0
1637865813260,19,Small,200,OK,true,51510,138,16,16,10,0,0
1637865813215,74,Medium,200,OK,true,307513,139,16,16,7,0,0
1637865813217,72,Medium,200,OK,true,307513,139,16,16,7,0,0
1637865813251,49,Medium,200,OK,true,307512,139,16,16,8,0,0
1637865813293,17,Small,200,OK,true,51511,138,16,16,9,0,0
1637865813234,81,Medium,200,OK,true,307512,139,16,16,9,0,0
1637865813192,125,Medium-Large,200,OK,true,512313,139,16,16,7,0,0
1637865813226,93,Medium,200,OK,true,307513,139,16,16,9,0,0
1637865813289,31,Small-Medium,200,OK,true,102712,139,16,16,14,0,0
1637865813218,115,Medium-Large,200,OK,true,512313,139,16,16,8,0,0
1637865813318,17,Small,200,OK,true,51511,138,16,16,14,0,0
1637865813332,17,Small,200,OK,true,51510,138,16,16,8,0,0
1637865813333,24,Small,200,OK,true,51511,138,16,16,9,0,0
1637865813289,69,Medium,200,OK,true,307513,139,16,16,8,0,0
1637865812960,440,Large,200,OK,true,1048891,137,16,16,9,0,0
1637865813316,91,Medium,200,OK,true,307477,139,16,16,16,0,0
1637865813381,26,Small-Medium,200,OK,true,102713,139,16,16,8,0,0
1637865813212,197,Large,200,OK,true,1048891,137,16,16,6,0,0
1637865813316,104,Medium-Large,200,OK,true,512312,139,16,16,5,0,0
1637865813353,76,Medium,200,OK,true,307512,139,16,16,8,0,0
1637865813358,77,Medium,200,OK,true,307513,139,16,16,8,0,0
1637865813185,256,Large,200,OK,true,1048891,137,16,16,10,0,0
1637865813317,130,Medium-Large,200,OK,true,512313,139,16,16,15,0,0
1637865813400,47,Small-Medium,200,OK,true,102713,139,16,16,8,0,0
1637865813429,25,Small-Medium,200,OK,true,102712,139,16,16,8,0,0
1637865813052,420,Medium-Large,200,OK,true,512314,139,16,16,20,0,10
1637865813397,109,Medium,200,OK,true,307513,139,16,16,9,0,0
1637865813387,125,Medium-Large,200,OK,true,512312,139,16,16,9,0,0
1637865813436,76,Medium,200,OK,true,307513,139,16,16,8,0,0
1637865813464,50,Small-Medium,200,OK,true,102713,139,16,16,8,0,0
1637865813513,33,Small-Medium,200,OK,true,102713,139,16,16,8,0,0
1637865813421,125,Medium-Large,200,OK,true,512312,139,16,16,8,0,0
1637865813445,102,Medium,200,OK,true,307513,139,16,16,8,0,0
1637865812922,667,Large,200,OK,true,1048891,137,16,16,11,0,0
1637865813447,148,Medium-Large,200,OK,true,512313,139,16,16,10,0,0
1637865813513,100,Medium,200,OK,true,307477,139,16,16,10,0,0
1637865813319,294,Large,200,OK,true,1048891,137,16,16,13,0,0
1637865813506,110,Medium,200,OK,true,307513,139,16,16,8,0,0
1637865813359,261,Large,200,OK,true,1048891,137,16,16,8,0,0
1637865813492,137,Medium-Large,200,OK,true,512312,139,16,16,9,0,0
1637865813409,223,Large,200,OK,true,1048891,137,16,16,8,0,0
1637865813620,18,Small,200,OK,true,51511,138,16,16,8,0,0
1637865813616,33,Small-Medium,200,OK,true,102713,139,16,16,7,0,0
1637865813630,26,Small,200,OK,true,51510,138,16,16,10,0,0
1637865813613,48,Small-Medium,200,OK,true,102714,139,16,16,14,0,6
1637865813546,124,Medium-Large,200,OK,true,512312,139,16,16,10,0,0
1637865813547,133,Medium-Large,200,OK,true,512313,139,16,16,7,0,0
1637865813680,27,Small,200,OK,true,51511,138,16,16,9,0,0
1637865813407,308,Large,200,OK,true,1048892,137,16,16,17,0,9
1637865813595,133,Medium-Large,200,OK,true,512313,139,16,16,17,0,0
1637865813715,18,Small,200,OK,true,51511,138,16,16,10,0,0
1637865813441,310,Large,200,OK,true,1048891,137,16,16,9,0,0
1637865813528,228,Medium-Large,200,OK,true,512313,139,16,16,8,0,0
1637865813680,87,Medium,200,OK,true,307513,139,16,16,11,0,0
1637865813751,27,Small-Medium,200,OK,true,102713,139,16,16,9,0,0
1637865813589,214,Medium,200,OK,true,307513,139,16,16,23,0,0
1637865813684,133,Medium-Large,200,OK,true,512313,139,16,16,9,0,0
1637865813677,142,Medium-Large,200,OK,true,512313,139,16,16,9,0,0
1637865813472,360,Medium-Large,200,OK,true,512313,139,16,16,9,0,0
1637865813694,142,Medium-Large,200,OK,true,512312,139,16,16,10,0,0
1637865813817,36,Small-Medium,200,OK,true,102713,139,16,16,10,0,0
1637865813576,277,Large,200,OK,true,1048891,137,16,16,9,0,0
1637865813836,35,Small-Medium,200,OK,true,102712,139,16,16,9,0,0
1637865813613,261,Large,200,OK,true,1048891,137,16,16,7,0,0
1637865813803,78,Small-Medium,200,OK,true,102713,139,16,16,9,0,0
1637865813874,17,Small,200,OK,true,51511,138,16,16,8,0,0
1637865813632,270,Large,200,OK,true,1048891,137,16,16,11,0,0
1637865813882,25,Small,200,OK,true,51511,138,16,16,9,0,0
1637865813780,138,Medium-Large,200,OK,true,512313,139,16,16,10,0,0
1637865813881,43,Small,200,OK,true,51511,138,16,16,10,0,0
1637865813671,271,Large,200,OK,true,1048890,137,16,16,8,0,0
1637865813815,139,Medium-Large,200,OK,true,512313,139,16,16,9,0,0
1637865813940,19,Small,200,OK,true,51511,138,16,16,9,0,0
1637865813819,140,Medium-Large,200,OK,true,512313,139,16,16,10,0,0
1637865813942,19,Small,200,OK,true,51510,138,16,16,10,0,0
1637865813854,120,Medium-Large,200,OK,true,512313,139,16,16,8,0,0
1637865813945,45,Small,200,OK,true,51511,138,16,16,12,0,0
1637865813729,262,Large,200,OK,true,1048891,137,16,16,8,0,0
1637865813919,76,Medium,200,OK,true,307513,139,16,16,9,0,0
1637865812643,1376,Large,200,OK,true,1048891,137,16,16,9,0,0
1637865813768,264,Large,200,OK,true,1048891,137,16,16,8,0,0
1637865813902,141,Medium-Large,200,OK,true,512313,139,16,16,9,0,0
1637865813743,311,Large,200,OK,true,1048891,137,16,16,9,0,0
1637865814043,30,Small-Medium,200,OK,true,102713,139,16,16,10,0,0
1637865813944,134,Medium-Large,200,OK,true,512313,139,16,16,11,0,0
1637865814078,20,Small,200,OK,true,51511,138,16,16,10,0,0
1637865813954,144,Medium-Large,200,OK,true,512313,139,16,16,9,0,0
1637865814032,97,Medium,200,OK,true,307513,139,16,16,8,0,0
1637865813996,140,Medium-Large,200,OK,true,512313,139,16,16,8,0,0
1637865813901,263,Large,200,OK,true,1048890,137,16,16,7,0,0
1637865813832,356,Medium-Large,200,OK,true,512313,139,16,16,9,0,0
1637865814107,82,Medium,200,OK,true,307513,139,16,16,10,0,0
1637865813756,468,Large,200,OK,true,1048891,137,16,16,10,0,0
1637865813959,280,Large,200,OK,true,1048891,137,16,16,8,0,0
1637865813975,266,Large,200,OK,true,1048891,137,16,16,9,0,0
1637865814239,18,Small,200,OK,true,51511,138,16,16,9,0,0
1637865814129,142,Medium-Large,200,OK,true,512313,139,16,16,8,0,0
1637865814136,142,Medium-Large,200,OK,true,512313,139,16,16,9,0,0
1637865814144,141,Medium-Large,200,OK,true,512313,139,16,16,9,0,0
1637865814006,286,Large,200,OK,true,1048855,137,16,16,9,0,0
1637865813992,307,Large,200,OK,true,1048891,137,16,16,9,0,0
1637865814278,27,Small-Medium,200,OK,true,102713,139,16,16,10,0,0
1637865814189,119,Medium-Large,200,OK,true,512313,139,16,16,9,0,0
1637865814003,309,Large,200,OK,true,1048891,137,16,16,9,0,0
1637865814164,151,Medium-Large,200,OK,true,512312,139,16,16,11,0,0
1637865814299,17,Small,200,OK,true,51511,138,16,16,8,0,0
1637865814285,34,Small-Medium,200,OK,true,102713,139,16,16,9,0,0
1637865814308,24,Small-Medium,200,OK,true,102713,139,16,16,10,0,0
1637865814054,293,Large,200,OK,true,1048891,137,16,16,10,0,0
1637865814241,121,Medium-Large,200,OK,true,512313,139,16,16,10,0,0
1637865814225,139,Medium,200,OK,true,307513,139,16,16,9,0,0
1637865814292,76,Small,200,OK,true,51512,138,16,16,16,0,9
1637865814313,72,Medium,200,OK,true,307513,139,16,16,9,0,0
1637865814271,114,Medium-Large,200,OK,true,512313,139,16,16,10,0,0
1637865814362,27,Small-Medium,200,OK,true,102713,139,16,16,8,0,0
1637865814316,77,Medium,200,OK,true,307477,139,16,16,7,0,0
1637865814098,297,Large,200,OK,true,1048891,137,16,16,7,0,0
1637865814363,36,Small-Medium,200,OK,true,102713,139,16,16,9,0,0
1637865814427,52,Small-Medium,200,OK,true,102713,139,16,16,10,0,0
1637865814395,101,Medium,200,OK,true,307513,139,16,16,8,0,0
1637865814304,209,Large,200,OK,true,1048891,137,16,16,8,0,0
1637865814347,169,Medium-Large,200,OK,true,512313,139,16,16,8,0,0
1637865814385,138,Medium-Large,200,OK,true,512313,139,16,16,9,0,0
1637865814513,21,Small,200,OK,true,51511,138,16,16,12,0,0
1637865814491,44,Small-Medium,200,OK,true,102713,139,16,16,9,0,0
1637865814188,361,Medium-Large,200,OK,true,512313,139,16,16,8,0,0
1637865814426,136,Medium-Large,200,OK,true,512313,139,16,16,9,0,0
1637865814369,195,Medium-Large,200,OK,true,512313,139,16,16,8,0,0
1637865814364,213,Medium-Large,200,OK,true,512313,139,16,16,10,0,0
1637865814562,17,Small,200,OK,true,51511,138,16,16,8,0,0
1637865814555,24,Small,200,OK,true,51511,138,16,16,8,0,0
1637865814564,17,Small,200,OK,true,51511,138,16,16,9,0,0
1637865814393,192,Medium-Large,200,OK,true,512314,139,16,16,15,0,8
1637865814342,250,Large,200,OK,true,1048891,137,16,16,7,0,0
1637865814523,73,Medium,200,OK,true,307513,139,16,16,9,0,0
1637865814585,16,Small,200,OK,true,51511,138,16,16,9,0,0
1637865814371,231,Large,200,OK,true,1048891,137,16,16,9,0,0
1637865814349,256,Large,200,OK,true,1048891,137,16,16,8,0,0
1637865814596,24,Small-Medium,200,OK,true,102713,139,16,16,7,0,0
1637865814605,16,Small,200,OK,true,51511,138,16,16,9,0,0
1637865814496,128,Medium-Large,200,OK,true,512313,139,16,16,10,0,0
1637865814626,16,Small,200,OK,true,51511,138,16,16,7,0,0
1637865814010,633,Large,200,OK,true,1048891,137,16,16,10,0,0
1637865814602,45,Medium,200,OK,true,307513,139,16,16,8,0,0
1637865814618,30,Small-Medium,200,OK,true,102713,139,16,16,7,0,0
1637865814385,264,Large,200,OK,true,1048891,137,16,16,8,0,0
1637865814019,645,Medium-Large,200,OK,true,512313,139,16,16,10,0,0
1637865814577,88,Medium-Large,200,OK,true,512313,139,16,16,8,0,0
1637865814659,24,Small,200,OK,true,51511,138,16,16,7,0,0
1637865814643,44,Small-Medium,200,OK,true,102713,139,16,16,6,0,0
1637865814624,77,Medium,200,OK,true,307513,139,16,16,7,0,0
1637865814669,33,Small-Medium,200,OK,true,102713,139,16,16,9,0,0
1637865814701,18,Small,200,OK,true,51511,138,16,16,9,0,0
1637865814550,177,Medium,200,OK,true,307513,139,16,16,8,0,0
1637865814683,78,Medium,200,OK,true,307513,139,16,16,8,0,0
1637865814649,115,Medium-Large,200,OK,true,512313,139,16,16,7,0,0
1637865814665,131,Medium-Large,200,OK,true,512313,139,16,16,6,0,0
1637865814761,37,Small-Medium,200,OK,true,102713,139,16,16,10,0,0
1637865814724,76,Medium,200,OK,true,307513,139,16,16,8,0,0
1637865814690,122,Medium-Large,200,OK,true,512313,139,16,16,7,0,0
1637865814796,28,Small-Medium,200,OK,true,102713,139,16,16,9,0,0
1637865814516,312,Large,200,OK,true,1048891,137,16,16,10,0,0
1637865814592,241,Large,200,OK,true,1048891,137,16,16,7,0,0
1637865814800,33,Small-Medium,200,OK,true,102713,139,16,16,10,0,0
1637865814732,139,Medium-Large,200,OK,true,512313,139,16,16,9,0,0
1637865814812,75,Medium,200,OK,true,307513,139,16,16,10,0,0
1637865814871,18,Small,200,OK,true,51511,138,16,16,9,0,0
1637865814764,132,Medium-Large,200,OK,true,512313,139,16,16,10,0,0
1637865814888,17,Small,200,OK,true,51511,138,16,16,8,0,0
1637865814666,243,Large,200,OK,true,1048891,137,16,16,9,0,0
1637865814628,287,Large,200,OK,true,1048891,137,16,16,11,0,0
1637865814859,78,Medium,200,OK,true,307513,139,16,16,9,0,0
1637865814650,296,Large,200,OK,true,1048891,137,16,16,8,0,0
1637865814915,36,Small-Medium,200,OK,true,102713,139,16,16,9,0,0
1637865814825,132,Medium-Large,200,OK,true,512313,139,16,16,7,0,0
1637865814937,27,Small-Medium,200,OK,true,102713,139,16,16,9,0,0
1637865814828,148,Medium-Large,200,OK,true,512313,139,16,16,7,0,0
1637865814578,402,Large,200,OK,true,1048891,137,16,16,9,0,0
1637865814897,86,Medium,200,OK,true,307513,139,16,16,9,0,0
1637865814976,16,Small,200,OK,true,51511,138,16,16,7,0,0
1637865814979,28,Small,200,OK,true,51511,138,16,16,12,0,0
1637865814980,35,Small,200,OK,true,51511,138,16,16,10,0,0
1637865814951,77,Medium,200,OK,true,307513,139,16,16,9,0,0
1637865814984,78,Medium,200,OK,true,307512,139,16,16,9,0,0
1637865814957,115,Medium-Large,200,OK,true,512313,139,16,16,8,0,0
1637865815062,18,Small,200,OK,true,51510,138,16,16,9,0,0
1637865814766,317,Large,200,OK,true,1048891,137,16,16,9,0,0
1637865814833,252,Large,200,OK,true,1048891,137,16,16,9,0,0
1637865814946,157,Medium-Large,200,OK,true,512313,139,16,16,10,0,0
1637865815044,60,Small-Medium,200,OK,true,102713,139,16,16,9,0,0
1637865814863,241,Large,200,OK,true,1048891,137,16,16,10,0,0
1637865814707,398,Medium-Large,200,OK,true,512313,139,16,16,9,0,0
1637865815028,78,Medium,200,OK,true,307513,139,16,16,9,0,0
1637865815085,24,Small-Medium,200,OK,true,102713,139,16,16,8,0,0
1637865815001,122,Medium-Large,200,OK,true,512313,139,16,16,12,0,0
1637865815106,17,Small,200,OK,true,51511,138,16,16,9,0,0
1637865815103,32,Small-Medium,200,OK,true,102713,139,16,16,7,0,0
1637865815123,23,Small-Medium,200,OK,true,102713,139,16,16,7,0,0
1637865814909,256,Large,200,OK,true,1048891,137,16,16,7,0,0
1637865814936,233,Large,200,OK,true,1048891,137,16,16,9,0,0
1637865815040,157,Medium-Large,200,OK,true,512313,139,16,16,10,0,0
1637865815171,27,Small-Medium,200,OK,true,102713,139,16,16,9,0,0
1637865815083,116,Medium-Large,200,OK,true,512313,139,16,16,9,0,0
1637865815044,158,Medium-Large,200,OK,true,512313,139,16,16,10,0,0
1637865815165,71,Medium,200,OK,true,307513,139,16,16,8,0,0
1637865815236,19,Small,200,OK,true,51511,138,16,16,10,0,0
1637865815188,79,Medium,200,OK,true,307513,139,16,16,9,0,0
1637865815167,106,Medium,200,OK,true,307513,139,16,16,8,0,0
1637865815273,26,Small,200,OK,true,51511,138,16,16,10,0,0
1637865815199,102,Medium,200,OK,true,307513,139,16,16,9,0,0
1637865815072,269,Large,200,OK,true,1048891,137,16,16,9,0,0
1637865815341,21,Small,200,OK,true,51511,138,16,16,12,0,0
1637865815104,271,Large,200,OK,true,1048891,137,16,16,7,0,0
1637865815302,76,Medium,200,OK,true,307513,139,16,16,16,0,0
1637865814665,714,Medium-Large,200,OK,true,512313,139,16,16,9,0,0
1637865815337,43,Small-Medium,200,OK,true,102713,139,16,16,9,0,0
1637865815126,271,Large,200,OK,true,1048890,137,16,16,7,0,0
1637865815378,24,Small-Medium,200,OK,true,102713,139,16,16,8,0,0
1637865815397,16,Small,200,OK,true,51510,138,16,16,8,0,0
1637865815148,270,Large,200,OK,true,1048891,137,16,16,7,0,0
1637865815169,254,Large,200,OK,true,1048891,137,16,16,9,0,0
1637865814727,700,Large,200,OK,true,1048891,137,16,16,9,0,0
1637865815105,324,Medium-Large,200,OK,true,512313,139,16,16,8,0,0
1637865815301,139,Medium-Large,200,OK,true,512313,139,16,16,11,0,0
1637865815418,26,Small-Medium,200,OK,true,102713,139,16,16,9,0,0
1637865815440,18,Small,200,OK,true,51511,138,16,16,9,0,0
1637865815441,25,Small-Medium,200,OK,true,102713,139,16,16,9,0,0
1637865815405,74,Medium,200,OK,true,307513,139,16,16,8,0,0
1637865815234,255,Large,200,OK,true,1048891,137,16,16,9,0,0
1637865815202,292,Large,200,OK,true,1048891,137,16,16,9,0,0
1637865815423,74,Medium,200,OK,true,307513,139,16,16,8,0,0
1637865815490,16,Small,200,OK,true,51511,138,16,16,7,0,0
1637865815267,242,Large,200,OK,true,1048891,137,16,16,8,0,0
1637865815479,32,Small-Medium,200,OK,true,102713,139,16,16,9,0,0
1637865815198,317,Large,200,OK,true,1048891,137,16,16,8,0,0
1637865815494,24,Small,200,OK,true,51511,138,16,16,9,0,0
1637865815505,15,Small,200,OK,true,51511,138,16,16,7,0,0
1637865815497,25,Small-Medium,200,OK,true,102713,139,16,16,9,0,0
1637865815401,141,Medium-Large,200,OK,true,512313,139,16,16,8,0,0
1637865815108,438,Large,200,OK,true,1048891,137,16,16,9,0,0
1637865815509,50,Medium,200,OK,true,307513,139,16,16,7,0,0
1637865815542,22,Small,200,OK,true,51511,138,16,16,8,0,0
1637865815544,22,Small,200,OK,true,51511,138,16,16,9,0,0
1637865815554,24,Small-Medium,200,OK,true,102713,139,16,16,7,0,0
1637865815462,119,Medium-Large,200,OK,true,512312,139,16,16,9,0,0
1637865815557,24,Small-Medium,200,OK,true,102713,139,16,16,8,0,0
1637865815429,155,Medium,200,OK,true,307513,139,16,16,10,0,0
1637865815546,39,Small-Medium,200,OK,true,102713,139,16,16,8,0,0
1637865815506,80,Medium-Large,200,OK,true,512313,139,16,16,6,0,0
1637865815481,117,Medium-Large,200,OK,true,512313,139,16,16,9,0,0
1637865815375,226,Large,200,OK,true,1048891,137,16,16,6,0,0
1637865815587,15,Small,200,OK,true,51511,138,16,16,7,0,0
1637865815560,60,Medium,200,OK,true,307513,139,16,16,7,0,0
1637865815606,22,Small-Medium,200,OK,true,102713,139,16,16,7,0,0
1637865815626,16,Small,200,OK,true,51511,138,16,16,8,0,0
1637865815617,26,Small,200,OK,true,51511,138,16,16,10,0,0
1637865815573,92,Medium-Large,200,OK,true,512313,139,16,16,9,0,0
1637865815598,73,Medium,200,OK,true,307513,139,16,16,8,0,0
1637865815602,73,Medium,200,OK,true,307513,139,16,16,6,0,0
1637865815608,69,Medium,200,OK,true,307513,139,16,16,8,0,0
1637865815665,16,Small-Medium,200,OK,true,102713,139,16,16,7,0,0
1637865815677,18,Small,200,OK,true,51511,138,16,16,9,0,0
1637865815650,51,Medium,200,OK,true,307513,139,16,16,8,0,0
1637865815681,31,Small-Medium,200,OK,true,102713,139,16,16,9,0,0
1637865815672,76,Medium,200,OK,true,307513,139,16,16,7,0,0
1637865815670,83,Medium,200,OK,true,307513,139,16,16,7,0,0
1637865815729,27,Small-Medium,200,OK,true,102713,139,16,16,9,0,0
1637865815622,136,Medium-Large,200,OK,true,512313,139,16,16,9,0,0
1637865815746,26,Small,200,OK,true,51511,138,16,16,10,0,0
1637865815675,113,Medium-Large,200,OK,true,512313,139,16,16,9,0,0
1637865815714,77,Medium,200,OK,true,307513,139,16,16,9,0,0
1637865815515,288,Large,200,OK,true,1048891,137,16,16,9,0,0
1637865815788,16,Small,200,OK,true,51511,138,16,16,7,0,0
1637865815741,76,Medium,200,OK,true,307513,139,16,16,10,0,0
1637865815581,238,Large,200,OK,true,1048890,137,16,16,7,0,0
1637865815809,15,Small,200,OK,true,51511,138,16,16,6,0,0
1637865815568,258,Large,200,OK,true,1048891,137,16,16,9,0,0
1637865815817,19,Small,200,OK,true,51511,138,16,16,10,0,0
1637865815610,238,Medium-Large,200,OK,true,512313,139,16,16,8,0,0
1637865815584,284,Medium-Large,200,OK,true,512313,139,16,16,7,0,0
1637865815848,33,Small,200,OK,true,51511,138,16,16,8,0,0
1637865815791,95,Medium-Large,200,OK,true,512313,139,16,16,6,0,0
1637865815753,138,Medium-Large,200,OK,true,512313,139,16,16,9,0,0
1637865815803,89,Medium,200,OK,true,307513,139,16,16,15,0,0
1637865815874,19,Small,200,OK,true,51511,138,16,16,10,0,0
1637865815819,76,Medium,200,OK,true,307512,139,16,16,11,0,0
1637865815826,74,Medium,200,OK,true,307513,139,16,16,9,0,0
1637865815868,43,Small,200,OK,true,51511,138,16,16,8,0,0
1637865815886,26,Small-Medium,200,OK,true,102713,139,16,16,8,0,0
1637865815895,18,Small,200,OK,true,51510,138,16,16,9,0,0
1637865815881,35,Small-Medium,200,OK,true,102713,139,16,16,12,0,0
1637865815892,25,Small,200,OK,true,51511,138,16,16,9,0,0
1637865815900,17,Small,200,OK,true,51511,138,16,16,11,0,0
1637865815758,162,Medium-Large,200,OK,true,512313,139,16,16,9,0,0
1637865815920,14,Small,200,OK,true,51511,138,16,16,7,0,0
1637865815689,250,Large,200,OK,true,1048891,137,16,16,9,0,0
1637865815938,12,Small,200,OK,true,51511,138,16,16,5,0,0
1637865815939,12,Small,200,OK,true,51511,138,16,16,6,0,0
1637865815950,16,Small,200,OK,true,51511,138,16,16,9,0,0
1637865815748,221,Large,200,OK,true,1048891,137,16,16,10,0,0
1637865815793,181,Large,200,OK,true,1048891,137,16,16,10,0,0
1637865815913,69,Medium,200,OK,true,307512,139,16,16,5,0,0
1637865815956,29,Small-Medium,200,OK,true,102713,139,16,16,7,0,0
1637865815984,14,Small,200,OK,true,51511,138,16,16,8,0,0
1637865815974,44,Medium,200,OK,true,307513,139,16,16,7,0,0
1637865815961,74,Medium,200,OK,true,307512,139,16,16,7,0,0
1637865815427,610,Large,200,OK,true,1048891,137,16,16,9,0,0
1637865816019,24,Small,200,OK,true,51511,138,16,16,9,0,0
1637865816035,34,Small-Medium,200,OK,true,102677,139,16,16,8,0,0
1637865816048,25,Small,200,OK,true,51511,138,16,16,10,0,0
1637865816004,73,Medium,200,OK,true,307513,139,16,16,8,0,0
1637865816003,74,Medium,200,OK,true,307513,139,16,16,7,0,0
1637865815970,109,Medium-Large,200,OK,true,512313,139,16,16,7,0,0
1637865816014,75,Medium,200,OK,true,307513,139,16,16,9,0,0
1637865815852,239,Large,200,OK,true,1048891,137,16,16,9,0,0
1637865816079,30,Small-Medium,200,OK,true,102713,139,16,16,11,0,0
1637865816091,34,Small-Medium,200,OK,true,102713,139,16,16,10,0,0
1637865815891,256,Large,200,OK,true,1048891,137,16,16,9,0,0
1637865816077,78,Medium,200,OK,true,307513,139,16,16,9,0,0
1637865816089,68,Medium,200,OK,true,307512,139,16,16,9,0,0
1637865815945,220,Large,200,OK,true,1048891,137,16,16,7,0,0
1637865815982,200,Medium-Large,200,OK,true,512312,139,16,16,8,0,0
1637865816078,123,Medium-Large,200,OK,true,512313,139,16,16,7,0,0
1637865816201,28,Small-Medium,200,OK,true,102713,139,16,16,8,0,0
1637865816182,53,Small-Medium,200,OK,true,102712,139,16,16,10,0,0
1637865816147,88,Medium,200,OK,true,307513,139,16,16,8,0,0
1637865815964,274,Large,200,OK,true,1048891,137,16,16,10,0,0
1637865816155,85,Medium,200,OK,true,307513,139,16,16,9,0,0
1637865816111,136,Medium-Large,200,OK,true,512313,139,16,16,8,0,0
1637865816235,34,Small-Medium,200,OK,true,102713,139,16,16,9,0,0
1637865816038,233,Large,200,OK,true,1048891,137,16,16,9,0,0
1637865816142,133,Medium-Large,200,OK,true,512313,139,16,16,10,0,0
1637865816247,42,Small-Medium,200,OK,true,102713,139,16,16,11,0,0
1637865816275,24,Small-Medium,200,OK,true,102713,139,16,16,8,0,0
1637865816240,129,Medium-Large,200,OK,true,512313,139,16,16,9,0,0
1637865816084,298,Large,200,OK,true,1048891,137,16,16,9,0,0
1637865816238,145,Medium-Large,200,OK,true,512313,139,16,16,8,0,0
1637865816157,236,Large,200,OK,true,1048890,137,16,16,8,0,0
1637865816299,97,Medium,200,OK,true,307513,139,16,16,7,0,0
1637865816369,36,Small-Medium,200,OK,true,102713,139,16,16,9,0,0
1637865816271,134,Medium-Large,200,OK,true,512313,139,16,16,10,0,0
1637865816155,260,Large,200,OK,true,1048891,137,16,16,13,0,0
1637865816311,106,Medium,200,OK,true,307513,139,16,16,14,0,0
1637865816037,428,Medium-Large,200,OK,true,512313,139,16,16,9,0,0
1637865816433,36,Small-Medium,200,OK,true,102713,139,16,16,10,0,0
1637865816406,70,Medium,200,OK,true,307513,139,16,16,7,0,0
1637865816165,319,Large,200,OK,true,1048891,137,16,16,9,0,0
1637865816415,90,Medium,200,OK,true,307513,139,16,16,9,0,0
1637865816264,258,Large,200,OK,true,1048891,137,16,16,8,0,0
1637865815932,611,Large,200,OK,true,1048891,137,16,16,7,0,0
1637865816383,163,Medium-Large,200,OK,true,512313,139,16,16,8,0,0
1637865816417,150,Medium-Large,200,OK,true,512313,139,16,16,9,0,0
1637865816097,480,Large,200,OK,true,1048892,137,16,16,18,0,10
1637865816497,96,Medium,200,OK,true,307513,139,16,16,9,0,0
1637865816339,269,Large,200,OK,true,1048891,137,16,16,10,0,0
1637865816593,16,Small,200,OK,true,51511,138,16,16,7,0,0
1637865816505,113,Medium-Large,200,OK,true,512313,139,16,16,9,0,0
1637865815379,1243,Large,200,OK,true,1048891,137,16,16,9,0,0
1637865816608,19,Small,200,OK,true,51511,138,16,16,9,0,0
1637865816567,85,Medium,200,OK,true,307513,139,16,16,8,0,0
1637865816546,106,Medium,200,OK,true,307513,139,16,16,11,0,0
1637865816393,261,Large,200,OK,true,1048890,137,16,16,10,0,0
1637865816522,133,Medium-Large,200,OK,true,512313,139,16,16,11,0,0
1637865816484,171,Medium-Large,200,OK,true,512313,139,16,16,10,0,0
1637865816654,16,Small,200,OK,true,51510,138,16,16,8,0,0
1637865816652,27,Small-Medium,200,OK,true,102713,139,16,16,7,0,0
1637865816656,29,Small-Medium,200,OK,true,102713,139,16,16,8,0,0
1637865816382,304,Large,200,OK,true,1048891,137,16,16,9,0,0
1637865816619,76,Medium,200,OK,true,307513,139,16,16,9,0,0
1637865816247,451,Large,200,OK,true,1048890,137,16,16,9,0,0
1637865816396,318,Large,200,OK,true,1048891,137,16,16,12,0,0
1637865816477,248,Large,200,OK,true,1048891,137,16,16,7,0,0
1637865816657,72,Medium,200,OK,true,307513,139,16,16,9,0,0
1637865816714,16,Small,200,OK,true,51511,138,16,16,8,0,0
1637865816698,32,Small,200,OK,true,51510,138,16,16,10,0,0
1637865816656,78,Medium,200,OK,true,307513,139,16,16,7,0,0
1637865816465,274,Medium,200,OK,true,307513,139,16,16,10,0,0
1637865816673,78,Medium,200,OK,true,307513,139,16,16,7,0,0
1637865816718,34,Small-Medium,200,OK,true,102713,139,16,16,8,0,0
1637865816729,34,Small-Medium,200,OK,true,102713,139,16,16,10,0,0
1637865816686,79,Medium,200,OK,true,307513,139,16,16,8,0,0
1637865816725,67,Medium,200,OK,true,307513,139,16,16,10,0,0
1637865816765,33,Small-Medium,200,OK,true,102713,139,16,16,8,0,0
1637865816577,237,Large,200,OK,true,1048891,137,16,16,9,0,0
1637865816695,124,Medium-Large,200,OK,true,512313,139,16,16,9,0,0
1637865816793,36,Small-Medium,200,OK,true,102713,139,16,16,10,0,0
1637865816815,29,Small-Medium,200,OK,true,102713,139,16,16,11,0,0
1637865816715,143,Medium-Large,200,OK,true,512312,139,16,16,8,0,0
1637865816735,124,Medium-Large,200,OK,true,512313,139,16,16,8,0,0
1637865816830,34,Small-Medium,200,OK,true,102713,139,16,16,9,0,0
1637865816792,77,Medium,200,OK,true,307513,139,16,16,7,0,0
1637865816859,18,Small,200,OK,true,51511,138,16,16,10,0,0
1637865816858,23,Small,200,OK,true,51511,138,16,16,8,0,0
1637865816869,17,Small,200,OK,true,51511,138,16,16,9,0,0
1637865816783,116,Medium-Large,200,OK,true,512313,139,16,16,10,0,0
1637865816819,80,Medium,200,OK,true,307513,139,16,16,10,0,0
1637865816761,140,Medium,200,OK,true,307512,139,16,16,8,0,0
1637865816899,16,Small,200,OK,true,51511,138,16,16,6,0,0
1637865816900,16,Small,200,OK,true,51511,138,16,16,7,0,0
1637865816718,208,Large,200,OK,true,1048890,137,16,16,9,0,0
1637865816652,287,Large,200,OK,true,1048891,137,16,16,6,0,0
1637865816778,161,Medium-Large,200,OK,true,512313,139,16,16,9,0,0
1637865816926,18,Small,200,OK,true,51510,138,16,16,8,0,0
1637865816940,18,Small,200,OK,true,51511,138,16,16,9,0,0
1637865816940,30,Small-Medium,200,OK,true,102713,139,16,16,8,0,0
1637865816751,225,Large,200,OK,true,1048891,137,16,16,8,0,0
1637865816878,98,Medium-Large,200,OK,true,512313,139,16,16,9,0,0
1637865816859,121,Medium-Large,200,OK,true,512312,139,16,16,8,0,0
1637865816963,19,Small,200,OK,true,51511,138,16,16,11,0,0
1637865816923,69,Medium,200,OK,true,307513,139,16,16,7,0,0
1637865816977,15,Small,200,OK,true,51511,138,16,16,8,0,0
1637865816992,16,Small,200,OK,true,51511,138,16,16,9,0,0
1637865816901,107,Medium,200,OK,true,307512,139,16,16,9,0,0
1637865816894,118,Medium-Large,200,OK,true,512313,139,16,16,6,0,0
1637865816933,83,Medium-Large,200,OK,true,512313,139,16,16,8,0,0
1637865817003,22,Small,200,OK,true,51511,138,16,16,7,0,0
1637865817004,33,Small-Medium,200,OK,true,102713,139,16,16,9,0,0
1637865817016,24,Small-Medium,200,OK,true,102713,139,16,16,9,0,0
1637865817012,39,Small-Medium,200,OK,true,102713,139,16,16,8,0,0
1637865817041,14,Small,200,OK,true,51511,138,16,16,7,0,0
1637865816963,109,Medium-Large,200,OK,true,512313,139,16,16,7,0,0
1637865816992,84,Medium-Large,200,OK,true,512312,139,16,16,8,0,0
1637865816980,100,Medium-Large,200,OK,true,512312,139,16,16,7,0,0
1637865817069,13,Small,200,OK,true,51511,138,16,16,6,0,0
1637865817077,16,Small,200,OK,true,51510,138,16,16,7,0,0
1637865817068,36,Small-Medium,200,OK,true,102713,139,16,16,12,0,0
1637865817079,25,Small-Medium,200,OK,true,102713,139,16,16,9,0,0
1637865817105,15,Small,200,OK,true,51511,138,16,16,7,0,0
1637865817056,67,Medium,200,OK,true,307513,139,16,16,7,0,0
1637865816921,213,Large,200,OK,true,1048891,137,16,16,7,0,0
1637865817028,108,Medium-Large,200,OK,true,512313,139,16,16,9,0,0
1637865817008,148,Medium-Large,200,OK,true,512312,139,16,16,8,0,0
1637865817136,28,Small-Medium,200,OK,true,102713,139,16,16,9,0,0
1637865816543,646,Large,200,OK,true,1048891,137,16,16,10,0,0
1637865817080,121,Medium-Large,200,OK,true,512312,139,16,16,9,0,0
1637865816976,232,Large,200,OK,true,1048891,137,16,16,7,0,0
1637865817141,68,Medium,200,OK,true,307512,139,16,16,9,0,0
1637865817143,70,Medium,200,OK,true,307513,139,16,16,10,0,0
1637865817076,139,Medium-Large,200,OK,true,512313,139,16,16,7,0,0
1637865817157,60,Small-Medium,200,OK,true,102712,139,16,16,9,0,0
1637865817209,10,Small,200,OK,true,51475,138,16,16,9,0,0
1637865817134,87,Medium,200,OK,true,307513,139,16,16,8,0,0
1637865817201,26,Small-Medium,200,OK,true,102712,139,16,16,8,0,0
1637865817201,35,Small-Medium,200,OK,true,102713,139,16,16,10,0,0
1637865817209,31,Small,200,OK,true,51511,138,16,16,14,0,0
1637865817220,24,Small,200,OK,true,51475,138,16,16,9,0,0
1637865817169,78,Medium,200,OK,true,307513,139,16,16,9,0,0
1637865817131,132,Medium-Large,200,OK,true,512313,139,16,16,7,0,0
1637865817247,18,Small-Medium,200,OK,true,102713,139,16,16,8,0,0
1637865817132,139,Medium-Large,200,OK,true,512313,139,16,16,8,0,0
1637865817213,61,Medium,200,OK,true,307513,139,16,16,9,0,0
1637865817265,29,Small-Medium,200,OK,true,102712,139,16,16,6,0,0
1637865817271,29,Small-Medium,200,OK,true,102713,139,16,16,10,0,0
1637865817072,235,Large,200,OK,true,1048891,137,16,16,7,0,0
1637865817307,18,Small,200,OK,true,51511,138,16,16,9,0,0
1637865816739,638,Large,200,OK,true,1048891,137,16,16,9,0,0
1637865817124,267,Large,200,OK,true,1048891,137,16,16,9,0,0
1637865817273,119,Medium,200,OK,true,307514,139,16,16,15,0,7
1637865817273,128,Medium-Large,200,OK,true,512313,139,16,16,8,0,0
1637865817263,141,Medium-Large,200,OK,true,512313,139,16,16,7,0,0
1637865817372,38,Small-Medium,200,OK,true,102713,139,16,16,10,0,0
1637865817377,43,Small,200,OK,true,51511,138,16,16,9,0,0
1637865817391,33,Small-Medium,200,OK,true,102713,139,16,16,7,0,0
1637865817401,34,Small-Medium,200,OK,true,102713,139,16,16,10,0,0
1637865817311,135,Medium-Large,200,OK,true,512313,139,16,16,9,0,0
1637865817284,170,Small-Medium,200,OK,true,102714,139,16,16,20,0,8
1637865817221,236,Large,200,OK,true,1048891,137,16,16,9,0,0
1637865817328,148,Medium-Large,200,OK,true,512312,139,16,16,9,0,0
1637865817190,287,Medium-Large,200,OK,true,512313,139,16,16,10,0,0
1637865817265,243,Large,200,OK,true,1048891,137,16,16,7,0,0
1637865817279,232,Large,200,OK,true,1048891,137,16,16,7,0,0
1637865817455,58,Small-Medium,200,OK,true,102713,139,16,16,9,0,0
1637865817215,299,Large,200,OK,true,1048891,137,16,16,12,0,0
1637865817447,74,Medium,200,OK,true,307513,139,16,16,8,0,0
1637865817476,47,Small-Medium,200,OK,true,102712,139,16,16,9,0,0
1637865817514,20,Small,200,OK,true,51511,138,16,16,8,0,0
1637865817520,22,Small,200,OK,true,51511,138,16,16,8,0,0
1637865817464,84,Medium,200,OK,true,307513,139,16,16,9,0,0
1637865817436,135,Medium-Large,200,OK,true,512313,139,16,16,8,0,0
1637865817579,19,Small,200,OK,true,51511,138,16,16,8,0,0
1637865817508,93,Medium,200,OK,true,307513,139,16,16,8,0,0
1637865817441,198,Medium,200,OK,true,307513,139,16,16,7,0,0
1637865817548,92,Medium,200,OK,true,307513,139,16,16,8,0,0
1637865817601,42,Small-Medium,200,OK,true,102713,139,16,16,8,0,0
1637865817478,165,Medium,200,OK,true,307513,139,16,16,7,0,0
1637865817541,108,Medium,200,OK,true,307512,139,16,16,8,0,0
1637865817392,257,Large,200,OK,true,1048891,137,16,16,8,0,0
1637865817334,321,Large,200,OK,true,1048891,137,16,16,12,0,0
1637865817571,85,Medium,200,OK,true,307513,139,16,16,8,0,0
1637865817640,41,Small,200,OK,true,51511,138,16,16,8,0,0
1637865817656,29,Small-Medium,200,OK,true,102713,139,16,16,9,0,0
1637865817665,25,Small,200,OK,true,51511,138,16,16,9,0,0
1637865817655,42,Small-Medium,200,OK,true,102713,139,16,16,9,0,0
1637865817583,118,Medium,200,OK,true,307513,139,16,16,13,0,0
1637865817404,313,Large,200,OK,true,1048891,137,16,16,9,0,0
1637865817457,273,Large,200,OK,true,1048891,137,16,16,8,0,0
1637865817643,89,Medium,200,OK,true,307513,139,16,16,7,0,0
1637865817720,24,Small,200,OK,true,51511,138,16,16,8,0,0
1637865817730,17,Small,200,OK,true,51511,138,16,16,8,0,0
1637865817521,227,Large,200,OK,true,1048891,137,16,16,8,0,0
1637865817511,241,Large,200,OK,true,1048891,137,16,16,8,0,0
1637865817703,50,Small,200,OK,true,51511,138,16,16,10,0,0
1637865817640,116,Medium-Large,200,OK,true,512313,139,16,16,8,0,0
1637865817454,303,Large,200,OK,true,1048891,137,16,16,9,0,0
1637865817748,15,Small,200,OK,true,51511,138,16,16,8,0,0
1637865817752,14,Small,200,OK,true,51511,138,16,16,6,0,0
1637865817649,133,Medium-Large,200,OK,true,512313,139,16,16,11,0,0
1637865817702,84,Medium,200,OK,true,307513,139,16,16,8,0,0
1637865816622,1168,Large,200,OK,true,1048891,137,16,16,9,0,0
1637865817768,37,Small,200,OK,true,51511,138,16,16,9,0,0
1637865817718,93,Medium,200,OK,true,307513,139,16,16,8,0,0
1637865817786,27,Small-Medium,200,OK,true,102713,139,16,16,8,0,0
1637865817783,32,Small-Medium,200,OK,true,102713,139,16,16,10,0,0
1637865817757,63,Medium,200,OK,true,307513,139,16,16,8,0,0
1637865817643,183,Medium,200,OK,true,307513,139,16,16,9,0,0
1637865817756,71,Medium,200,OK,true,307513,139,16,16,7,0,0
1637865817817,16,Small,200,OK,true,51511,138,16,16,8,0,0
1637865817812,40,Small-Medium,200,OK,true,102713,139,16,16,9,0,0
1637865817719,140,Medium-Large,200,OK,true,512313,139,16,16,8,0,0
1637865817831,49,Small,200,OK,true,51511,138,16,16,7,0,0
1637865817875,42,Small-Medium,200,OK,true,102713,139,16,16,10,0,0
1637865817812,116,Medium-Large,200,OK,true,512313,139,16,16,8,0,0
1637865817649,290,Large,200,OK,true,1048855,137,16,16,8,0,0
1637865817822,123,Medium-Large,200,OK,true,512313,139,16,16,8,0,0
1637865817827,134,Medium-Large,200,OK,true,512313,139,16,16,12,0,0
1637865817946,17,Small,200,OK,true,51511,138,16,16,9,0,0
1637865817729,252,Large,200,OK,true,1048891,137,16,16,8,0,0
1637865817961,24,Small-Medium,200,OK,true,102713,139,16,16,8,0,0
1637865817848,140,Medium-Large,200,OK,true,512313,139,16,16,9,0,0
1637865817859,165,Medium-Large,200,OK,true,512313,139,16,16,9,0,0
1637865817782,244,Large,200,OK,true,1048891,137,16,16,8,0,0
1637865818010,26,Small-Medium,200,OK,true,102713,139,16,16,9,0,0
1637865817732,319,Large,200,OK,true,1048891,137,16,16,9,0,0
1637865817794,268,Large,200,OK,true,1048891,137,16,16,8,0,0
1637865818052,35,Small-Medium,200,OK,true,102713,139,16,16,8,0,0
1637865818073,19,Small,200,OK,true,51511,138,16,16,11,0,0
1637865818024,87,Medium,200,OK,true,307513,139,16,16,9,0,0
1637865817981,141,Medium-Large,200,OK,true,512313,139,16,16,9,0,0
1637865817850,272,Large,200,OK,true,1048891,137,16,16,9,0,0
1637865817880,250,Large,200,OK,true,1048891,137,16,16,9,0,0
1637865818122,16,Small,200,OK,true,51511,138,16,16,8,0,0
1637865818025,128,Medium-Large,200,OK,true,512313,139,16,16,12,0,0
1637865817826,328,Medium-Large,200,OK,true,512313,139,16,16,8,0,0
1637865817928,231,Large,200,OK,true,1048891,137,16,16,10,0,0
1637865818062,125,Medium-Large,200,OK,true,512313,139,16,16,11,0,0
1637865818155,41,Small,200,OK,true,51511,138,16,16,9,0,0
1637865818122,79,Medium,200,OK,true,307513,139,16,16,11,0,0
1637865818187,19,Small,200,OK,true,51511,138,16,16,10,0,0
1637865818111,98,Medium,200,OK,true,307513,139,16,16,9,0,0
1637865817989,258,Large,200,OK,true,1048891,137,16,16,9,0,0
1637865818201,47,Small-Medium,200,OK,true,102713,139,16,16,8,0,0
1637865818209,45,Small-Medium,200,OK,true,102713,139,16,16,9,0,0
1637865818130,131,Medium-Large,200,OK,true,512313,139,16,16,9,0,0
1637865818138,124,Medium-Large,200,OK,true,512313,139,16,16,8,0,0
1637865818229,38,Small,200,OK,true,51511,138,16,16,23,0,0
1637865818247,21,Small,200,OK,true,51511,138,16,16,6,0,0
1637865817939,337,Large,200,OK,true,1048891,137,16,16,13,0,0
1637865818115,167,Medium-Large,200,OK,true,512313,139,16,16,9,0,0
1637865818282,17,Small,200,OK,true,51511,138,16,16,8,0,0
1637865818265,34,Small,200,OK,true,51511,138,16,16,10,0,0
1637865818026,278,Large,200,OK,true,1048891,137,16,16,8,0,0
1637865818153,152,Medium-Large,200,OK,true,512313,139,16,16,8,0,0
1637865818274,33,Small-Medium,200,OK,true,102713,139,16,16,8,0,0
1637865818276,34,Small-Medium,200,OK,true,102713,139,16,16,8,0,0
1637865818305,31,Small-Medium,200,OK,true,102713,139,16,16,7,0,0
1637865818312,25,Small-Medium,200,OK,true,102713,139,16,16,8,0,0
1637865818188,158,Medium-Large,200,OK,true,512313,139,16,16,7,0,0
1637865818261,96,Medium-Large,200,OK,true,512313,139,16,16,7,0,0
1637865817939,418,Medium-Large,200,OK,true,512314,139,16,16,17,0,9
1637865818338,23,Small,200,OK,true,51511,138,16,16,8,0,0
1637865818304,68,Medium,200,OK,true,307513,139,16,16,7,0,0
1637865818357,16,Small-Medium,200,OK,true,102713,139,16,16,7,0,0
1637865818340,35,Small-Medium,200,OK,true,102713,139,16,16,11,0,0
1637865818346,32,Small-Medium,200,OK,true,102713,139,16,16,8,0,0
1637865818159,224,Large,200,OK,true,1048891,137,16,16,8,0,0
1637865818368,23,Small,200,OK,true,51511,138,16,16,9,0,0
1637865818374,22,Small,200,OK,true,51511,138,16,16,8,0,0
1637865818383,15,Small-Medium,200,OK,true,102713,139,16,16,7,0,0
1637865818357,66,Medium,200,OK,true,307513,139,16,16,8,0,0
1637865818283,145,Medium,200,OK,true,307513,139,16,16,9,0,0
1637865818401,28,Small-Medium,200,OK,true,102713,139,16,16,6,0,0
1637865818403,29,Small-Medium,200,OK,true,102713,139,16,16,6,0,0
1637865818421,14,Small,200,OK,true,51511,138,16,16,7,0,0
1637865818263,177,Large,200,OK,true,1048891,137,16,16,8,0,0
1637865818434,13,Small,200,OK,true,51511,138,16,16,7,0,0
1637865818439,23,Small-Medium,200,OK,true,102713,139,16,16,7,0,0
1637865818448,16,Small,200,OK,true,51511,138,16,16,8,0,0
1637865818251,225,Large,200,OK,true,1048891,137,16,16,7,0,0
1637865818468,15,Small,200,OK,true,51511,138,16,16,8,0,0
1637865818466,21,Small,200,OK,true,51511,138,16,16,7,0,0
1637865818423,80,Medium,200,OK,true,307513,139,16,16,8,0,0
1637865818512,17,Small,200,OK,true,51511,138,16,16,9,0,0
1637865818503,27,Small,200,OK,true,51511,138,16,16,9,0,0
1637865818485,66,Medium,200,OK,true,307513,139,16,16,7,0,0
1637865818530,25,Small,200,OK,true,51511,138,16,16,9,0,0
1637865818532,26,Small,200,OK,true,51511,138,17,17,10,0,0
1637865818328,234,Large,200,OK,true,1048891,137,17,17,8,0,0
1637865818497,67,Medium,200,OK,true,307513,139,17,17,8,0,0
1637865818346,233,Large,200,OK,true,1048891,137,17,17,10,0,0
1637865818477,118,Medium-Large,200,OK,true,512313,139,17,17,7,0,0
1637865818373,223,Large,200,OK,true,1048891,137,17,17,7,0,0
1637865818594,16,Small,200,OK,true,51511,138,17,17,7,0,0
1637865818551,68,Medium,200,OK,true,307513,139,17,17,8,0,0
1637865818596,33,Small-Medium,200,OK,true,102713,139,17,17,7,0,0
1637865818440,206,Large,200,OK,true,1048891,137,17,17,9,0,0
1637865818565,88,Medium,200,OK,true,307513,139,17,17,7,0,0
1637865818646,17,Small,200,OK,true,51511,138,17,17,7,0,0
1637865818567,103,Medium,200,OK,true,307513,139,17,17,8,0,0
1637865818596,80,Medium,200,OK,true,307513,139,17,17,9,0,0
1637865818409,277,Large,200,OK,true,1048891,137,17,17,8,0,0
1637865818562,130,Medium-Large,200,OK,true,512313,139,17,17,8,0,0
1637865818677,19,Small,200,OK,true,51511,138,17,17,10,0,0
1637865818663,36,Small-Medium,200,OK,true,102713,139,17,17,10,0,0
1637865818686,19,Small,200,OK,true,51511,138,17,17,9,0,0
1637865818576,133,Medium-Large,200,OK,true,512313,139,17,17,10,0,0
1637865817896,814,Large,200,OK,true,1048891,137,17,17,8,0,0
1637865818558,166,Small-Medium,200,OK,true,102714,139,17,17,17,0,8
1637865818692,32,Small-Medium,200,OK,true,102713,139,17,17,10,0,0
1637865818653,85,Medium,200,OK,true,307513,139,17,17,10,0,0
1637865818502,252,Large,200,OK,true,1048890,137,17,17,9,0,0
1637865818710,50,Small,200,OK,true,51511,138,17,17,7,0,0
1637865818670,93,Medium,200,OK,true,307513,139,17,17,8,0,0
1637865818714,52,Medium,200,OK,true,307513,139,17,17,8,0,0
1637865818754,17,Small,200,OK,true,51511,138,17,17,9,0,0
1637865818763,36,Small-Medium,200,OK,true,102713,139,17,17,8,0,0
1637865818738,81,Medium,200,OK,true,307513,139,17,17,8,0,0
1637865818754,80,Medium,200,OK,true,307512,139,17,17,10,0,0
1637865818579,260,Large,200,OK,true,1048891,137,17,17,10,0,0
1637865818710,134,Medium-Large,200,OK,true,512313,139,17,17,9,0,0
1637865818819,35,Small-Medium,200,OK,true,102713,139,17,17,9,0,0
1637865818619,239,Large,200,OK,true,1048891,137,17,17,7,0,0
1637865818844,19,Small,200,OK,true,51511,138,17,17,10,0,0
1637865818731,152,Medium-Large,200,OK,true,512313,139,17,17,8,0,0
1637865818601,317,Large,200,OK,true,1048891,137,17,17,10,0,0
1637865818822,101,Medium,200,OK,true,307513,139,17,17,10,0,0
1637865818834,91,Medium,200,OK,true,307512,139,17,17,9,0,0
1637865818918,37,Small-Medium,200,OK,true,102713,139,17,17,8,0,0
1637865818923,47,Small-Medium,200,OK,true,102713,139,17,17,10,0,0
1637865818662,313,Large,200,OK,true,1048891,137,17,17,9,0,0
1637865818858,134,Medium-Large,200,OK,true,512313,139,17,17,9,0,0
1637865818992,18,Small,200,OK,true,51511,138,17,17,10,0,0
1637865818760,256,Large,200,OK,true,1048891,137,17,17,7,0,0
1637865818744,273,Large,200,OK,true,1048891,137,17,17,9,0,0
1637865818925,92,Medium,200,OK,true,307512,139,17,17,10,0,0
1637865818883,136,Medium-Large,200,OK,true,512313,139,17,17,9,0,0
1637865819019,16,Small,200,OK,true,51511,138,17,17,7,0,0
1637865818428,624,Large,200,OK,true,1048891,137,17,17,8,0,0
1637865818782,272,Large,200,OK,true,1048891,137,17,17,9,0,0
1637865819017,42,Small-Medium,200,OK,true,102713,139,17,17,16,0,0
1637865818839,271,Large,200,OK,true,1048891,137,17,17,10,0,0
1637865819017,105,Medium,200,OK,true,307512,139,17,17,17,0,0
1637865819052,71,Small-Medium,200,OK,true,102713,139,17,17,9,0,0
1637865819085,39,Small-Medium,200,OK,true,102713,139,17,17,7,0,0
1637865818975,152,Medium-Large,200,OK,true,512313,139,17,17,10,0,0
1637865818985,161,Medium-Large,200,OK,true,512313,139,17,17,10,0,0
1637865819127,19,Small,200,OK,true,51511,138,17,17,9,0,0
1637865818991,158,Medium-Large,200,OK,true,512313,139,17,17,10,0,0
1637865819017,135,Medium-Large,200,OK,true,512313,139,17,17,14,0,0
1637865819087,77,Medium,200,OK,true,307513,139,17,17,8,0,0
1637865819123,44,Small,200,OK,true,51511,138,17,17,9,0,0
1637865818887,303,Large,200,OK,true,1048891,137,17,17,9,0,0
1637865818912,279,Large,200,OK,true,1048891,137,17,17,9,0,0
1637865819060,132,Medium-Large,200,OK,true,512313,139,17,17,10,0,0
1637865819164,33,Small-Medium,200,OK,true,102713,139,17,17,9,0,0
1637865818831,368,Large,200,OK,true,1048891,137,17,17,9,0,0
1637865819192,17,Small,200,OK,true,51511,138,17,17,7,0,0
1637865819122,90,Medium,200,OK,true,307512,139,17,17,10,0,0
1637865819192,26,Small,200,OK,true,51511,138,17,17,7,0,0
1637865819191,29,Small-Medium,200,OK,true,102713,139,17,17,10,0,0
1637865819199,26,Small,200,OK,true,51511,138,17,17,10,0,0
1637865817790,1444,Large,200,OK,true,1048891,137,17,17,8,0,0
1637865819152,86,Medium,200,OK,true,307513,139,17,17,9,0,0
1637865818778,465,Medium-Large,200,OK,true,512313,139,17,17,10,0,0
1637865819231,15,Small,200,OK,true,51511,138,17,17,8,0,0
1637865819239,21,Small-Medium,200,OK,true,102713,139,17,17,7,0,0
1637865819191,76,Medium,200,OK,true,307513,139,17,17,7,0,0
1637865819152,131,Medium-Large,200,OK,true,512313,139,17,17,8,0,0
1637865819149,138,Medium-Large,200,OK,true,512313,139,17,17,7,0,0
1637865819261,26,Small-Medium,200,OK,true,102713,139,17,17,9,0,0
1637865819146,145,Medium-Large,200,OK,true,512313,139,17,17,8,0,0
1637865819054,238,Large,200,OK,true,1048891,137,17,17,9,0,0
1637865819261,45,Small,200,OK,true,51511,138,17,17,11,0,0
1637865819235,72,Small,200,OK,true,51511,138,17,17,7,0,0
1637865819292,29,Small-Medium,200,OK,true,102713,139,17,17,11,0,0
1637865819307,37,Small-Medium,200,OK,true,102713,139,17,17,10,0,0
1637865819110,264,Large,200,OK,true,1048891,137,17,17,9,0,0
1637865819359,18,Small,200,OK,true,51511,138,17,17,9,0,0
1637865819374,17,Small,200,OK,true,51511,138,17,17,8,0,0
1637865819292,107,Medium,200,OK,true,307513,139,17,17,8,0,0
1637865819328,77,Medium,200,OK,true,307513,139,17,17,10,0,0
1637865819406,17,Small,200,OK,true,51511,138,17,17,9,0,0
1637865819399,41,Small-Medium,200,OK,true,102713,139,17,17,8,0,0
1637865819287,162,Medium-Large,200,OK,true,512313,139,17,17,8,0,0
1637865819429,25,Small-Medium,200,OK,true,102713,139,17,17,8,0,0
1637865819243,216,Medium,200,OK,true,307513,139,17,17,9,0,0
1637865819212,252,Large,200,OK,true,1048890,137,17,17,9,0,0
1637865819268,199,Medium-Large,200,OK,true,512313,139,17,17,9,0,0
1637865819467,28,Small,200,OK,true,51511,138,17,17,17,0,0
1637865819450,51,Small-Medium,200,OK,true,102713,139,17,17,8,0,0
1637865819375,131,Medium-Large,200,OK,true,512313,139,17,17,9,0,0
1637865819195,313,Large,200,OK,true,1048891,137,17,17,8,0,0
1637865819495,16,Small,200,OK,true,51511,138,17,17,7,0,0
1637865819460,53,Small,200,OK,true,51511,138,17,17,8,0,0
1637865818724,794,Large,200,OK,true,1048891,137,17,17,10,0,0
1637865819467,53,Small-Medium,200,OK,true,102713,139,17,17,17,0,0
1637865819259,261,Large,200,OK,true,1048891,137,17,17,7,0,0
1637865819507,16,Small,200,OK,true,51511,138,17,17,9,0,0
1637865819267,256,Large,200,OK,true,1048891,137,17,17,10,0,0
1637865819518,15,Small,200,OK,true,51511,138,17,17,7,0,0
1637865819521,13,Small,200,OK,true,51511,138,17,17,5,0,0
1637865819518,23,Small,200,OK,true,51511,138,17,17,9,0,0
1637865819300,245,Large,200,OK,true,1048891,137,17,17,10,0,0
1637865819328,218,Medium,200,OK,true,307513,139,17,17,10,0,0
1637865819523,25,Small-Medium,200,OK,true,102713,139,17,17,8,0,0
1637865819534,15,Small,200,OK,true,51511,138,17,17,8,0,0
1637865819283,274,Large,200,OK,true,1048891,137,17,17,7,0,0
1637865819443,116,Medium-Large,200,OK,true,512313,139,17,17,9,0,0
1637865819484,75,Medium-Large,200,OK,true,512313,139,17,17,10,0,0
1637865819527,34,Small,200,OK,true,51511,138,17,17,8,0,0
1637865819535,32,Small-Medium,200,OK,true,102713,139,17,17,8,0,0
1637865819546,24,Small,200,OK,true,51511,138,17,17,8,0,0
1637865819557,18,Small-Medium,200,OK,true,102713,139,17,17,6,0,0
1637865819559,18,Small-Medium,200,OK,true,102713,139,17,17,5,0,0
1637865819564,17,Small-Medium,200,OK,true,102713,139,17,17,7,0,0
1637865819508,93,Medium-Large,200,OK,true,512313,139,17,17,9,0,0
1637865819594,40,Small,200,OK,true,51511,138,17,17,8,0,0
1637865819627,18,Small,200,OK,true,51511,138,17,17,8,0,0
1637865819633,29,Small-Medium,200,OK,true,102713,139,17,17,9,0,0
1637865819586,88,Medium,200,OK,true,307513,139,17,17,5,0,0
1637865819593,82,Medium,200,OK,true,307513,139,17,17,8,0,0
1637865819601,80,Medium,200,OK,true,307513,139,17,17,7,0,0
1637865819589,100,Medium-Large,200,OK,true,512313,139,17,17,5,0,0
1637865819674,27,Small,200,OK,true,51511,138,17,17,13,0,0
1637865819690,20,Small,200,OK,true,51511,138,17,17,12,0,0
1637865819625,87,Medium,200,OK,true,307513,139,17,17,8,0,0
1637865819464,249,Large,200,OK,true,1048890,137,17,17,21,0,0
1637865819575,141,Medium-Large,200,OK,true,512313,139,17,17,5,0,0
1637865819560,167,Large,200,OK,true,1048891,137,17,17,6,0,0
1637865819663,103,Small-Medium,200,OK,true,102713,139,17,17,8,0,0
1637865819699,93,Medium,200,OK,true,307513,139,17,17,20,0,0
1637865819712,84,Medium,200,OK,true,307513,139,17,17,10,0,0
1637865819713,91,Medium,200,OK,true,307512,139,17,17,10,0,0
1637865819727,81,Medium,200,OK,true,307513,139,17,17,8,0,0
1637865819675,137,Medium-Large,200,OK,true,512313,139,17,17,13,0,0
1637865819545,268,Large,200,OK,true,1048891,137,17,17,7,0,0
1637865819603,214,Medium-Large,200,OK,true,512313,139,17,17,10,0,0
1637865819792,27,Small-Medium,200,OK,true,102713,139,17,17,8,0,0
1637865819588,231,Medium-Large,200,OK,true,512313,139,17,17,5,0,0
1637865819796,33,Small-Medium,200,OK,true,102713,139,17,17,8,0,0
1637865819759,73,Medium,200,OK,true,307513,139,17,17,8,0,0
1637865819681,152,Medium-Large,200,OK,true,512313,139,17,17,11,0,0
1637865819808,26,Small-Medium,200,OK,true,102713,139,17,17,9,0,0
1637865819695,150,Medium-Large,200,OK,true,512313,139,17,17,6,0,0
1637865819833,32,Small-Medium,200,OK,true,102713,139,17,17,10,0,0
1637865819859,25,Small-Medium,200,OK,true,102713,139,17,17,7,0,0
1637865819741,152,Medium-Large,200,OK,true,512313,139,17,17,10,0,0
1637865819877,17,Small,200,OK,true,51511,138,17,17,9,0,0
1637865819832,66,Medium,200,OK,true,307513,139,17,17,8,0,0
1637865819812,110,Medium,200,OK,true,307513,139,17,17,10,0,0
1637865819900,26,Small-Medium,200,OK,true,102713,139,17,17,9,0,0
1637865819845,85,Medium,200,OK,true,307513,139,17,17,8,0,0
1637865819899,33,Small-Medium,200,OK,true,102713,139,17,17,8,0,0
1637865819602,332,Large,200,OK,true,1048891,137,17,17,9,0,0
1637865819804,131,Medium-Large,200,OK,true,512277,139,17,17,9,0,0
1637865819922,17,Small,200,OK,true,51511,138,17,17,9,0,0
1637865819930,23,Small,200,OK,true,51511,138,17,17,8,0,0
1637865819928,26,Small,200,OK,true,51511,138,17,17,7,0,0
1637865819954,13,Small-Medium,200,OK,true,102713,139,17,17,6,0,0
1637865819716,270,Large,200,OK,true,1048891,137,17,17,9,0,0
1637865819967,29,Small-Medium,200,OK,true,102713,139,17,17,7,0,0
1637865819987,24,Small-Medium,200,OK,true,102713,139,17,17,8,0,0
1637865819894,134,Medium-Large,200,OK,true,512313,139,17,17,9,0,0
1637865819813,233,Large,200,OK,true,1048891,137,17,17,10,0,0
1637865820028,18,Small,200,OK,true,51511,138,17,17,8,0,0
1637865819990,76,Medium,200,OK,true,307513,139,17,17,8,0,0
1637865820036,33,Small-Medium,200,OK,true,102713,139,17,17,9,0,0
1637865820012,67,Medium,200,OK,true,307513,139,17,17,8,0,0
1637865819817,277,Large,200,OK,true,1048891,137,17,17,8,0,0
1637865820081,17,Small,200,OK,true,51511,138,17,17,8,0,0
1637865819864,258,Large,200,OK,true,1048891,137,17,17,9,0,0
1637865820103,37,Small,200,OK,true,51511,138,17,17,8,0,0
1637865820055,92,Medium,200,OK,true,307513,139,17,17,9,0,0
1637865820066,97,Medium,200,OK,true,307513,139,17,17,8,0,0
1637865820123,46,Small-Medium,200,OK,true,102713,139,17,17,21,0,0
1637865820148,28,Small-Medium,200,OK,true,102713,139,17,17,9,0,0
1637865819968,243,Large,200,OK,true,1048891,137,17,17,8,0,0
1637865819766,460,Medium-Large,200,OK,true,512313,139,17,17,10,0,0
1637865819934,306,Large,200,OK,true,1048891,137,17,17,20,0,0
1637865820163,78,Medium,200,OK,true,307513,139,17,17,8,0,0
1637865820094,166,Medium-Large,200,OK,true,512313,139,17,17,9,0,0
1637865819997,267,Large,200,OK,true,1048891,137,17,17,8,0,0
1637865820241,27,Small,200,OK,true,51511,138,17,17,9,0,0
1637865820147,124,Medium-Large,200,OK,true,512313,139,17,17,9,0,0
1637865820190,88,Medium,200,OK,true,307513,139,17,17,9,0,0
1637865819820,460,Large,200,OK,true,1048891,137,17,17,7,0,0
1637865820212,81,Medium,200,OK,true,307513,139,17,17,9,0,0
1637865820271,35,Small-Medium,200,OK,true,102713,139,17,17,10,0,0
1637865819999,315,Large,200,OK,true,1048891,137,17,17,9,0,0
1637865820046,279,Large,200,OK,true,1048891,137,17,17,8,0,0
1637865820293,38,Small,200,OK,true,51511,138,17,17,29,0,0
1637865820325,28,Small,200,OK,true,51511,138,17,17,11,0,0
1637865819935,428,Medium,200,OK,true,307514,139,17,17,27,0,19
1637865819614,755,Large,200,OK,true,1048891,137,17,17,9,0,0
1637865820264,106,Medium-Large,200,OK,true,512313,139,17,17,9,0,0
1637865820361,28,Small,200,OK,true,51511,138,17,17,8,0,0
1637865820241,165,Medium-Large,200,OK,true,512313,139,17,17,11,0,0
1637865820406,25,Small,200,OK,true,51511,138,17,17,10,0,0
1637865820279,154,Medium-Large,200,OK,true,512313,139,17,17,9,0,0
1637865820097,341,Large,200,OK,true,1048891,137,17,17,9,0,0
1637865820261,182,Medium-Large,200,OK,true,512313,139,17,17,7,0,0
1637865820281,162,Medium,200,OK,true,307513,139,17,17,8,0,0
1637865820363,91,Small,200,OK,true,51511,138,17,17,7,0,0
1637865820215,261,Large,200,OK,true,1048891,137,17,17,10,0,0
1637865820443,34,Small-Medium,200,OK,true,102713,139,17,17,9,0,0
1637865820314,164,Medium-Large,200,OK,true,512313,139,17,17,9,0,0
1637865820172,326,Large,200,OK,true,1048891,137,17,17,7,0,0
1637865820370,136,Medium-Large,200,OK,true,512313,139,17,17,20,0,0
1637865820428,90,Medium,200,OK,true,307513,139,17,17,11,0,0
1637865820433,88,Medium,200,OK,true,307512,139,17,17,11,0,0
1637865820498,25,Small,200,OK,true,51511,138,17,17,8,0,0
1637865820308,217,Medium-Large,200,OK,true,512313,139,17,17,24,0,0
1637865820506,26,Small-Medium,200,OK,true,102713,139,17,17,9,0,0
1637865820439,97,Medium,200,OK,true,307513,139,17,17,10,0,0
1637865820511,27,Small,200,OK,true,51511,138,17,17,10,0,0
1637865820521,19,Small,200,OK,true,51510,138,17,17,10,0,0
1637865820226,322,Medium,200,OK,true,307513,139,17,17,9,0,0
1637865820536,24,Small-Medium,200,OK,true,102713,139,17,17,8,0,0
1637865820476,111,Medium-Large,200,OK,true,512313,139,17,17,9,0,0
1637865820576,14,Small,200,OK,true,51511,138,17,17,7,0,0
1637865820587,18,Small,200,OK,true,51511,138,17,17,10,0,0
1637865820339,278,Large,200,OK,true,1048891,137,17,17,13,0,0
1637865819307,1318,Large,200,OK,true,1048891,137,17,17,9,0,0
1637865820525,103,Medium,200,OK,true,307513,139,17,17,9,0,0
1637865820604,26,Small,200,OK,true,51511,138,17,17,11,0,0
1637865820392,250,Large,200,OK,true,1048891,137,17,17,12,0,0
1637865820628,17,Small,200,OK,true,51511,138,17,17,8,0,0
1637865820443,231,Medium-Large,200,OK,true,512313,139,17,17,10,0,0
1637865820570,139,Medium-Large,200,OK,true,512313,139,17,17,7,0,0
1637865820674,36,Small,200,OK,true,51511,138,17,17,9,0,0
1637865820642,80,Medium,200,OK,true,307513,139,17,17,9,0,0
1637865820474,249,Large,200,OK,true,1048891,137,17,17,9,0,0
1637865820478,245,Large,200,OK,true,1048891,137,17,17,10,0,0
1637865820518,238,Large,200,OK,true,1048891,137,17,17,8,0,0
1637865820742,36,Small,200,OK,true,51511,138,17,17,9,0,0
1637865820756,38,Small-Medium,200,OK,true,102713,139,17,17,11,0,0
1637865820655,142,Medium-Large,200,OK,true,512313,139,17,17,10,0,0
1637865820590,241,Large,200,OK,true,1048890,137,17,17,10,0,0
1637865820723,122,Medium-Large,200,OK,true,512313,139,17,17,9,0,0
1637865820831,27,Small,200,OK,true,51510,138,17,17,9,0,0
1637865820709,151,Medium-Large,200,OK,true,512313,139,17,17,10,0,0
1637865820724,140,Medium-Large,200,OK,true,512313,139,17,17,10,0,0
1637865820797,81,Medium,200,OK,true,307513,139,17,17,8,0,0
1637865820722,163,Medium-Large,200,OK,true,512313,139,17,17,9,0,0
1637865820878,16,Small,200,OK,true,51511,138,17,17,10,0,0
1637865820643,253,Large,200,OK,true,1048891,137,17,17,6,0,0
1637865820824,79,Medium,200,OK,true,307513,139,17,17,10,0,0
1637865820581,323,Large,200,OK,true,1048891,137,17,17,9,0,0
1637865820885,22,Small,200,OK,true,51511,138,17,17,12,0,0
1637865820617,291,Large,200,OK,true,1048891,137,17,17,8,0,0
1637865820864,80,Medium,200,OK,true,307513,139,17,17,13,0,0
1637865820860,107,Medium,200,OK,true,307513,139,17,17,7,0,0
1637865820945,34,Small-Medium,200,OK,true,102713,139,17,17,9,0,0
1637865820671,314,Large,200,OK,true,1048891,137,17,17,9,0,0
1637865820898,88,Medium,200,OK,true,307512,139,17,17,9,0,0
1637865820946,70,Medium,200,OK,true,307513,139,17,17,8,0,0
1637865820897,120,Medium-Large,200,OK,true,512313,139,17,17,7,0,0
1637865821017,12,Small,200,OK,true,51511,138,17,17,6,0,0
1637865820954,83,Medium,200,OK,true,307513,139,17,17,9,0,0
1637865820909,131,Medium-Large,200,OK,true,512313,139,17,17,9,0,0
1637865821017,25,Small-Medium,200,OK,true,102713,139,17,17,9,0,0
1637865821037,16,Small,200,OK,true,51511,138,17,17,9,0,0
1637865820810,245,Medium-Large,200,OK,true,512313,139,17,17,10,0,0
1637865820904,152,Medium-Large,200,OK,true,512313,139,17,17,10,0,0
1637865820696,369,Large,200,OK,true,1048891,137,17,17,9,0,0
1637865820986,88,Medium,200,OK,true,307513,139,17,17,8,0,0
1637865821074,14,Small,200,OK,true,51511,138,17,17,7,0,0
1637865821055,37,Small-Medium,200,OK,true,102713,139,17,17,8,0,0
1637865820845,251,Large,200,OK,true,1048891,137,17,17,17,0,0
1637865821066,30,Small-Medium,200,OK,true,102713,139,17,17,8,0,0
1637865820967,131,Medium-Large,200,OK,true,512313,139,17,17,9,0,0
1637865821085,15,Small,200,OK,true,51511,138,17,17,8,0,0
1637865820369,749,Large,200,OK,true,1048891,137,17,17,20,0,0
1637865821096,22,Small-Medium,200,OK,true,102713,139,17,17,7,0,0
1637865820986,134,Medium-Large,200,OK,true,512312,139,17,17,9,0,0
1637865821056,68,Medium,200,OK,true,307513,139,17,17,8,0,0
1637865821086,44,Medium,200,OK,true,307513,139,17,17,8,0,0
1637865820903,251,Large,200,OK,true,1048891,137,17,17,9,0,0
1637865821098,70,Medium,200,OK,true,307513,139,17,17,8,0,0
1637865821154,19,Small,200,OK,true,51511,138,17,17,9,0,0
1637865821133,42,Small-Medium,200,OK,true,102713,139,17,17,7,0,0
1637865821142,34,Small-Medium,200,OK,true,102713,139,17,17,8,0,0
1637865821154,35,Small-Medium,200,OK,true,102713,139,17,17,10,0,0
1637865821164,26,Small,200,OK,true,51511,138,17,17,11,0,0
1637865821124,77,Medium,200,OK,true,307513,139,17,17,6,0,0
1637865821120,114,Medium-Large,200,OK,true,512312,139,17,17,7,0,0
1637865821209,27,Small,200,OK,true,51511,138,17,17,8,0,0
1637865820548,691,Large,200,OK,true,1048891,137,17,17,9,0,0
1637865821153,88,Medium-Large,200,OK,true,512313,139,17,17,8,0,0
1637865821123,124,Medium,200,OK,true,307513,139,17,17,6,0,0
1637865821168,85,Medium,200,OK,true,307513,139,17,17,9,0,0
1637865821017,238,Large,200,OK,true,1048891,137,17,17,8,0,0
1637865821040,231,Large,200,OK,true,1048891,137,17,17,9,0,0
1637865821222,82,Medium,200,OK,true,307513,139,17,17,10,0,0
1637865821221,97,Medium,200,OK,true,307513,139,17,17,10,0,0
1637865821202,116,Medium,200,OK,true,307513,139,17,17,9,0,0
1637865821241,82,Medium,200,OK,true,307513,139,17,17,8,0,0
1637865821279,56,Small-Medium,200,OK,true,102713,139,17,17,10,0,0
1637865821304,36,Small,200,OK,true,51511,138,17,17,25,0,0
1637865821323,19,Small,200,OK,true,51511,138,17,17,9,0,0
1637865821105,255,Large,200,OK,true,1048891,137,17,17,8,0,0
1637865821346,17,Small,200,OK,true,51511,138,17,17,8,0,0
1637865821271,92,Medium,200,OK,true,307513,139,17,17,10,0,0
1637865821318,46,Small-Medium,200,OK,true,102713,139,17,17,11,0,0
1637865821201,174,Medium-Large,200,OK,true,512313,139,17,17,5,0,0
1637865821360,15,Small,200,OK,true,51511,138,17,17,10,0,0
1637865821363,28,Small-Medium,200,OK,true,102713,139,17,17,8,0,0
1637865821255,137,Medium-Large,200,OK,true,512313,139,17,17,9,0,0
1637865821254,141,Medium-Large,200,OK,true,512313,139,17,17,8,0,0
1637865821318,77,Medium,200,OK,true,307513,139,17,17,8,0,0
1637865821375,22,Small-Medium,200,OK,true,102713,139,17,17,8,0,0
1637865821391,14,Small,200,OK,true,51511,138,17,17,7,0,0
1637865821373,43,Medium,200,OK,true,307513,139,17,17,6,0,0
1637865821428,25,Small-Medium,200,OK,true,102713,139,17,17,8,0,0
1637865821247,206,Medium-Large,200,OK,true,512313,139,17,17,9,0,0
1637865821395,67,Medium,200,OK,true,307513,139,17,17,7,0,0
1637865821441,34,Small-Medium,200,OK,true,102713,139,17,17,8,0,0
1637865821233,255,Large,200,OK,true,1048891,137,17,17,9,0,0
1637865821234,255,Large,200,OK,true,1048890,137,17,17,9,0,0
1637865821395,94,Medium,200,OK,true,307513,139,17,17,7,0,0
1637865821454,45,Small-Medium,200,OK,true,102713,139,17,17,8,0,0
1637865821489,26,Small,200,OK,true,51510,138,17,17,10,0,0
1637865821489,35,Small-Medium,200,OK,true,102713,139,17,17,9,0,0
1637865821446,85,Medium,200,OK,true,307513,139,17,17,9,0,0
1637865821392,141,Medium-Large,200,OK,true,512313,139,17,17,7,0,0
1637865821522,31,Small,200,OK,true,51511,138,17,17,10,0,0
1637865821430,129,Medium-Large,200,OK,true,512313,139,17,17,8,0,0
1637865821508,70,Medium,200,OK,true,307513,139,17,17,10,0,0
1637865821533,54,Small-Medium,200,OK,true,102713,139,17,17,25,0,0
1637865821464,125,Medium-Large,200,OK,true,512313,139,17,17,9,0,0
1637865821240,362,Medium-Large,200,OK,true,512313,139,17,17,7,0,0
1637865821601,38,Small-Medium,200,OK,true,102713,139,17,17,11,0,0
1637865821496,161,Medium-Large,200,OK,true,512313,139,17,17,9,0,0
1637865821559,102,Medium,200,OK,true,307513,139,17,17,10,0,0
1637865821531,143,Medium-Large,200,OK,true,512313,139,17,17,8,0,0
1637865821459,228,Large,200,OK,true,1048891,137,17,17,11,0,0
1637865821556,137,Medium-Large,200,OK,true,512277,139,17,17,9,0,0
1637865821674,27,Small,200,OK,true,51511,138,17,17,9,0,0
1637865821589,135,Medium-Large,200,OK,true,512313,139,17,17,9,0,0
1637865821386,343,Large,200,OK,true,1048891,137,17,17,7,0,0
1637865821589,144,Medium,200,OK,true,307513,139,17,17,11,0,0
1637865821414,319,Large,200,OK,true,1048891,137,17,17,7,0,0
1637865821661,88,Medium,200,OK,true,307512,139,17,17,11,0,0
1637865821733,19,Small,200,OK,true,51511,138,17,17,10,0,0
1637865821488,266,Large,200,OK,true,1048891,137,17,17,8,0,0
1637865821749,16,Small,200,OK,true,51510,138,17,17,8,0,0
1637865821118,671,Large,200,OK,true,1048891,137,17,17,8,0,0
1637865821733,57,Small-Medium,200,OK,true,102713,139,17,17,9,0,0
1637865821688,121,Medium-Large,200,OK,true,512313,139,17,17,9,0,0
1637865821808,20,Small,200,OK,true,51511,138,17,17,10,0,0
1637865821578,259,Large,200,OK,true,1048891,137,17,17,8,0,0
1637865821789,55,Small,200,OK,true,51511,138,17,17,20,0,0
1637865821741,111,Medium,200,OK,true,307513,139,17,17,10,0,0
1637865821754,101,Medium,200,OK,true,307513,139,17,17,9,0,0
1637865821724,133,Medium-Large,200,OK,true,512313,139,17,17,8,0,0
1637865821693,166,Small-Medium,200,OK,true,102714,139,17,17,18,0,9
1637865821868,19,Small,200,OK,true,51511,138,17,17,10,0,0
1637865821837,61,Medium,200,OK,true,307513,139,17,17,8,0,0
1637865821557,344,Large,200,OK,true,1048891,137,17,17,10,0,0
1637865821857,46,Small,200,OK,true,51511,138,17,17,12,0,0
1637865821730,176,Medium-Large,200,OK,true,512313,139,17,17,7,0,0
1637865821658,254,Large,200,OK,true,1048891,137,17,17,9,0,0
1637865821668,254,Large,200,OK,true,1048891,137,17,17,10,0,0
1637865820626,1303,Large,200,OK,true,1048891,137,17,17,7,0,0
1637865820454,1476,Large,200,OK,true,1048891,137,17,17,10,0,0
1637865821857,74,Medium,200,OK,true,307513,139,17,17,9,0,0
1637865821855,83,Medium,200,OK,true,307513,139,17,17,9,0,0
1637865821859,82,Small,200,OK,true,51511,138,17,17,10,0,0
1637865821906,40,Small-Medium,200,OK,true,102713,139,17,17,8,0,0
1637865821937,18,Small,200,OK,true,51511,138,17,17,9,0,0
1637865821852,109,Medium,200,OK,true,307513,139,17,17,8,0,0
1637865821906,99,Medium-Large,200,OK,true,512313,139,17,17,12,0,0
1637865821932,79,Medium,200,OK,true,307513,139,17,17,8,0,0
1637865822005,20,Small,200,OK,true,51511,138,17,17,10,0,0
1637865822011,19,Small,200,OK,true,51511,138,17,17,9,0,0
1637865822005,34,Small-Medium,200,OK,true,102713,139,17,17,9,0,0
1637865821901,144,Medium-Large,200,OK,true,512313,139,17,17,8,0,0
1637865821922,126,Medium-Large,200,OK,true,512313,139,17,17,8,0,0
1637865821809,243,Large,200,OK,true,1048891,137,17,17,11,0,0
1637865821961,99,Medium,200,OK,true,307513,139,17,17,14,0,0
1637865821975,87,Medium,200,OK,true,307513,139,17,17,9,0,0
1637865822052,14,Small,200,OK,true,51511,138,17,17,7,0,0
1637865821602,466,Medium-Large,200,OK,true,512313,139,17,17,13,0,0
1637865821817,252,Large,200,OK,true,1048890,137,17,17,9,0,0
1637865822046,24,Small-Medium,200,OK,true,102713,139,17,17,6,0,0
1637865821930,144,Small-Medium,200,OK,true,102713,139,17,17,7,0,0
1637865822069,19,Small,200,OK,true,51510,138,17,17,9,0,0
1637865822074,25,Small-Medium,200,OK,true,102713,139,17,17,10,0,0
1637865822048,62,Medium,200,OK,true,307513,139,17,17,7,0,0
1637865821925,195,Medium,200,OK,true,307513,139,17,17,7,0,0
1637865821942,186,Medium,200,OK,true,307513,139,17,17,9,0,0
1637865822060,78,Medium,200,OK,true,307513,139,17,17,7,0,0
1637865822114,31,Small-Medium,200,OK,true,102713,139,17,17,8,0,0
1637865822121,29,Small-Medium,200,OK,true,102713,139,17,17,13,0,0
1637865821913,239,Large,200,OK,true,1048891,137,17,17,9,0,0
1637865822080,72,Medium,200,OK,true,307513,139,17,17,9,0,0
1637865822138,16,Small,200,OK,true,51511,138,17,17,8,0,0
1637865822072,82,Medium,200,OK,true,307513,139,17,17,10,0,0
1637865822143,15,Small,200,OK,true,51511,138,17,17,8,0,0
1637865822137,28,Small-Medium,200,OK,true,102712,139,17,17,13,0,0
1637865821939,232,Large,200,OK,true,1048891,137,17,17,10,0,0
1637865822075,119,Small-Medium,200,OK,true,102713,139,17,17,10,0,0
1637865821808,387,Large,200,OK,true,1048891,137,17,17,8,0,0
1637865822182,20,Small,200,OK,true,51511,138,17,17,7,0,0
1637865822189,21,Small-Medium,200,OK,true,102713,139,17,17,6,0,0
1637865822152,69,Medium,200,OK,true,307513,139,17,17,7,0,0
1637865822116,118,Medium-Large,200,OK,true,512313,139,17,17,8,0,0
1637865822171,75,Medium,200,OK,true,307513,139,17,17,8,0,0
1637865822152,115,Medium-Large,200,OK,true,512313,139,17,17,8,0,0
1637865822246,22,Small,200,OK,true,51511,138,17,17,18,0,0
1637865822194,76,Small,200,OK,true,51511,138,17,17,8,0,0
1637865822120,155,Medium,200,OK,true,307513,139,17,17,10,0,0
1637865822207,85,Medium,200,OK,true,307513,139,17,17,7,0,0
1637865822154,142,Medium-Large,200,OK,true,512313,139,17,17,9,0,0
1637865822250,50,Small-Medium,200,OK,true,102713,139,17,17,24,0,0
1637865822221,87,Medium,200,OK,true,307513,139,17,17,11,0,0
1637865822292,17,Small,200,OK,true,51511,138,17,17,8,0,0
1637865822264,59,Medium,200,OK,true,307513,139,17,17,7,0,0
1637865822062,264,Large,200,OK,true,1048891,137,17,17,7,0,0
1637865822296,33,Small-Medium,200,OK,true,102713,139,17,17,9,0,0
1637865822267,69,Medium,200,OK,true,307513,139,17,17,10,0,0
1637865822325,24,Small-Medium,200,OK,true,102713,139,17,17,8,0,0
1637865822326,37,Small-Medium,200,OK,true,102713,139,17,17,9,0,0
1637865822234,129,Medium-Large,200,OK,true,512313,139,17,17,7,0,0
1637865822364,35,Small-Medium,200,OK,true,102713,139,17,17,9,0,0
1637865822394,17,Small,200,OK,true,51511,138,17,17,9,0,0
1637865822069,365,Medium-Large,200,OK,true,512313,139,17,17,7,0,0
1637865822315,119,Medium-Large,200,OK,true,512313,139,17,17,8,0,0
1637865822210,229,Large,200,OK,true,1048891,137,17,17,8,0,0
1637865822317,139,Medium-Large,200,OK,true,512313,139,17,17,9,0,0
1637865822362,94,Medium,200,OK,true,307513,139,17,17,8,0,0
1637865822275,185,Medium,200,OK,true,307513,139,17,17,9,0,0
1637865822204,262,Large,200,OK,true,1048890,137,17,17,8,0,0
1637865822128,351,Large,200,OK,true,1048891,137,17,17,8,0,0
1637865822456,34,Small-Medium,200,OK,true,102713,139,17,17,7,0,0
1637865822456,34,Small-Medium,200,OK,true,102713,139,17,17,8,0,0
1637865822394,119,Medium,200,OK,true,307513,139,17,17,11,0,0
1637865822439,76,Medium,200,OK,true,307513,139,17,17,10,0,0
1637865822434,83,Medium,200,OK,true,307513,139,17,17,10,0,0
1637865822479,40,Small-Medium,200,OK,true,102713,139,17,17,9,0,0
1637865822517,28,Small-Medium,200,OK,true,102713,139,17,17,8,0,0
1637865822523,28,Small,200,OK,true,51511,138,17,17,10,0,0
1637865822308,247,Large,200,OK,true,1048891,137,17,17,9,0,0
1637865822432,124,Medium-Large,200,OK,true,512313,139,17,17,7,0,0
1637865822336,232,Large,200,OK,true,1048891,137,17,17,8,0,0
1637865822547,24,Small,200,OK,true,51511,138,17,17,7,0,0
1637865822555,17,Small,200,OK,true,51511,138,17,17,8,0,0
1637865822584,24,Small,200,OK,true,51511,138,17,17,9,0,0
1637865822516,103,Medium-Large,200,OK,true,512313,139,17,17,7,0,0
1637865822556,74,Medium,200,OK,true,307513,139,17,17,12,0,0
1637865822619,17,Small,200,OK,true,51511,138,17,17,8,0,0
1637865822461,181,Medium,200,OK,true,307513,139,17,17,9,0,0
1637865822195,450,Large,200,OK,true,1048891,137,17,17,9,0,0
1637865822615,33,Small-Medium,200,OK,true,102713,139,17,17,8,0,0
1637865822513,145,Medium-Large,200,OK,true,512313,139,17,17,6,0,0
1637865822363,303,Large,200,OK,true,1048891,137,17,17,11,0,0
1637865822524,144,Medium-Large,200,OK,true,512313,139,17,17,9,0,0
1637865822645,25,Small,200,OK,true,51511,138,17,17,9,0,0
1637865822591,81,Medium,200,OK,true,307513,139,17,17,9,0,0
1637865822461,214,Large,200,OK,true,1048891,137,17,17,13,0,0
1637865822666,15,Small,200,OK,true,51511,138,17,17,8,0,0
1637865822569,116,Medium-Large,200,OK,true,512313,139,17,17,6,0,0
1637865822653,32,Small-Medium,200,OK,true,102713,139,17,17,7,0,0
1637865822675,16,Small-Medium,200,OK,true,102713,139,17,17,7,0,0
1637865822673,21,Small-Medium,200,OK,true,102713,139,17,17,5,0,0
1637865822685,14,Small,200,OK,true,51511,138,17,17,8,0,0
1637865822466,239,Large,200,OK,true,1048890,137,17,17,10,0,0
1637865822720,14,Small,200,OK,true,51511,138,17,17,9,0,0
1637865822721,19,Small,200,OK,true,51511,138,17,17,8,0,0
1637865822705,35,Small-Medium,200,OK,true,102712,139,17,17,17,0,0
1637865822631,114,Medium-Large,200,OK,true,512313,139,17,17,8,0,0
1637865822658,94,Medium,200,OK,true,307513,139,17,17,10,0,0
1637865822735,21,Small-Medium,200,OK,true,102713,139,17,17,6,0,0
1637865822743,16,Small-Medium,200,OK,true,102713,139,17,17,6,0,0
1637865822688,74,Medium-Large,200,OK,true,512313,139,17,17,7,0,0
1637865822434,363,Medium-Large,200,OK,true,512313,139,17,17,8,0,0
1637865822642,180,Medium,200,OK,true,307513,139,17,17,9,0,0
1637865822812,28,Small-Medium,200,OK,true,102713,139,17,17,9,0,0
1637865822623,234,Large,200,OK,true,1048891,137,17,17,9,0,0
1637865822797,81,Small-Medium,200,OK,true,102713,139,17,17,9,0,0
1637865822753,126,Medium-Large,200,OK,true,512313,139,17,17,9,0,0
1637865822762,117,Medium-Large,200,OK,true,512313,139,17,17,7,0,0
1637865822741,147,Medium-Large,200,OK,true,512313,139,17,17,7,0,0
1637865822857,33,Small-Medium,200,OK,true,102713,139,17,17,10,0,0
1637865822879,21,Small,200,OK,true,51511,138,17,17,11,0,0
1637865822888,20,Small,200,OK,true,51511,138,17,17,11,0,0
1637865822879,34,Small-Medium,200,OK,true,102713,139,17,17,7,0,0
1637865822878,40,Small,200,OK,true,51511,138,17,17,7,0,0
1637865822752,168,Medium-Large,200,OK,true,512313,139,17,17,8,0,0
1637865822668,257,Large,200,OK,true,1048891,137,17,17,8,0,0
1637865822925,24,Small-Medium,200,OK,true,102713,139,17,17,8,0,0
1637865822920,30,Small-Medium,200,OK,true,102713,139,17,17,9,0,0
1637865822948,18,Small,200,OK,true,51511,138,17,17,9,0,0
1637865822270,696,Medium-Large,200,OK,true,512313,139,17,17,11,0,0
1637865822947,23,Small,200,OK,true,51511,138,17,17,8,0,0
1637865822745,253,Large,200,OK,true,1048891,137,17,17,8,0,0
1637865822773,236,Large,200,OK,true,1048890,137,17,17,9,0,0
1637865822998,17,Small,200,OK,true,51511,138,17,17,9,0,0
1637865822988,33,Small-Medium,200,OK,true,102713,139,17,17,8,0,0
1637865822683,340,Large,200,OK,true,1048891,137,17,17,8,0,0
1637865823017,15,Small,200,OK,true,51511,138,17,17,8,0,0
1637865822789,255,Large,200,OK,true,1048891,137,17,17,8,0,0
1637865822879,171,Large,200,OK,true,1048891,137,17,17,9,0,0
1637865822803,261,Large,200,OK,true,1048891,137,17,17,8,0,0
1637865822993,75,Medium,200,OK,true,307513,139,17,17,8,0,0
1637865823050,23,Small-Medium,200,OK,true,102713,139,17,17,8,0,0
1637865822956,122,Medium-Large,200,OK,true,512313,139,17,17,9,0,0
1637865823057,25,Small,200,OK,true,51511,138,17,17,10,0,0
1637865823067,15,Small,200,OK,true,51511,138,17,17,8,0,0
1637865823017,66,Medium,200,OK,true,307513,139,17,17,7,0,0
1637865823009,75,Medium,200,OK,true,307477,139,17,17,8,0,0
1637865823079,20,Small-Medium,200,OK,true,102713,139,17,17,6,0,0
1637865822822,280,Medium-Large,200,OK,true,512313,139,17,17,10,0,0
1637865823083,21,Small-Medium,200,OK,true,102713,139,17,17,6,0,0
1637865823024,86,Medium,200,OK,true,307513,139,17,17,7,0,0
1637865823084,32,Small,200,OK,true,51512,138,17,17,14,0,6
1637865823084,38,Medium,200,OK,true,307513,139,17,17,7,0,0
1637865823110,20,Small,200,OK,true,51511,138,17,17,7,0,0
1637865823102,32,Small-Medium,200,OK,true,102713,139,17,17,7,0,0
1637865823125,27,Small-Medium,200,OK,true,102713,139,17,17,7,0,0
1637865822781,375,Large,200,OK,true,1048891,137,17,17,8,0,0
1637865823064,103,Medium-Large,200,OK,true,512313,139,17,17,7,0,0
1637865823147,42,Small-Medium,200,OK,true,102713,139,17,17,9,0,0
1637865823068,121,Medium-Large,200,OK,true,512313,139,17,17,9,0,0
1637865822925,287,Large,200,OK,true,1048891,137,17,17,9,0,0
1637865823192,27,Small,200,OK,true,51511,138,17,17,10,0,0
1637865823152,80,Medium,200,OK,true,307513,139,17,17,8,0,0
1637865823212,40,Small-Medium,200,OK,true,102713,139,17,17,9,0,0
1637865823151,111,Medium-Large,200,OK,true,512313,139,17,17,11,0,0
1637865823189,80,Medium,200,OK,true,307513,139,17,17,11,0,0
1637865823044,229,Large,200,OK,true,1048891,137,17,17,6,0,0
1637865823262,19,Small,200,OK,true,51511,138,17,17,8,0,0
1637865823262,27,Small-Medium,200,OK,true,102713,139,17,17,10,0,0
1637865823269,25,Small,200,OK,true,51511,138,17,17,9,0,0
1637865823156,139,Medium,200,OK,true,307513,139,17,17,11,0,0
1637865823215,90,Medium,200,OK,true,307513,139,17,17,9,0,0
1637865823279,31,Small-Medium,200,OK,true,102713,139,17,17,8,0,0
1637865823118,202,Large,200,OK,true,1048891,137,17,17,8,0,0
1637865821929,1393,Large,200,OK,true,1048891,137,17,17,8,0,0
1637865822946,393,Medium-Large,200,OK,true,512313,139,17,17,8,0,0
1637865823296,54,Small-Medium,200,OK,true,102713,139,17,17,8,0,0
1637865823274,77,Medium,200,OK,true,307513,139,17,17,8,0,0
1637865823232,120,Medium-Large,200,OK,true,512313,139,17,17,10,0,0
1637865823329,30,Small-Medium,200,OK,true,102713,139,17,17,11,0,0
1637865823320,55,Medium,200,OK,true,307512,139,17,17,6,0,0
1637865823352,24,Small-Medium,200,OK,true,102713,139,17,17,8,0,0
1637865823351,29,Small,200,OK,true,51511,138,17,17,13,0,0
1637865823135,252,Large,200,OK,true,1048891,137,17,17,7,0,0
1637865823170,218,Medium,200,OK,true,307513,139,17,17,20,0,0
1637865823351,38,Small-Medium,200,OK,true,102713,139,17,17,10,0,0
1637865823363,37,Small-Medium,200,OK,true,102713,139,17,17,10,0,0
1637865823152,256,Large,200,OK,true,1048891,137,17,17,11,0,0
1637865823387,21,Small-Medium,200,OK,true,102713,139,17,17,7,0,0
1637865823167,275,Large,200,OK,true,1048891,137,17,17,7,0,0
1637865823420,26,Small-Medium,200,OK,true,102713,139,17,17,10,0,0
1637865823322,125,Small-Medium,200,OK,true,102713,139,17,17,9,0,0
1637865823338,114,Medium-Large,200,OK,true,512313,139,17,17,13,0,0
1637865823416,42,Small-Medium,200,OK,true,102713,139,17,17,9,0,0
1637865823442,17,Small,200,OK,true,51511,138,17,17,9,0,0
1637865823388,101,Medium-Large,200,OK,true,512312,139,17,17,7,0,0
1637865823329,161,Medium-Large,200,OK,true,512313,139,17,17,9,0,0
1637865823483,26,Small,200,OK,true,51511,138,17,17,7,0,0
1637865823447,71,Small,200,OK,true,51511,138,17,17,8,0,0
1637865823452,74,Medium,200,OK,true,307513,139,17,17,8,0,0
1637865823408,119,Medium-Large,200,OK,true,512313,139,17,17,7,0,0
1637865823339,197,Medium,200,OK,true,307513,139,17,17,12,0,0
1637865823455,81,Medium,200,OK,true,307513,139,17,17,8,0,0
1637865823526,19,Small,200,OK,true,51511,138,17,17,7,0,0
1637865823431,120,Medium,200,OK,true,307513,139,17,17,9,0,0
1637865823189,370,Large,200,OK,true,1048891,137,17,17,10,0,0
1637865823419,144,Medium-Large,200,OK,true,512313,139,17,17,9,0,0
1637865823487,78,Medium,200,OK,true,307513,139,17,17,8,0,0
1637865823536,53,Small-Medium,200,OK,true,102713,139,17,17,7,0,0
1637865823490,103,Medium,200,OK,true,307513,139,17,17,11,0,0
1637865823306,289,Large,200,OK,true,1048891,137,17,17,12,0,0
1637865823489,128,Medium-Large,200,OK,true,512312,139,17,17,10,0,0
1637865823527,103,Medium,200,OK,true,307513,139,17,17,7,0,0
1637865823397,234,Large,200,OK,true,1048891,137,17,17,8,0,0
1637865823595,40,Small-Medium,200,OK,true,102713,139,17,17,7,0,0
1637865823389,273,Medium-Large,200,OK,true,512313,139,17,17,9,0,0
1637865823564,99,Medium,200,OK,true,307513,139,17,17,6,0,0
1637865823630,34,Small-Medium,200,OK,true,102713,139,17,17,10,0,0
1637865823663,23,Small,200,OK,true,51511,138,17,17,6,0,0
1637865823536,151,Medium-Large,200,OK,true,512313,139,17,17,7,0,0
1637865823594,109,Medium,200,OK,true,307513,139,17,17,6,0,0
1637865823565,141,Medium-Large,200,OK,true,512313,139,17,17,6,0,0
1637865823553,161,Medium-Large,200,OK,true,512313,139,17,17,6,0,0
1637865823706,14,Small,200,OK,true,51511,138,17,17,7,0,0
1637865823688,33,Small-Medium,200,OK,true,102713,139,17,17,7,0,0
1637865823595,140,Medium-Large,200,OK,true,512313,139,17,17,6,0,0
1637865823663,79,Medium,200,OK,true,307513,139,17,17,8,0,0
1637865823703,39,Small-Medium,200,OK,true,102713,139,17,17,8,0,0
1637865823735,73,Medium,200,OK,true,307513,139,17,17,7,0,0
1637865823808,24,Small,200,OK,true,51511,138,17,17,9,0,0
1637865823697,138,Medium-Large,200,OK,true,512313,139,17,17,7,0,0
1637865823512,327,Large,200,OK,true,1048891,137,17,17,6,0,0
1637865823605,237,Medium,200,OK,true,307513,139,17,17,6,0,0
1637865823835,26,Small-Medium,200,OK,true,102713,139,17,17,8,0,0
1637865823617,252,Large,200,OK,true,1048890,137,17,17,20,0,0
1637865823771,107,Medium,200,OK,true,307513,139,17,17,14,0,0
1637865823839,40,Small-Medium,200,OK,true,102713,139,17,17,8,0,0
1637865823869,15,Small,200,OK,true,51510,138,17,17,8,0,0
1637865823631,256,Large,200,OK,true,1048891,137,17,17,10,0,0
1637865823775,115,Medium-Large,200,OK,true,512313,139,17,17,10,0,0
1637865823731,161,Medium-Large,200,OK,true,512313,139,17,17,8,0,0
1637865823877,28,Small-Medium,200,OK,true,102713,139,17,17,8,0,0
1637865823890,15,Small,200,OK,true,51511,138,17,17,8,0,0
1637865823879,27,Small-Medium,200,OK,true,102713,139,17,17,7,0,0
1637865823907,15,Small,200,OK,true,51510,138,17,17,8,0,0
1637865823559,378,Large,200,OK,true,1048891,137,17,17,6,0,0
1637865823552,400,Large,200,OK,true,1048891,137,17,17,8,0,0
1637865823887,75,Medium-Large,200,OK,true,512313,139,17,17,6,0,0
1637865823963,16,Small,200,OK,true,51511,138,17,17,8,0,0
1637865823742,264,Large,200,OK,true,1048891,137,17,17,8,0,0
1637865823975,41,Small-Medium,200,OK,true,102712,139,17,17,9,0,0
1637865823943,79,Medium,200,OK,true,307513,139,17,17,9,0,0
1637865823901,122,Medium-Large,200,OK,true,512313,139,17,17,9,0,0
1637865823519,504,Medium-Large,200,OK,true,512313,139,17,17,6,0,0
1637865823714,310,Large,200,OK,true,1048891,137,17,17,8,0,0
1637865823892,136,Medium-Large,200,OK,true,512313,139,17,17,7,0,0
1637865823756,286,Large,200,OK,true,1048891,137,17,17,8,0,0
1637865823945,98,Medium,200,OK,true,307513,139,17,17,9,0,0
1637865824028,20,Small,200,OK,true,51511,138,17,17,8,0,0
1637865824006,76,Medium,200,OK,true,307513,139,17,17,8,0,0
1637865824043,50,Small-Medium,200,OK,true,102713,139,17,17,10,0,0
1637865824031,72,Medium,200,OK,true,307513,139,17,17,9,0,0
1637865824023,84,Medium,200,OK,true,307513,139,17,17,8,0,0
1637865824082,33,Small-Medium,200,OK,true,102713,139,17,17,10,0,0
1637865824022,129,Medium-Large,200,OK,true,512313,139,17,17,8,0,0
1637865824111,44,Small-Medium,200,OK,true,102713,139,17,17,7,0,0
1637865823937,220,Large,200,OK,true,1048890,137,17,17,8,0,0
1637865824157,16,Small,200,OK,true,51510,138,17,17,8,0,0
1637865824149,25,Small,200,OK,true,51511,138,17,17,9,0,0
1637865824042,135,Medium-Large,200,OK,true,512313,139,17,17,10,0,0
1637865823952,228,Medium-Large,200,OK,true,512313,139,17,17,8,0,0
1637865823958,226,Large,200,OK,true,1048891,137,17,17,8,0,0
1637865824024,164,Medium-Large,200,OK,true,512313,139,17,17,10,0,0
1637865824177,26,Small-Medium,200,OK,true,102713,139,17,17,8,0,0
1637865824103,121,Medium-Large,200,OK,true,512313,139,17,17,8,0,0
1637865822966,1258,Large,200,OK,true,1048891,137,17,17,7,0,0
1637865824096,132,Medium-Large,200,OK,true,512313,139,17,17,7,0,0
1637865824224,11,Small,200,OK,true,51511,138,16,16,4,0,0
1637865824224,12,Small,200,OK,true,51511,138,16,16,6,0,0
1637865824226,15,Small,200,OK,true,51510,138,16,16,6,0,0
1637865824188,74,Medium,200,OK,true,307513,139,16,16,9,0,0
1637865824263,22,Small-Medium,200,OK,true,102713,139,16,16,6,0,0
1637865824282,15,Small,200,OK,true,51511,138,16,16,7,0,0
1637865823663,645,Large,200,OK,true,1048891,137,16,16,6,0,0
1637865824184,126,Medium-Large,200,OK,true,512313,139,16,16,8,0,0
1637865824288,23,Small-Medium,200,OK,true,102713,139,16,16,7,0,0
1637865824178,145,Medium-Large,200,OK,true,512313,139,16,16,7,0,0
1637865824310,15,Small,200,OK,true,51511,138,16,16,7,0,0
1637865824180,156,Medium-Large,200,OK,true,512313,139,16,16,8,0,0
1637865824043,294,Large,200,OK,true,1048890,137,16,16,9,0,0
1637865823937,401,Large,200,OK,true,1048891,137,16,16,10,0,0
1637865824108,232,Large,200,OK,true,1048891,137,16,16,9,0,0
1637865824225,120,Small-Medium,200,OK,true,102713,139,16,16,6,0,0
1637865824351,17,Small,200,OK,true,51511,138,16,16,9,0,0
1637865824151,217,Large,200,OK,true,1048891,137,16,16,8,0,0
1637865824346,31,Small-Medium,200,OK,true,102713,139,16,16,9,0,0
1637865824374,33,Small-Medium,200,OK,true,102713,139,16,16,9,0,0
1637865824410,26,Small-Medium,200,OK,true,102713,139,16,16,8,0,0
1637865824417,26,Small-Medium,200,OK,true,102713,139,16,16,8,0,0
1637865824437,16,Small,200,OK,true,51511,138,16,16,8,0,0
1637865824328,133,Medium-Large,200,OK,true,512313,139,16,16,6,0,0
1637865824290,173,Large,200,OK,true,1048890,137,16,16,8,0,0
1637865824337,136,Medium-Large,200,OK,true,512312,139,16,16,7,0,0
1637865824368,107,Medium-Large,200,OK,true,512313,139,16,16,7,0,0
1637865824461,15,Small,200,OK,true,51511,138,16,16,7,0,0
1637865824246,230,Large,200,OK,true,1048890,137,16,16,7,0,0
1637865824479,30,Small-Medium,200,OK,true,102713,139,16,16,7,0,0
1637865824503,16,Small,200,OK,true,51511,138,16,16,7,0,0
1637865824023,532,Medium-Large,200,OK,true,512313,139,17,17,11,0,0
1637865824476,88,Medium,200,OK,true,307513,139,17,17,6,0,0
1637865824340,236,Large,200,OK,true,1048891,137,17,17,8,0,0
1637865824308,271,Medium-Large,200,OK,true,512313,139,17,17,6,0,0
1637865824476,126,Medium-Large,200,OK,true,512312,139,17,17,7,0,0
1637865824566,70,Medium,200,OK,true,307513,139,17,17,10,0,0
1637865824323,320,Large,200,OK,true,1048891,137,17,17,8,0,0
1637865824576,73,Medium,200,OK,true,307513,139,17,17,10,0,0
1637865823842,834,Large,200,OK,true,1048891,137,17,17,9,0,0
1637865824643,34,Small,200,OK,true,51511,138,17,17,9,0,0
1637865824463,215,Large,200,OK,true,1048855,137,17,17,7,0,0
1637865824544,134,Medium-Large,200,OK,true,512313,139,17,17,9,0,0
1637865824602,78,Medium,200,OK,true,307512,139,17,17,11,0,0
1637865824649,31,Small-Medium,200,OK,true,102713,139,17,17,7,0,0
1637865824564,132,Medium-Large,200,OK,true,512313,139,17,17,8,0,0
1637865824555,176,Medium-Large,200,OK,true,512314,139,17,17,17,0,8
1637865824339,393,Large,200,OK,true,1048891,137,17,17,8,0,0
1637865824680,82,Medium,200,OK,true,307512,139,17,17,11,0,0
1637865824345,420,Medium,200,OK,true,307513,139,17,17,8,0,0
1637865824579,193,Medium,200,OK,true,307513,139,17,17,10,0,0
1637865824473,306,Large,200,OK,true,1048890,137,17,17,8,0,0
1637865824473,312,Large,200,OK,true,1048890,137,17,17,7,0,0
1637865824336,450,Large,200,OK,true,1048891,137,17,17,7,0,0
1637865824732,62,Small-Medium,200,OK,true,102713,139,17,17,12,0,0
1637865824717,81,Medium,200,OK,true,307513,139,17,17,9,0,0
1637865824779,35,Small-Medium,200,OK,true,102712,139,17,17,8,0,0
1637865824678,146,Medium-Large,200,OK,true,512314,139,17,17,15,0,6
1637865824710,120,Medium,200,OK,true,307513,139,17,17,8,0,0
1637865824772,60,Small-Medium,200,OK,true,102713,139,17,17,10,0,0
1637865824798,36,Small-Medium,200,OK,true,102713,139,17,17,10,0,0
1637865824786,54,Small-Medium,200,OK,true,102713,139,17,17,9,0,0
1637865824525,318,Large,200,OK,true,1048891,137,17,17,7,0,0
1637865824824,24,Small-Medium,200,OK,true,102713,139,17,17,8,0,0
1637865824801,59,Small-Medium,200,OK,true,102713,139,17,17,11,0,0
1637865824831,31,Small-Medium,200,OK,true,102713,139,17,17,8,0,0
1637865824731,142,Medium-Large,200,OK,true,512313,139,17,17,9,0,0
1637865824785,91,Medium,200,OK,true,307512,139,17,17,9,0,0
1637865824636,251,Large,200,OK,true,1048891,137,17,17,12,0,0
1637865824867,23,Small,200,OK,true,51511,138,17,17,8,0,0
1637865824876,15,Small,200,OK,true,51510,138,17,17,8,0,0
1637865824840,55,Small-Medium,200,OK,true,102713,139,17,17,10,0,0
1637865824678,218,Large,200,OK,true,1048891,137,17,17,6,0,0
1637865824892,17,Small,200,OK,true,51511,138,17,17,8,0,0
1637865824765,153,Small-Medium,200,OK,true,102713,139,17,17,10,0,0
1637865824555,367,Medium,200,OK,true,307513,139,17,17,8,0,0
1637865824899,25,Small,200,OK,true,51511,138,17,17,9,0,0
1637865824896,49,Medium,200,OK,true,307513,139,17,17,9,0,0
1637865824677,268,Medium,200,OK,true,307513,139,17,17,7,0,0
1637865824696,252,Large,200,OK,true,1048891,137,17,17,10,0,0
1637865824934,16,Small,200,OK,true,51511,138,17,17,10,0,0
1637865824948,21,Small,200,OK,true,51511,138,17,17,7,0,0
1637865824944,26,Small,200,OK,true,51510,138,17,17,6,0,0
1637865824888,82,Medium,200,OK,true,307513,139,17,17,8,0,0
1637865824854,127,Medium,200,OK,true,307513,139,17,17,8,0,0
1637865824969,19,Small,200,OK,true,51511,138,17,17,10,0,0
1637865824843,146,Medium-Large,200,OK,true,512313,139,17,17,9,0,0
1637865824762,235,Large,200,OK,true,1048890,137,17,17,10,0,0
1637865824970,31,Small-Medium,200,OK,true,102713,139,17,17,10,0,0
1637865824990,12,Small,200,OK,true,51511,138,17,17,6,0,0
1637865824869,144,Medium-Large,200,OK,true,512313,139,17,17,8,0,0
1637865824969,47,Medium,200,OK,true,307513,139,17,17,9,0,0
1637865824922,103,Small-Medium,200,OK,true,102713,139,17,17,8,0,0
1637865825012,16,Small,200,OK,true,51510,138,17,17,8,0,0
1637865825002,76,Medium,200,OK,true,307513,139,17,17,8,0,0
1637865824846,254,Large,200,OK,true,1048890,137,17,17,8,0,0
1637865824873,232,Large,200,OK,true,1048891,137,17,17,8,0,0
1637865825028,79,Medium,200,OK,true,307513,139,17,17,9,0,0
1637865825038,70,Medium,200,OK,true,307513,139,17,17,9,0,0
1637865824981,129,Medium,200,OK,true,307513,139,17,17,9,0,0
1637865825016,131,Medium-Large,200,OK,true,512313,139,17,17,8,0,0
1637865825014,139,Medium,200,OK,true,307513,139,17,17,12,0,0
1637865825036,121,Medium,200,OK,true,307513,139,17,17,10,0,0
1637865825078,87,Medium,200,OK,true,307513,139,17,17,9,0,0
1637865825026,141,Small-Medium,200,OK,true,102713,139,17,17,9,0,0
1637865825109,74,Medium,200,OK,true,307513,139,17,17,7,0,0
1637865825110,78,Small-Medium,200,OK,true,102713,139,17,17,10,0,0
1637865825100,88,Medium,200,OK,true,307512,139,17,17,8,0,0
1637865825107,82,Medium,200,OK,true,307513,139,17,17,11,0,0
1637865825105,84,Medium,200,OK,true,307513,139,17,17,7,0,0
1637865824969,234,Large,200,OK,true,1048891,137,17,17,6,0,0
1637865825057,157,Medium-Large,200,OK,true,512313,139,17,17,10,0,0
1637865825189,26,Small-Medium,200,OK,true,102713,139,17,17,8,0,0
1637865825203,28,Small-Medium,200,OK,true,102713,139,17,17,9,0,0
1637865824997,283,Large,200,OK,true,1048890,137,17,17,7,0,0
1637865825165,122,Medium-Large,200,OK,true,512313,139,17,17,9,0,0
1637865825270,27,Small-Medium,200,OK,true,102713,139,17,17,9,0,0
1637865825188,118,Medium-Large,200,OK,true,512312,139,17,17,11,0,0
1637865825280,26,Small,200,OK,true,51510,138,17,17,9,0,0
1637865825183,125,Medium-Large,200,OK,true,512313,139,17,17,7,0,0
1637865825157,153,Medium-Large,200,OK,true,512313,139,17,17,10,0,0
1637865825306,15,Small,200,OK,true,51510,138,17,17,6,0,0
1637865825189,136,Medium-Large,200,OK,true,512313,139,17,17,9,0,0
1637865825309,16,Small,200,OK,true,51511,138,17,17,7,0,0
1637865825310,38,Small-Medium,200,OK,true,102713,139,17,17,9,0,0
1637865825338,25,Small-Medium,200,OK,true,102713,139,17,17,9,0,0
1637865825347,16,Small,200,OK,true,51510,138,17,17,9,0,0
1637865825147,243,Large,200,OK,true,1048891,137,17,17,4,0,0
1637865825288,104,Medium-Large,200,OK,true,512313,139,17,17,9,0,0
1637865825081,312,Large,200,OK,true,1048855,137,17,17,8,0,0
1637865825392,31,Small-Medium,200,OK,true,102713,139,17,17,8,0,0
1637865825374,86,Medium,200,OK,true,307512,139,17,17,8,0,0
1637865825460,36,Small-Medium,200,OK,true,102713,139,17,17,9,0,0
1637865825416,92,Medium,200,OK,true,307512,139,17,17,11,0,0
1637865824908,601,Large,200,OK,true,1048891,137,17,17,9,0,0
1637865825377,136,Medium-Large,200,OK,true,512313,139,17,17,9,0,0
1637865825214,300,Large,200,OK,true,1048891,137,17,17,10,0,0
1637865825256,266,Large,200,OK,true,1048891,137,17,17,8,0,0
1637865825167,355,Medium,200,OK,true,307513,139,17,17,9,0,0
1637865825513,17,Small,200,OK,true,51511,138,17,17,8,0,0
1637865825153,382,Large,200,OK,true,1048891,137,17,17,9,0,0
1637865825378,173,Medium-Large,200,OK,true,512313,139,17,17,10,0,0
1637865825325,231,Large,200,OK,true,1048891,137,17,17,6,0,0
1637865825509,66,Small-Medium,200,OK,true,102713,139,17,17,7,0,0
1637865825535,40,Small-Medium,200,OK,true,102713,139,17,17,8,0,0
1637865825551,24,Small,200,OK,true,51511,138,17,17,8,0,0
1637865825461,118,Medium-Large,200,OK,true,512312,139,17,17,9,0,0
1637865825579,16,Small,200,OK,true,51510,138,17,17,7,0,0
1637865825523,82,Small,200,OK,true,51511,138,17,17,11,0,0
1637865825522,83,Medium,200,OK,true,307513,139,17,17,10,0,0
1637865825556,71,Medium,200,OK,true,307513,139,17,17,8,0,0
1637865824945,686,Large,200,OK,true,1048891,137,17,17,8,0,0
1637865825408,224,Large,200,OK,true,1048891,137,17,17,7,0,0
1637865825188,451,Large,200,OK,true,1048891,137,17,17,8,0,0
1637865825627,17,Small,200,OK,true,51511,138,17,17,8,0,0
1637865825390,254,Large,200,OK,true,1048891,137,17,17,8,0,0
1637865825648,18,Small,200,OK,true,51475,138,17,17,8,0,0
1637865825605,80,Small,200,OK,true,51511,138,17,17,11,0,0
1637865825632,69,Medium,200,OK,true,307513,139,17,17,9,0,0
1637865825581,123,Medium-Large,200,OK,true,512313,139,17,17,9,0,0
1637865825695,17,Small,200,OK,true,51511,138,17,17,8,0,0
1637865825620,95,Medium,200,OK,true,307513,139,17,17,8,0,0
1637865825704,16,Small,200,OK,true,51511,138,17,17,8,0,0
1637865825701,24,Small-Medium,200,OK,true,102713,139,17,17,10,0,0
1637865825604,144,Medium,200,OK,true,307513,139,17,17,10,0,0
1637865825577,176,Medium,200,OK,true,307513,139,17,17,9,0,0
1637865825508,245,Large,200,OK,true,1048855,137,17,17,10,0,0
1637865825393,361,Medium-Large,200,OK,true,512314,139,17,17,15,0,7
1637865825529,225,Large,200,OK,true,1048891,137,17,17,8,0,0
1637865825748,21,Small,200,OK,true,51511,138,17,17,8,0,0
1637865825763,16,Small,200,OK,true,51511,138,17,17,8,0,0
1637865825514,268,Large,200,OK,true,1048891,137,17,17,9,0,0
1637865825755,27,Small-Medium,200,OK,true,102713,139,17,17,10,0,0
1637865825772,16,Small,200,OK,true,51511,138,17,17,9,0,0
1637865825715,86,Medium,200,OK,true,307513,139,17,17,7,0,0
1637865825632,178,Medium,200,OK,true,307513,139,17,17,7,0,0
1637865825801,16,Small,200,OK,true,51511,138,17,17,8,0,0
1637865825605,238,Large,200,OK,true,1048891,137,17,17,7,0,0
1637865825831,16,Small,200,OK,true,51511,138,17,17,8,0,0
1637865825816,42,Small-Medium,200,OK,true,102713,139,17,17,9,0,0
1637865825782,80,Medium,200,OK,true,307513,139,17,17,8,0,0
1637865825645,224,Large,200,OK,true,1048891,137,17,17,7,0,0
1637865825754,126,Medium-Large,200,OK,true,512314,139,17,17,14,0,6
1637865825870,33,Small-Medium,200,OK,true,102713,139,17,17,8,0,0
1637865825869,40,Small-Medium,200,OK,true,102713,139,17,17,9,0,0
1637865825843,86,Medium,200,OK,true,307513,139,17,17,8,0,0
1637865825884,55,Small-Medium,200,OK,true,102713,139,17,17,19,0,0
1637865825715,237,Large,200,OK,true,1048892,137,17,17,15,0,7
1637865825769,191,Large,200,OK,true,1048891,137,17,17,8,0,0
1637865825880,87,Medium,200,OK,true,307513,139,17,17,9,0,0
1637865825754,213,Medium-Large,200,OK,true,512313,139,17,17,6,0,0
1637865825953,18,Small,200,OK,true,51511,138,17,17,9,0,0
1637865825937,36,Small,200,OK,true,51511,138,17,17,9,0,0
1637865825840,136,Medium-Large,200,OK,true,512313,139,17,17,8,0,0
1637865825952,28,Small,200,OK,true,51511,138,17,17,9,0,0
1637865825939,43,Small-Medium,200,OK,true,102713,139,17,17,9,0,0
1637865825929,71,Medium,200,OK,true,307513,139,17,17,7,0,0
1637865825640,377,Large,200,OK,true,1048891,137,17,17,8,0,0
1637865825862,157,Medium-Large,200,OK,true,512313,139,17,17,8,0,0
1637865826006,23,Small,200,OK,true,51511,138,17,17,10,0,0
1637865826019,16,Small,200,OK,true,51511,138,17,17,7,0,0
1637865825960,94,Medium-Large,200,OK,true,512313,139,17,17,9,0,0
1637865825967,105,Medium-Large,200,OK,true,512313,139,17,17,9,0,0
1637865826054,29,Small-Medium,200,OK,true,102713,139,17,17,15,0,0
1637865825823,262,Large,200,OK,true,1048891,137,17,17,7,0,0
1637865826021,69,Medium,200,OK,true,307513,139,17,17,8,0,0
1637865825976,134,Medium-Large,200,OK,true,512313,139,17,17,7,0,0
1637865826004,108,Medium,200,OK,true,307513,139,17,17,10,0,0
1637865825967,152,Medium,200,OK,true,307513,139,17,17,11,0,0
1637865826073,55,Medium,200,OK,true,307513,139,17,17,7,0,0
1637865826000,130,Medium-Large,200,OK,true,512313,139,17,17,8,0,0
1637865826020,131,Medium,200,OK,true,307513,139,17,17,7,0,0
1637865826074,79,Medium,200,OK,true,307513,139,17,17,8,0,0
1637865826090,67,Medium,200,OK,true,307513,139,17,17,9,0,0
1637865825903,263,Large,200,OK,true,1048891,137,17,17,9,0,0
1637865826153,18,Small,200,OK,true,51511,138,17,17,9,0,0
1637865826122,68,Medium,200,OK,true,307513,139,17,17,9,0,0
1637865826151,45,Small-Medium,200,OK,true,102713,139,17,17,10,0,0
1637865826110,87,Medium,200,OK,true,307513,139,17,17,8,0,0
1637865826192,17,Small,200,OK,true,51511,138,17,17,8,0,0
1637865826113,102,Medium,200,OK,true,307513,139,17,17,8,0,0
1637865826159,76,Medium,200,OK,true,307513,139,17,17,10,0,0
1637865826221,17,Small,200,OK,true,51511,138,17,17,8,0,0
1637865826219,23,Small,200,OK,true,51511,138,17,17,7,0,0
1637865826130,117,Medium-Large,200,OK,true,512313,139,17,17,9,0,0
1637865826166,81,Medium,200,OK,true,307513,139,17,17,10,0,0
1637865826235,15,Small,200,OK,true,51511,138,17,17,8,0,0
1637865826247,14,Small,200,OK,true,51511,138,17,17,7,0,0
1637865825685,578,Medium-Large,200,OK,true,512313,139,17,17,8,0,0
1637865826197,67,Medium,200,OK,true,307513,139,17,17,8,0,0
1637865826264,15,Small,200,OK,true,51511,138,17,17,7,0,0
1637865826259,21,Small-Medium,200,OK,true,102713,139,17,17,7,0,0
1637865825754,535,Large,200,OK,true,1048891,137,17,17,8,0,0
1637865824918,1371,Large,200,OK,true,1048891,137,17,17,8,0,0
1637865826215,76,Medium,200,OK,true,307513,139,17,17,8,0,0
1637865826085,229,Large,200,OK,true,1048891,137,17,17,8,0,0
1637865826289,25,Small-Medium,200,OK,true,102713,139,17,17,9,0,0
1637865826087,253,Large,200,OK,true,1048890,137,17,17,9,0,0
1637865826263,93,Small-Medium,200,OK,true,102713,139,17,17,8,0,0
1637865826248,115,Medium-Large,200,OK,true,512313,139,17,17,7,0,0
1637865826303,82,Medium,200,OK,true,307513,139,17,17,8,0,0
1637865826141,247,Large,200,OK,true,1048891,137,17,17,11,0,0
1637865826358,31,Small,200,OK,true,51511,138,17,17,9,0,0
1637865826314,75,Medium,200,OK,true,307513,139,17,17,7,0,0
1637865826315,86,Medium,200,OK,true,307513,139,17,17,8,0,0
1637865826327,79,Medium,200,OK,true,307513,139,17,17,9,0,0
1637865826018,419,Large,200,OK,true,1048891,137,17,17,7,0,0
1637865826425,28,Small,200,OK,true,51511,138,17,17,10,0,0
1637865826389,85,Medium,200,OK,true,307513,139,17,17,7,0,0
1637865826406,73,Medium,200,OK,true,307513,139,17,17,9,0,0
1637865826287,192,Medium-Large,200,OK,true,512313,139,17,17,6,0,0
1637865826401,86,Medium,200,OK,true,307513,139,17,17,8,0,0
1637865826479,15,Small,200,OK,true,51511,138,17,17,7,0,0
1637865826437,58,Small-Medium,200,OK,true,102713,139,17,17,9,0,0
1637865826363,136,Medium-Large,200,OK,true,512313,139,17,17,22,0,0
1637865826388,127,Medium-Large,200,OK,true,512313,139,17,17,7,0,0
1637865826515,26,Small-Medium,200,OK,true,102713,139,17,17,8,0,0
1637865825810,746,Large,200,OK,true,1048891,137,17,17,9,0,0
1637865826333,234,Large,200,OK,true,1048891,137,17,17,8,0,0
1637865826556,16,Small,200,OK,true,51511,138,17,17,7,0,0
1637865826120,459,Large,200,OK,true,1048891,137,17,17,9,0,0
1637865826292,296,Large,200,OK,true,1048891,137,17,17,7,0,0
1637865826475,115,Medium-Large,200,OK,true,512313,139,17,17,7,0,0
1637865826487,132,Medium-Large,200,OK,true,512313,139,17,17,8,0,0
1637865826591,34,Small-Medium,200,OK,true,102713,139,17,17,9,0,0
1637865826385,246,Large,200,OK,true,1048891,137,17,17,7,0,0
1637865826589,42,Small-Medium,200,OK,true,102713,139,17,17,8,0,0
1637865826615,17,Small,200,OK,true,51511,138,17,17,9,0,0
1637865826619,23,Small-Medium,200,OK,true,102713,139,17,17,9,0,0
1637865826341,306,Large,200,OK,true,1048890,137,17,17,8,0,0
1637865826631,20,Small-Medium,200,OK,true,102713,139,17,17,7,0,0
1637865826582,70,Medium,200,OK,true,307513,139,17,17,9,0,0
1637865826653,21,Small-Medium,200,OK,true,102713,139,17,17,7,0,0
1637865826567,111,Medium-Large,200,OK,true,512313,139,17,17,8,0,0
1637865826658,20,Small,200,OK,true,51510,138,17,17,7,0,0
1637865826505,185,Medium-Large,200,OK,true,512313,139,17,17,8,0,0
1637865826579,116,Medium,200,OK,true,307513,139,17,17,8,0,0
1637865826688,22,Small,200,OK,true,51511,138,17,17,7,0,0
1637865826695,23,Small,200,OK,true,51511,138,17,17,9,0,0
1637865826700,23,Small,200,OK,true,51511,138,17,17,8,0,0
1637865826690,36,Small-Medium,200,OK,true,102713,139,17,17,9,0,0
1637865826492,237,Large,200,OK,true,1048891,137,17,17,9,0,0
1637865826728,16,Small,200,OK,true,51510,138,17,17,7,0,0
1637865826499,246,Large,200,OK,true,1048891,137,17,17,8,0,0
1637865826721,27,Small-Medium,200,OK,true,102713,139,17,17,5,0,0
1637865826678,72,Medium,200,OK,true,307513,139,17,17,7,0,0
1637865826683,76,Medium-Large,200,OK,true,512313,139,17,17,6,0,0
1637865826479,294,Large,200,OK,true,1048891,137,17,17,8,0,0
1637865826758,23,Small,200,OK,true,51511,138,17,17,7,0,0
1637865826769,16,Small,200,OK,true,51511,138,17,17,9,0,0
1637865826764,31,Small,200,OK,true,51511,138,17,17,8,0,0
1637865826760,46,Medium,200,OK,true,307512,139,17,17,7,0,0
1637865826729,110,Medium-Large,200,OK,true,512313,139,17,17,10,0,0
1637865826828,25,Small-Medium,200,OK,true,102712,139,17,17,7,0,0
1637865826839,29,Small,200,OK,true,51511,138,17,17,10,0,0
1637865826788,80,Medium,200,OK,true,307513,139,17,17,8,0,0
1637865826557,326,Medium-Large,200,OK,true,512313,139,17,17,7,0,0
1637865826289,594,Large,200,OK,true,1048891,137,17,17,8,0,0
1637865826647,282,Large,200,OK,true,1048890,137,17,17,7,0,0
1637865826795,141,Medium-Large,200,OK,true,512312,139,17,17,8,0,0
1637865826883,60,Small-Medium,200,OK,true,102713,139,17,17,9,0,0
1637865826929,17,Small,200,OK,true,51510,138,17,17,8,0,0
1637865826884,64,Small-Medium,200,OK,true,102713,139,17,17,10,0,0
1637865826289,659,Medium-Large,200,OK,true,512313,139,17,17,7,0,0
1637865826656,293,Large,200,OK,true,1048891,137,17,17,7,0,0
1637865826836,121,Medium-Large,200,OK,true,512313,139,17,17,9,0,0
1637865826957,16,Small,200,OK,true,51511,138,17,17,7,0,0
1637865826745,254,Large,200,OK,true,1048891,137,17,17,6,0,0
1637865826907,94,Medium,200,OK,true,307513,139,17,17,8,0,0
1637865826750,264,Large,200,OK,true,1048891,137,17,17,6,0,0
1637865826755,273,Large,200,OK,true,1048891,137,17,17,7,0,0
1637865826826,205,Medium-Large,200,OK,true,512313,139,17,17,7,0,0
1637865826997,35,Small-Medium,200,OK,true,102712,139,17,17,8,0,0
1637865827001,41,Small-Medium,200,OK,true,102713,139,17,17,7,0,0
1637865826999,43,Small-Medium,200,OK,true,102713,139,17,17,8,0,0
1637865827025,17,Small,200,OK,true,51511,138,17,17,7,0,0
1637865826949,96,Medium,200,OK,true,307513,139,17,17,7,0,0
1637865827028,29,Small-Medium,200,OK,true,102713,139,17,17,14,0,0
1637865827046,27,Small-Medium,200,OK,true,102713,139,17,17,6,0,0
1637865827031,43,Small-Medium,200,OK,true,102713,139,17,17,11,0,0
1637865827014,72,Medium,200,OK,true,307513,139,17,17,8,0,0
1637865827064,22,Small,200,OK,true,51510,138,17,17,8,0,0
1637865826951,144,Medium,200,OK,true,307513,139,17,17,8,0,0
1637865826897,199,Large,200,OK,true,1048890,137,17,17,7,0,0
1637865826774,341,Large,200,OK,true,1048891,137,17,17,8,0,0
1637865827095,24,Small,200,OK,true,51511,138,17,17,7,0,0
1637865827093,30,Small-Medium,200,OK,true,102713,139,17,17,10,0,0
1637865826868,261,Large,200,OK,true,1048891,137,17,17,7,0,0
1637865827068,77,Medium,200,OK,true,307513,139,17,17,8,0,0
1637865827133,17,Small,200,OK,true,51510,138,17,17,8,0,0
1637865827145,16,Small,200,OK,true,51511,138,17,17,8,0,0
1637865827096,77,Medium,200,OK,true,307513,139,17,17,10,0,0
1637865826936,244,Large,200,OK,true,1048890,137,17,17,7,0,0
1637865827086,113,Medium-Large,200,OK,true,512313,139,17,17,8,0,0
1637865827180,26,Small-Medium,200,OK,true,102712,139,17,17,8,0,0
1637865827200,15,Small,200,OK,true,51511,138,17,17,8,0,0
1637865827163,54,Small-Medium,200,OK,true,102713,139,17,17,7,0,0
1637865826951,273,Medium-Large,200,OK,true,512313,139,17,17,7,0,0
1637865826830,416,Large,200,OK,true,1048891,137,17,17,8,0,0
1637865827247,33,Small-Medium,200,OK,true,102712,139,17,17,8,0,0
1637865827268,18,Small,200,OK,true,51511,138,17,17,8,0,0
1637865827160,131,Medium-Large,200,OK,true,512313,139,17,17,9,0,0
1637865827247,49,Small-Medium,200,OK,true,102713,139,17,17,10,0,0
1637865827100,196,Medium-Large,200,OK,true,512313,139,17,17,8,0,0
1637865827096,203,Large,200,OK,true,1048890,137,17,17,9,0,0
1637865827066,234,Large,200,OK,true,1048891,137,17,17,8,0,0
1637865827291,16,Small,200,OK,true,51511,138,17,17,8,0,0
1637865827299,16,Small,200,OK,true,51510,138,17,17,8,0,0
1637865827300,16,Small,200,OK,true,51511,138,17,17,9,0,0
1637865827213,126,Medium-Large,200,OK,true,512313,139,17,17,7,0,0
1637865827201,144,Medium-Large,200,OK,true,512312,139,17,17,8,0,0
1637865827343,18,Small,200,OK,true,51510,138,17,17,8,0,0
1637865827129,237,Large,200,OK,true,1048891,137,17,17,8,0,0
1637865827365,15,Small,200,OK,true,51510,138,17,17,8,0,0
1637865827364,17,Small,200,OK,true,51511,138,17,17,8,0,0
1637865827366,18,Small,200,OK,true,51511,138,17,17,10,0,0
1637865827315,72,Medium,200,OK,true,307512,139,17,17,7,0,0
1637865827231,165,Medium,200,OK,true,307513,139,17,17,8,0,0
1637865827297,100,Medium,200,OK,true,307513,139,17,17,8,0,0
1637865827385,14,Small,200,OK,true,51510,138,17,17,7,0,0
1637865827173,230,Large,200,OK,true,1048891,137,17,17,8,0,0
1637865827337,66,Medium,200,OK,true,307513,139,17,17,7,0,0
1637865827113,293,Large,200,OK,true,1048891,137,17,17,9,0,0
1637865827224,191,Medium,200,OK,true,307513,139,17,17,8,0,0
1637865827357,58,Medium,200,OK,true,307513,139,17,17,9,0,0
1637865827405,20,Small,200,OK,true,51511,138,17,17,7,0,0
1637865827425,12,Small,200,OK,true,51511,138,17,17,6,0,0
1637865826356,1087,Large,200,OK,true,1048891,137,17,17,9,0,0
1637865827337,107,Medium-Large,200,OK,true,512313,139,17,17,8,0,0
1637865827433,14,Small,200,OK,true,51510,138,17,17,8,0,0
1637865827433,16,Small,200,OK,true,51511,138,17,17,9,0,0
1637865827434,16,Small,200,OK,true,51511,138,17,17,9,0,0
1637865827115,344,Large,200,OK,true,1048891,137,17,17,8,0,0
1637865827457,14,Small,200,OK,true,51511,138,17,17,7,0,0
1637865827315,159,Medium-Large,200,OK,true,512313,139,17,17,8,0,0
1637865827453,19,Small-Medium,200,OK,true,102712,139,17,17,6,0,0
1637865827472,24,Small,200,OK,true,51511,138,17,17,5,0,0
1637865827394,104,Medium,200,OK,true,307513,139,17,17,7,0,0
1637865827395,117,Medium-Large,200,OK,true,512313,139,17,17,7,0,0
1637865827411,104,Medium-Large,200,OK,true,512277,139,17,17,7,0,0
1637865827445,97,Medium-Large,200,OK,true,512313,139,17,17,6,0,0
1637865827521,25,Small,200,OK,true,51475,138,17,17,8,0,0
1637865827501,59,Medium,200,OK,true,307512,139,17,17,8,0,0
1637865827496,67,Medium,200,OK,true,307513,139,17,17,4,0,0
1637865827473,93,Medium,200,OK,true,307513,139,17,17,5,0,0
1637865827566,24,Small,200,OK,true,51511,138,17,17,8,0,0
1637865827564,28,Small-Medium,200,OK,true,102713,139,17,17,7,0,0
1637865827569,25,Small-Medium,200,OK,true,102712,139,17,17,9,0,0
1637865827401,207,Large,200,OK,true,1048891,137,17,17,5,0,0
1637865827502,112,Medium-Large,200,OK,true,512313,139,17,17,9,0,0
1637865827403,217,Large,200,OK,true,1048891,137,17,17,7,0,0
1637865827526,95,Medium,200,OK,true,307513,139,17,17,9,0,0
1637865827615,23,Small-Medium,200,OK,true,102713,139,17,17,6,0,0
1637865827542,112,Medium-Large,200,OK,true,512313,139,17,17,8,0,0
1637865827635,34,Small-Medium,200,OK,true,102713,139,17,17,8,0,0
1637865827498,174,Medium,200,OK,true,307513,139,17,17,8,0,0
1637865827540,133,Medium,200,OK,true,307513,139,17,17,9,0,0
1637865827620,73,Medium,200,OK,true,307513,139,17,17,8,0,0
1637865827637,62,Medium,200,OK,true,307477,139,17,17,9,0,0
1637865827413,287,Medium-Large,200,OK,true,512313,139,17,17,7,0,0
1637865827673,38,Small-Medium,200,OK,true,102713,139,17,17,7,0,0
1637865827632,81,Medium,200,OK,true,307513,139,17,17,8,0,0
1637865827702,25,Small,200,OK,true,51511,138,17,17,8,0,0
1637865827608,121,Medium-Large,200,OK,true,512313,139,17,17,7,0,0
1637865827654,82,Medium,200,OK,true,307513,139,17,17,9,0,0
1637865827713,30,Small-Medium,200,OK,true,102713,139,17,17,9,0,0
1637865827501,258,Large,200,OK,true,1048891,137,17,17,10,0,0
1637865827441,321,Medium,200,OK,true,307513,139,17,17,8,0,0
1637865827705,76,Small,200,OK,true,51512,138,17,17,15,0,7
1637865827683,125,Medium-Large,200,OK,true,512313,139,17,17,7,0,0
1637865827516,292,Large,200,OK,true,1048892,137,17,17,16,0,8
1637865827780,30,Small,200,OK,true,51511,138,17,17,8,0,0
1637865827736,81,Medium,200,OK,true,307513,139,17,17,8,0,0
1637865827621,196,Medium-Large,200,OK,true,512313,139,17,17,9,0,0
1637865827693,128,Medium-Large,200,OK,true,512313,139,17,17,8,0,0
1637865827808,18,Small,200,OK,true,51511,138,17,17,6,0,0
1637865827821,17,Small,200,OK,true,51511,138,17,17,9,0,0
1637865827759,84,Medium,200,OK,true,307513,139,17,17,8,0,0
1637865827590,254,Large,200,OK,true,1048892,137,17,17,13,0,6
1637865827817,27,Small,200,OK,true,51511,138,17,17,11,0,0
1637865827844,24,Small-Medium,200,OK,true,102713,139,17,17,8,0,0
1637865827762,109,Small-Medium,200,OK,true,102713,139,17,17,9,0,0
1637865827741,132,Medium,200,OK,true,307513,139,17,17,9,0,0
1637865827848,30,Small-Medium,200,OK,true,102713,139,17,17,8,0,0
1637865827808,88,Medium-Large,200,OK,true,512313,139,17,17,8,0,0
1637865827781,119,Medium,200,OK,true,307513,139,17,17,8,0,0
1637865827896,16,Small,200,OK,true,51511,138,17,17,8,0,0
1637865827900,18,Small,200,OK,true,51511,138,17,17,10,0,0
1637865827513,405,Large,200,OK,true,1048891,137,17,17,9,0,0
1637865827817,111,Medium-Large,200,OK,true,512313,139,17,17,7,0,0
1637865827919,23,Small,200,OK,true,51511,138,17,17,8,0,0
1637865827929,24,Small-Medium,200,OK,true,102713,139,17,17,8,0,0
1637865827843,118,Medium-Large,200,OK,true,512313,139,17,17,6,0,0
1637865827889,81,Medium,200,OK,true,307513,139,17,17,8,0,0
1637865827729,252,Large,200,OK,true,1048891,137,17,17,9,0,0
1637865827912,73,Medium,200,OK,true,307513,139,17,17,8,0,0
1637865827969,17,Small,200,OK,true,51511,138,17,17,9,0,0
1637865827876,120,Medium-Large,200,OK,true,512313,139,17,17,8,0,0
1637865827981,16,Small,200,OK,true,51511,138,17,17,8,0,0
1637865827985,24,Small-Medium,200,OK,true,102713,139,17,17,8,0,0
1637865827873,141,Medium,200,OK,true,307513,139,17,17,7,0,0
1637865827997,29,Small-Medium,200,OK,true,102713,139,17,17,8,0,0
1637865827700,341,Medium-Large,200,OK,true,512313,139,17,17,10,0,0
1637865827970,76,Medium,200,OK,true,307513,139,17,17,10,0,0
1637865827886,161,Medium-Large,200,OK,true,512313,139,17,17,8,0,0
1637865827770,280,Large,200,OK,true,1048891,137,17,17,8,0,0
1637865827968,82,Medium-Large,200,OK,true,512313,139,17,17,10,0,0
1637865827961,124,Medium-Large,200,OK,true,512313,139,17,17,12,0,0
1637865827986,106,Medium,200,OK,true,307513,139,17,17,9,0,0
1637865828046,78,Medium,200,OK,true,307513,139,17,17,8,0,0
1637865828092,33,Small,200,OK,true,51511,138,17,17,9,0,0
1637865828053,90,Medium,200,OK,true,307513,139,17,17,10,0,0
1637865828085,83,Medium,200,OK,true,307513,139,17,17,8,0,0
1637865827917,252,Large,200,OK,true,1048891,137,17,17,9,0,0
1637865828050,133,Medium-Large,200,OK,true,512313,139,17,17,11,0,0
1637865828050,141,Medium-Large,200,OK,true,512313,139,17,17,10,0,0
1637865828064,130,Medium-Large,200,OK,true,512313,139,17,17,10,0,0
1637865828169,29,Small-Medium,200,OK,true,102713,139,17,17,10,0,0
1637865828124,77,Medium,200,OK,true,307513,139,17,17,10,0,0
1637865828160,59,Small-Medium,200,OK,true,102713,139,17,17,9,0,0
1637865828050,172,Medium-Large,200,OK,true,512313,139,17,17,8,0,0
1637865828201,25,Small,200,OK,true,51511,138,17,17,9,0,0
1637865826948,1284,Large,200,OK,true,1048891,137,17,17,6,0,0
1637865828222,44,Small-Medium,200,OK,true,102713,139,17,17,9,0,0
1637865828143,131,Medium-Large,200,OK,true,512313,139,17,17,9,0,0
1637865828036,239,Large,200,OK,true,1048891,137,17,17,8,0,0
1637865827996,280,Large,200,OK,true,1048891,137,17,17,8,0,0
1637865828228,52,Small-Medium,200,OK,true,102713,139,17,17,8,0,0
1637865828290,27,Small,200,OK,true,51511,138,17,17,9,0,0
1637865828237,92,Medium,200,OK,true,307513,139,17,17,9,0,0
1637865827672,659,Large,200,OK,true,1048891,137,17,17,10,0,0
1637865828274,69,Medium,200,OK,true,307513,139,17,17,6,0,0
1637865828191,152,Medium-Large,200,OK,true,512313,139,17,17,10,0,0
1637865828194,150,Medium-Large,200,OK,true,512313,139,17,17,9,0,0
1637865828344,37,Small-Medium,200,OK,true,102713,139,17,17,9,0,0
1637865828230,158,Small-Medium,200,OK,true,102713,139,17,17,8,0,0
1637865828275,113,Medium-Large,200,OK,true,512313,139,17,17,7,0,0
1637865828041,353,Medium-Large,200,OK,true,512313,139,17,17,8,0,0
1637865828168,237,Large,200,OK,true,1048891,137,17,17,8,0,0
1637865828388,17,Small,200,OK,true,51511,138,17,17,9,0,0
1637865828276,140,Medium-Large,200,OK,true,512313,139,17,17,8,0,0
1637865828405,17,Small,200,OK,true,51511,138,17,17,9,0,0
1637865828412,17,Small,200,OK,true,51511,138,17,17,8,0,0
1637865828296,135,Medium,200,OK,true,307513,139,17,17,8,0,0
1637865828183,253,Large,200,OK,true,1048891,137,17,17,9,0,0
1637865828357,104,Medium,200,OK,true,307513,139,17,17,10,0,0
1637865828047,440,Large,200,OK,true,1048891,137,17,17,9,0,0
1637865828461,45,Small-Medium,200,OK,true,102713,139,17,17,8,0,0
1637865828014,495,Large,200,OK,true,1048891,137,17,17,9,0,0
1637865828480,34,Small-Medium,200,OK,true,102713,139,17,17,9,0,0
1637865828270,259,Large,200,OK,true,1048891,137,17,17,7,0,0
1637865828388,152,Small-Medium,200,OK,true,102713,139,17,17,8,0,0
1637865828431,122,Medium,200,OK,true,307513,139,17,17,7,0,0
1637865828456,106,Medium-Large,200,OK,true,512313,139,17,17,8,0,0
1637865828530,36,Small-Medium,200,OK,true,102713,139,17,17,9,0,0
1637865828329,248,Large,200,OK,true,1048891,137,17,17,8,0,0
1637865828343,238,Large,200,OK,true,1048891,137,17,17,8,0,0
1637865828547,35,Small-Medium,200,OK,true,102713,139,17,17,9,0,0
1637865828563,25,Small-Medium,200,OK,true,102713,139,17,17,8,0,0
1637865828473,119,Medium-Large,200,OK,true,512313,139,17,17,10,0,0
1637865828344,249,Large,200,OK,true,1048891,137,17,17,10,0,0
1637865828581,15,Small,200,OK,true,51511,138,17,17,8,0,0
1637865828394,203,Medium,200,OK,true,307513,139,17,17,9,0,0
1637865828540,72,Small,200,OK,true,51511,138,17,17,10,0,0
1637865828592,22,Small-Medium,200,OK,true,102713,139,17,17,7,0,0
1637865828529,88,Medium,200,OK,true,307513,139,17,17,9,0,0
1637865828487,144,Medium,200,OK,true,307513,139,17,17,10,0,0
1637865828331,300,Medium-Large,200,OK,true,512313,139,17,17,11,0,0
1637865828616,21,Small,200,OK,true,51511,138,17,17,7,0,0
1637865828553,105,Medium,200,OK,true,307513,139,17,17,10,0,0
1637865828649,14,Small,200,OK,true,51511,138,17,17,7,0,0
1637865828593,72,Medium,200,OK,true,307513,139,17,17,7,0,0
1637865828416,256,Large,200,OK,true,1048891,137,17,17,8,0,0
1637865828631,52,Small-Medium,200,OK,true,102713,139,17,17,7,0,0
1637865828436,247,Large,200,OK,true,1048891,137,17,17,7,0,0
1637865828672,17,Small,200,OK,true,51511,138,17,17,9,0,0
1637865828658,38,Small-Medium,200,OK,true,102713,139,17,17,7,0,0
1637865828631,66,Medium,200,OK,true,307513,139,17,17,8,0,0
1637865828617,82,Medium,200,OK,true,307513,139,17,17,8,0,0
1637865828683,25,Small-Medium,200,OK,true,102713,139,17,17,11,0,0
1637865828597,113,Medium-Large,200,OK,true,512313,139,17,17,8,0,0
1637865828665,75,Medium,200,OK,true,307512,139,17,17,7,0,0
1637865828740,17,Small,200,OK,true,51510,138,17,17,8,0,0
1637865828684,76,Medium,200,OK,true,307513,139,17,17,6,0,0
1637865828700,72,Medium,200,OK,true,307513,139,17,17,8,0,0
1637865828631,143,Medium-Large,200,OK,true,512313,139,17,17,6,0,0
1637865828699,81,Medium,200,OK,true,307513,139,17,17,8,0,0
1637865828741,39,Small-Medium,200,OK,true,102713,139,17,17,14,0,0
1637865828774,41,Small-Medium,200,OK,true,102713,139,17,17,10,0,0
1637865828577,242,Large,200,OK,true,1048891,137,17,17,8,0,0
1637865828752,75,Medium,200,OK,true,307513,139,17,17,9,0,0
1637865828710,121,Medium-Large,200,OK,true,512313,139,17,17,8,0,0
1637865828760,118,Medium-Large,200,OK,true,512313,139,17,17,7,0,0
1637865828597,298,Medium-Large,200,OK,true,512313,139,17,17,7,0,0
1637865828827,81,Medium,200,OK,true,307513,139,17,17,9,0,0
1637865828831,98,Medium,200,OK,true,307513,139,17,17,10,0,0
1637865828661,270,Large,200,OK,true,1048891,137,17,17,7,0,0
1637865828808,134,Medium-Large,200,OK,true,512312,139,17,17,8,0,0
1637865828809,137,Medium-Large,200,OK,true,512313,139,17,17,9,0,0
1637865828931,36,Small-Medium,200,OK,true,102713,139,17,17,9,0,0
1637865828509,460,Large,200,OK,true,1048891,137,17,17,10,0,0
1637865828780,192,Medium-Large,200,OK,true,512313,139,17,17,8,0,0
1637865828946,26,Small,200,OK,true,51511,138,17,17,10,0,0
1637865828908,78,Medium,200,OK,true,307513,139,17,17,8,0,0
1637865828717,271,Large,200,OK,true,1048891,137,17,17,8,0,0
1637865828699,292,Medium-Large,200,OK,true,512313,139,17,17,6,0,0
1637865828842,151,Medium,200,OK,true,307513,139,17,17,13,0,0
1637865828972,23,Small,200,OK,true,51511,138,17,17,7,0,0
1637865828987,21,Small-Medium,200,OK,true,102713,139,17,17,6,0,0
1637865828988,22,Small-Medium,200,OK,true,102713,139,17,17,6,0,0
1637865828878,134,Medium-Large,200,OK,true,512313,139,17,17,9,0,0
1637865828942,77,Medium,200,OK,true,307512,139,17,17,9,0,0
1637865829012,13,Small,200,OK,true,51511,138,17,17,6,0,0
1637865829013,15,Small,200,OK,true,51511,138,17,17,7,0,0
1637865828773,260,Large,200,OK,true,1048891,137,17,17,9,0,0
1637865828991,47,Small-Medium,200,OK,true,102713,139,17,17,7,0,0
1637865829040,15,Small,200,OK,true,51511,138,17,17,7,0,0
1637865828819,241,Large,200,OK,true,1048891,137,17,17,9,0,0
1637865829019,61,Medium,200,OK,true,307512,139,17,17,8,0,0
1637865828969,117,Medium,200,OK,true,307513,139,17,17,7,0,0
1637865829080,24,Small-Medium,200,OK,true,102713,139,17,17,6,0,0
1637865829088,18,Small,200,OK,true,51510,138,17,17,10,0,0
1637865829086,35,Small,200,OK,true,51511,138,17,17,9,0,0
1637865828993,144,Medium-Large,200,OK,true,512313,139,17,17,8,0,0
1637865829056,81,Medium,200,OK,true,307513,139,17,17,5,0,0
1637865829108,36,Small-Medium,200,OK,true,102712,139,17,17,8,0,0
1637865829082,64,Medium,200,OK,true,307513,139,17,17,8,0,0
1637865828725,422,Large,200,OK,true,1048891,137,17,17,8,0,0
1637865829138,13,Small,200,OK,true,51511,138,17,17,6,0,0
1637865829138,14,Small,200,OK,true,51511,138,17,17,8,0,0
1637865828929,224,Large,200,OK,true,1048891,137,17,17,9,0,0
1637865829054,117,Medium-Large,200,OK,true,512313,139,17,17,6,0,0
1637865829153,23,Small-Medium,200,OK,true,102713,139,17,17,7,0,0
1637865829175,24,Small,200,OK,true,51510,138,17,17,8,0,0
1637865829059,147,Medium,200,OK,true,307513,139,17,17,7,0,0
1637865829206,25,Small-Medium,200,OK,true,102713,139,17,17,9,0,0
1637865829206,25,Small,200,OK,true,51511,138,17,17,10,0,0
1637865828999,232,Large,200,OK,true,1048891,137,17,17,9,0,0
1637865829147,88,Medium,200,OK,true,307513,139,17,17,6,0,0
1637865829171,67,Medium,200,OK,true,307513,139,17,17,7,0,0
1637865829033,226,Large,200,OK,true,1048891,137,17,17,6,0,0
1637865829156,115,Medium-Large,200,OK,true,512312,139,17,17,8,0,0
1637865829240,31,Small-Medium,200,OK,true,102713,139,17,17,8,0,0
1637865827871,1401,Large,200,OK,true,1048891,137,17,17,7,0,0
1637865829235,40,Small-Medium,200,OK,true,102713,139,17,17,8,0,0
1637865829271,16,Small,200,OK,true,51510,138,17,17,5,0,0
1637865829274,19,Small,200,OK,true,51511,138,17,17,4,0,0
1637865829060,234,Large,200,OK,true,1048891,137,17,17,7,0,0
1637865829274,31,Small-Medium,200,OK,true,102713,139,17,17,4,0,0
1637865829154,182,Medium-Large,200,OK,true,512313,139,17,17,7,0,0
1637865829259,97,Medium,200,OK,true,307513,139,17,17,7,0,0
1637865829341,38,Small-Medium,200,OK,true,102713,139,17,17,4,0,0
1637865829340,41,Small-Medium,200,OK,true,102712,139,17,17,4,0,0
1637865829232,151,Medium-Large,200,OK,true,512313,139,17,17,7,0,0
1637865829294,102,Medium,200,OK,true,307513,139,17,17,4,0,0
1637865828895,503,Large,200,OK,true,1048891,137,17,17,9,0,0
1637865829206,194,Medium-Large,200,OK,true,512313,139,17,17,8,0,0
1637865829306,105,Medium,200,OK,true,307513,139,17,17,4,0,0
1637865829150,273,Large,200,OK,true,1048891,137,17,17,7,0,0
1637865829411,40,Small-Medium,200,OK,true,102713,139,17,17,4,0,0
1637865829148,305,Large,200,OK,true,1048891,137,17,17,6,0,0
1637865828612,851,Large,200,OK,true,1048891,137,17,17,8,0,0
1637865829303,177,Medium-Large,200,OK,true,512313,139,17,17,4,0,0
1637865829463,24,Small,200,OK,true,51511,138,17,17,5,0,0
1637865829479,37,Small-Medium,200,OK,true,102713,139,17,17,4,0,0
1637865829336,185,Medium-Large,200,OK,true,512313,139,17,17,3,0,0
1637865829423,112,Medium,200,OK,true,307513,139,17,17,5,0,0
1637865829521,21,Small,200,OK,true,51511,138,17,17,5,0,0
1637865829535,18,Small,200,OK,true,51511,138,17,17,5,0,0
1637865829221,334,Large,200,OK,true,1048891,137,17,17,9,0,0
1637865829453,112,Medium,200,OK,true,307513,139,17,17,5,0,0
1637865829398,189,Medium-Large,200,OK,true,512313,139,17,17,3,0,0
1637865829408,182,Medium-Large,200,OK,true,512277,139,17,17,4,0,0
1637865829480,111,Medium,200,OK,true,307513,139,17,17,5,0,0
1637865829555,37,Small-Medium,200,OK,true,102713,139,17,17,4,0,0
1637865829245,348,Large,200,OK,true,1048890,137,17,17,8,0,0
1637865829587,19,Small,200,OK,true,51511,138,17,17,4,0,0
1637865829590,20,Small,200,OK,true,51511,138,17,17,5,0,0
1637865829590,39,Small-Medium,200,OK,true,102714,139,17,17,9,0,4
1637865829533,112,Medium,200,OK,true,307513,139,17,17,4,0,0
1637865829273,383,Large,200,OK,true,1048891,137,17,17,4,0,0
1637865829565,96,Medium,200,OK,true,307513,139,17,17,4,0,0
1637865829659,19,Small,200,OK,true,51511,138,17,17,5,0,0
1637865829593,103,Medium,200,OK,true,307512,139,17,17,5,0,0
1637865829656,46,Small-Medium,200,OK,true,102713,139,17,17,8,0,0
1637865829342,362,Large,200,OK,true,1048891,137,17,17,4,0,0
1637865829356,358,Large,200,OK,true,1048891,137,17,17,3,0,0
1637865829546,169,Medium-Large,200,OK,true,512313,139,17,17,5,0,0
1637865829715,18,Small,200,OK,true,51511,138,17,17,4,0,0
1637865829697,37,Small-Medium,200,OK,true,102712,139,17,17,3,0,0
1637865829383,358,Large,200,OK,true,1048891,137,17,17,5,0,0
1637865829704,39,Small-Medium,200,OK,true,102713,139,17,17,5,0,0
1637865829724,20,Small,200,OK,true,51511,138,17,17,4,0,0
1637865829726,19,Small,200,OK,true,51511,138,17,17,4,0,0
1637865829397,355,Large,200,OK,true,1048891,137,17,17,4,0,0
1637865829656,105,Medium,200,OK,true,307513,139,17,17,4,0,0
1637865829410,351,Large,200,OK,true,1048891,137,17,17,3,0,0
1637865829400,365,Large,200,OK,true,1048891,137,17,17,4,0,0
1637865829765,17,Small,200,OK,true,51511,138,17,17,5,0,0
1637865829623,163,Medium-Large,200,OK,true,512313,139,17,17,4,0,0
1637865829773,36,Small-Medium,200,OK,true,102713,139,17,17,4,0,0
1637865829714,96,Medium,200,OK,true,307513,139,17,17,4,0,0
1637865829645,172,Medium-Large,200,OK,true,512313,139,17,17,4,0,0
1637865829661,163,Medium-Large,200,OK,true,512313,139,17,17,6,0,0
1637865829792,42,Small-Medium,200,OK,true,102713,139,17,17,5,0,0
1637865829761,100,Medium,200,OK,true,307513,139,17,17,4,0,0
1637865829861,22,Small,200,OK,true,51511,138,17,17,4,0,0
1637865829860,28,Small,200,OK,true,51511,138,17,17,5,0,0
1637865829753,162,Medium-Large,200,OK,true,512313,139,17,17,3,0,0
1637865829591,342,Large,200,OK,true,1048891,137,17,17,5,0,0
1637865829764,171,Medium-Large,200,OK,true,512312,139,17,17,5,0,0
1637865829603,334,Large,200,OK,true,1048891,137,17,17,4,0,0
1637865829929,18,Small,200,OK,true,51511,138,17,17,4,0,0
1637865829840,108,Medium,200,OK,true,307513,139,17,17,4,0,0
1637865829933,21,Small,200,OK,true,51511,138,17,17,4,0,0
1637865829935,19,Small,200,OK,true,51510,138,17,17,4,0,0
1637865829810,169,Medium-Large,200,OK,true,512313,139,17,17,4,0,0
1637865829948,33,Small-Medium,200,OK,true,102713,139,17,17,4,0,0
1637865829658,336,Large,200,OK,true,1048891,137,17,17,4,0,0
1637865829818,182,Medium-Large,200,OK,true,512313,139,17,17,4,0,0
1637865829834,174,Medium-Large,200,OK,true,512313,139,17,17,4,0,0
1637865829980,33,Small-Medium,200,OK,true,102713,139,17,17,4,0,0
1637865829915,100,Medium,200,OK,true,307513,139,17,17,5,0,0
1637865829927,105,Medium,200,OK,true,307513,139,17,17,4,0,0
1637865830015,18,Small,200,OK,true,51511,138,17,17,5,0,0
1637865829997,37,Small-Medium,200,OK,true,102713,139,17,17,4,0,0
1637865830002,39,Small-Medium,200,OK,true,102713,139,17,17,5,0,0
1637865829741,332,Large,200,OK,true,1048891,137,17,17,4,0,0
1637865829994,99,Medium,200,OK,true,307513,139,17,17,4,0,0
1637865829937,167,Medium-Large,200,OK,true,512313,139,17,17,5,0,0
1637865830000,113,Medium,200,OK,true,307513,139,17,17,5,0,0
1637865830008,106,Medium,200,OK,true,307513,139,17,17,4,0,0
1637865829761,363,Large,200,OK,true,1048891,137,17,17,6,0,0
1637865829786,349,Large,200,OK,true,1048891,137,17,17,5,0,0
1637865829784,351,Large,200,OK,true,1048891,137,17,17,6,0,0
1637865830114,22,Small,200,OK,true,51511,138,17,17,5,0,0
1637865829794,350,Large,200,OK,true,1048891,137,17,17,4,0,0
1637865830114,47,Small-Medium,200,OK,true,102713,139,17,17,4,0,0
1637865830135,28,Small,200,OK,true,51511,138,17,17,6,0,0
1637865830144,27,Small,200,OK,true,51511,138,17,17,5,0,0
1637865829824,355,Large,200,OK,true,1048891,137,17,17,4,0,0
1637865830016,179,Medium-Large,200,OK,true,512313,139,17,17,5,0,0
1637865830104,92,Medium,200,OK,true,307513,139,17,17,5,0,0
1637865830046,164,Medium-Large,200,OK,true,512313,139,17,17,5,0,0
1637865830179,34,Small-Medium,200,OK,true,102713,139,17,17,10,0,0
1637865830196,26,Small-Medium,200,OK,true,102713,139,17,17,7,0,0
1637865830065,160,Medium-Large,200,OK,true,512313,139,17,17,4,0,0
1637865830203,25,Small,200,OK,true,51511,138,17,17,10,0,0
1637865830195,39,Small-Medium,200,OK,true,102713,139,17,17,7,0,0
1637865830094,145,Medium-Large,200,OK,true,512313,139,17,17,4,0,0
1637865830210,31,Small-Medium,200,OK,true,102713,139,17,17,9,0,0
1637865830182,62,Small,200,OK,true,51511,138,17,17,10,0,0
1637865830226,21,Small-Medium,200,OK,true,102713,139,17,17,7,0,0
1637865830211,42,Small-Medium,200,OK,true,102713,139,17,17,9,0,0
1637865830239,18,Small-Medium,200,OK,true,102713,139,17,17,5,0,0
1637865830135,131,Medium-Large,200,OK,true,512313,139,17,17,5,0,0
1637865830003,296,Large,200,OK,true,1048890,137,17,17,5,0,0
1637865830278,32,Small-Medium,200,OK,true,102713,139,17,17,8,0,0
1637865830267,75,Medium,200,OK,true,307513,139,17,17,8,0,0
1637865830084,264,Large,200,OK,true,1048891,137,17,17,5,0,0
1637865830074,274,Large,200,OK,true,1048891,137,17,17,8,0,0
1637865830263,99,Medium,200,OK,true,307513,139,17,17,7,0,0
1637865830293,78,Medium,200,OK,true,307513,139,17,17,9,0,0
1637865830348,27,Small-Medium,200,OK,true,102713,139,17,17,8,0,0
1637865830342,35,Small-Medium,200,OK,true,102713,139,17,17,8,0,0
1637865830273,112,Medium-Large,200,OK,true,512313,139,17,17,6,0,0
1637865830307,83,Medium,200,OK,true,307513,139,17,17,8,0,0
1637865830263,134,Medium,200,OK,true,307513,139,17,17,8,0,0
1637865830299,113,Medium,200,OK,true,307512,139,17,17,8,0,0
1637865830362,71,Medium,200,OK,true,307513,139,17,17,8,0,0
1637865830409,25,Small,200,OK,true,51511,138,17,17,9,0,0
1637865830415,36,Small-Medium,200,OK,true,102713,139,17,17,8,0,0
1637865830433,33,Small-Medium,200,OK,true,102713,139,17,17,10,0,0
1637865830070,400,Large,200,OK,true,1048891,137,17,17,4,0,0
1637865830348,126,Medium-Large,200,OK,true,512313,139,17,17,9,0,0
1637865830247,246,Large,200,OK,true,1048891,137,17,17,7,0,0
1637865830479,18,Small,200,OK,true,51511,138,17,17,8,0,0
1637865830484,24,Small,200,OK,true,51511,138,17,17,7,0,0
1637865830385,127,Medium-Large,200,OK,true,512313,139,17,17,7,0,0
1637865830470,51,Small-Medium,200,OK,true,102713,139,17,17,9,0,0
1637865830513,16,Small,200,OK,true,51511,138,17,17,8,0,0
1637865830500,31,Small-Medium,200,OK,true,102713,139,17,17,8,0,0
1637865830412,149,Medium-Large,200,OK,true,512277,139,17,17,8,0,0
1637865830398,175,Medium-Large,200,OK,true,512313,139,18,18,7,0,0
1637865830539,38,Small-Medium,200,OK,true,102713,139,18,18,7,0,0
1637865830346,234,Large,200,OK,true,1048891,137,18,18,9,0,0
1637865830475,120,Medium-Large,200,OK,true,512313,139,18,18,9,0,0
1637865830580,15,Small,200,OK,true,51511,138,18,18,7,0,0
1637865830371,243,Large,200,OK,true,1048891,137,18,18,9,0,0
1637865830573,42,Small-Medium,200,OK,true,102713,139,18,18,10,0,0
1637865830493,122,Medium-Large,200,OK,true,512313,139,18,18,9,0,0
1637865830390,231,Large,200,OK,true,1048891,137,18,18,9,0,0
1637865830622,29,Small-Medium,200,OK,true,102713,139,18,18,7,0,0
1637865830610,46,Small-Medium,200,OK,true,102713,139,18,18,9,0,0
1637865830552,126,Medium-Large,200,OK,true,512313,139,18,18,8,0,0
1637865830645,35,Small,200,OK,true,51511,138,18,18,12,0,0
1637865830616,81,Medium,200,OK,true,307513,139,18,18,7,0,0
1637865830561,139,Small-Medium,200,OK,true,102714,139,18,18,17,0,8
1637865830581,119,Medium-Large,200,OK,true,512313,139,18,18,12,0,0
1637865830678,25,Small-Medium,200,OK,true,102713,139,18,18,8,0,0
1637865830595,111,Medium-Large,200,OK,true,512313,139,18,18,9,0,0
1637865830683,24,Small,200,OK,true,51511,138,18,18,8,0,0
1637865830279,428,Large,200,OK,true,1048891,137,18,18,8,0,0
1637865830697,68,Medium,200,OK,true,307513,139,18,18,8,0,0
1637865830700,87,Medium,200,OK,true,307513,139,18,18,9,0,0
1637865830183,608,Large,200,OK,true,1048891,137,18,18,10,0,0
1637865830694,99,Medium,200,OK,true,307513,139,18,18,9,0,0
1637865830546,253,Large,200,OK,true,1048891,137,18,18,8,0,0
1637865830787,16,Small,200,OK,true,51511,138,18,18,8,0,0
1637865830770,44,Small-Medium,200,OK,true,102713,139,18,18,9,0,0
1637865830793,26,Small-Medium,200,OK,true,102713,139,18,18,7,0,0
1637865830568,256,Large,200,OK,true,1048891,137,18,18,8,0,0
1637865830799,34,Small-Medium,200,OK,true,102713,139,18,18,10,0,0
1637865830707,129,Medium,200,OK,true,307513,139,18,18,9,0,0
1637865830700,141,Medium-Large,200,OK,true,512313,139,18,18,7,0,0
1637865830750,92,Medium,200,OK,true,307513,139,18,18,10,0,0
1637865830573,270,Medium-Large,200,OK,true,512314,139,18,18,16,0,8
1637865830841,16,Small,200,OK,true,51511,138,18,18,8,0,0
1637865830124,740,Large,200,OK,true,1048891,137,18,18,4,0,0
1637865830614,256,Large,200,OK,true,1048891,137,18,18,7,0,0
1637865830842,31,Small-Medium,200,OK,true,102713,139,18,18,15,0,0
1637865830844,40,Small-Medium,200,OK,true,102713,139,18,18,7,0,0
1637865830755,140,Medium,200,OK,true,307513,139,18,18,9,0,0
1637865830652,258,Large,200,OK,true,1048891,137,18,18,9,0,0
1637865830717,202,Medium-Large,200,OK,true,512313,139,18,18,8,0,0
1637865830824,107,Medium-Large,200,OK,true,512313,139,18,18,9,0,0
1637865830860,79,Medium,200,OK,true,307513,139,18,18,9,0,0
1637865830706,237,Large,200,OK,true,1048891,137,18,18,8,0,0
1637865830931,27,Small,200,OK,true,51511,138,18,18,10,0,0
1637865830870,89,Medium,200,OK,true,307513,139,18,18,11,0,0
1637865830864,96,Small-Medium,200,OK,true,102713,139,18,18,8,0,0
1637865830032,940,Large,200,OK,true,1048891,137,18,18,5,0,0
1637865830939,35,Small-Medium,200,OK,true,102713,139,18,18,8,0,0
1637865830919,55,Small-Medium,200,OK,true,102713,139,18,18,11,0,0
1637865830836,153,Medium,200,OK,true,307513,139,18,18,6,0,0
1637865830913,80,Medium,200,OK,true,307513,139,18,18,15,0,0
1637865830993,18,Small,200,OK,true,51511,138,18,18,9,0,0
1637865830943,79,Medium,200,OK,true,307513,139,18,18,9,0,0
1637865830866,158,Medium-Large,200,OK,true,512313,139,18,18,8,0,0
1637865830910,135,Medium-Large,200,OK,true,512313,139,18,18,8,0,0
1637865830914,143,Medium-Large,200,OK,true,512313,139,18,18,10,0,0
1637865831024,37,Small-Medium,200,OK,true,102713,139,18,18,10,0,0
1637865831058,17,Small,200,OK,true,51511,138,18,18,8,0,0
1637865830841,239,Large,200,OK,true,1048891,137,18,18,8,0,0
1637865830960,120,Medium-Large,200,OK,true,512313,139,18,18,9,0,0
1637865831080,16,Small,200,OK,true,51511,138,18,18,7,0,0
1637865830895,232,Medium-Large,200,OK,true,512313,139,18,18,9,0,0
1637865830992,136,Medium,200,OK,true,307513,139,18,18,8,0,0
1637865831096,34,Small-Medium,200,OK,true,102713,139,18,18,8,0,0
1637865831003,134,Medium-Large,200,OK,true,512313,139,18,18,11,0,0
1637865830871,273,Large,200,OK,true,1048891,137,18,18,9,0,0
1637865831129,15,Small,200,OK,true,51511,138,18,18,8,0,0
1637865831011,140,Medium-Large,200,OK,true,512313,139,18,18,12,0,0
1637865830990,168,Medium,200,OK,true,307513,139,18,18,8,0,0
1637865831144,18,Small,200,OK,true,51511,138,18,18,9,0,0
1637865831152,16,Small,200,OK,true,51511,138,18,18,9,0,0
1637865831137,32,Small-Medium,200,OK,true,102713,139,18,18,8,0,0
1637865831045,135,Medium-Large,200,OK,true,512313,139,18,18,8,0,0
1637865831151,30,Small-Medium,200,OK,true,102713,139,18,18,9,0,0
1637865831167,16,Small,200,OK,true,51511,138,18,18,8,0,0
1637865831081,109,Medium-Large,200,OK,true,512313,139,18,18,8,0,0
1637865831180,14,Small,200,OK,true,51511,138,18,18,7,0,0
1637865830915,282,Large,200,OK,true,1048891,137,18,18,11,0,0
1637865831190,12,Small,200,OK,true,51511,138,18,18,7,0,0
1637865830960,260,Medium,200,OK,true,307513,139,18,18,10,0,0
1637865831208,18,Small,200,OK,true,51511,138,18,18,7,0,0
1637865831216,13,Small,200,OK,true,51511,138,18,18,6,0,0
1637865831127,106,Medium,200,OK,true,307513,139,18,18,10,0,0
1637865831158,97,Medium,200,OK,true,307513,139,18,18,8,0,0
1637865831022,244,Large,200,OK,true,1048891,137,18,18,9,0,0
1637865831233,41,Small-Medium,200,OK,true,102713,139,18,18,9,0,0
1637865831201,82,Medium-Large,200,OK,true,512313,139,18,18,7,0,0
1637865831065,228,Large,200,OK,true,1048891,137,18,18,10,0,0
1637865831224,73,Medium,200,OK,true,307513,139,18,18,8,0,0
1637865831224,73,Medium,200,OK,true,307513,139,18,18,7,0,0
1637865831283,30,Small-Medium,200,OK,true,102713,139,18,18,10,0,0
1637865830972,348,Medium,200,OK,true,307513,139,18,18,8,0,0
1637865831252,77,Medium,200,OK,true,307513,139,18,18,8,0,0
1637865831297,34,Small-Medium,200,OK,true,102713,139,18,18,9,0,0
1637865831356,20,Small,200,OK,true,51511,138,18,18,11,0,0
1637865831240,149,Medium-Large,200,OK,true,512313,139,18,18,9,0,0
1637865831321,79,Small,200,OK,true,51511,138,18,18,10,0,0
1637865831262,139,Medium-Large,200,OK,true,512313,139,18,18,10,0,0
1637865831281,133,Medium-Large,200,OK,true,512313,139,18,18,9,0,0
1637865831288,129,Medium-Large,200,OK,true,512313,139,18,18,11,0,0
1637865831418,16,Small,200,OK,true,51511,138,18,18,7,0,0
1637865831414,27,Small-Medium,200,OK,true,102713,139,18,18,8,0,0
1637865831401,46,Small-Medium,200,OK,true,102713,139,18,18,11,0,0
1637865831368,88,Medium,200,OK,true,307513,139,18,18,11,0,0
1637865830792,666,Large,200,OK,true,1048891,137,18,18,7,0,0
1637865831329,144,Medium-Large,200,OK,true,512313,139,18,18,8,0,0
1637865831456,34,Small-Medium,200,OK,true,102713,139,18,18,9,0,0
1637865831197,305,Large,200,OK,true,1048891,137,18,18,7,0,0
1637865831490,19,Small,200,OK,true,51511,138,18,18,9,0,0
1637865831128,388,Large,200,OK,true,1048891,137,18,18,8,0,0
1637865831486,37,Small-Medium,200,OK,true,102713,139,18,18,9,0,0
1637865831389,138,Medium-Large,200,OK,true,512313,139,18,18,10,0,0
1637865831267,267,Large,200,OK,true,1048891,137,18,18,9,0,0
1637865831516,24,Small,200,OK,true,51511,138,18,18,8,0,0
1637865831298,247,Large,200,OK,true,1048891,137,18,18,9,0,0
1637865831305,251,Medium-Large,200,OK,true,512313,139,18,18,20,0,0
1637865831474,83,Medium,200,OK,true,307513,139,18,18,8,0,0
1637865831293,265,Large,200,OK,true,1048891,137,18,18,10,0,0
1637865831534,24,Small-Medium,200,OK,true,102713,139,18,18,8,0,0
1637865831428,133,Medium-Large,200,OK,true,512313,139,18,18,10,0,0
1637865831220,342,Medium-Large,200,OK,true,512313,139,18,18,6,0,0
1637865831562,28,Small,200,OK,true,51511,138,18,18,10,0,0
1637865831558,36,Small-Medium,200,OK,true,102713,139,18,18,9,0,0
1637865831562,44,Small,200,OK,true,51511,138,18,18,9,0,0
1637865831588,41,Small-Medium,200,OK,true,102713,139,18,18,9,0,0
1637865830250,1381,Large,200,OK,true,1048891,137,18,18,7,0,0
1637865831630,39,Small-Medium,200,OK,true,102713,139,18,18,9,0,0
1637865831545,137,Medium-Large,200,OK,true,512313,139,18,18,9,0,0
1637865831634,79,Small-Medium,200,OK,true,102713,139,18,18,9,0,0
1637865831607,107,Medium,200,OK,true,307513,139,18,18,8,0,0
1637865831558,157,Medium-Large,200,OK,true,512313,139,18,18,5,0,0
1637865831256,474,Large,200,OK,true,1048891,137,18,18,9,0,0
1637865831702,38,Small-Medium,200,OK,true,102713,139,18,18,9,0,0
1637865831714,34,Small-Medium,200,OK,true,102713,139,18,18,9,0,0
1637865831473,276,Large,200,OK,true,1048891,137,18,18,7,0,0
1637865831749,18,Small,200,OK,true,51511,138,18,18,9,0,0
1637865831459,330,Medium-Large,200,OK,true,512313,139,18,18,8,0,0
1637865831714,87,Small-Medium,200,OK,true,102713,139,18,18,10,0,0
1637865831558,248,Large,200,OK,true,1048891,137,18,18,6,0,0
1637865831528,286,Large,200,OK,true,1048891,137,18,18,11,0,0
1637865831400,421,Medium,200,OK,true,307513,139,18,18,10,0,0
1637865831527,294,Large,200,OK,true,1048891,137,18,18,10,0,0
1637865831806,16,Small,200,OK,true,51511,138,18,18,8,0,0
1637865831561,265,Large,200,OK,true,1048891,137,18,18,8,0,0
1637865831502,327,Large,200,OK,true,1048891,137,18,18,10,0,0
1637865831715,133,Medium-Large,200,OK,true,512313,139,18,18,10,0,0
1637865831829,27,Small,200,OK,true,51511,138,18,18,9,0,0
1637865831848,17,Small,200,OK,true,51511,138,18,18,9,0,0
1637865831635,255,Large,200,OK,true,1048891,137,18,18,11,0,0
1637865831902,27,Small,200,OK,true,51511,138,18,18,9,0,0
1637865831920,18,Small,200,OK,true,51511,138,18,18,9,0,0
1637865831682,265,Large,200,OK,true,1048891,137,18,18,10,0,0
1637865831890,86,Medium,200,OK,true,307513,139,18,18,8,0,0
1637865831974,29,Small,200,OK,true,51511,138,18,18,10,0,0
1637865831789,216,Medium,200,OK,true,307513,139,18,18,10,0,0
1637865831731,283,Medium-Large,200,OK,true,512313,139,18,18,8,0,0
1637865831992,25,Small-Medium,200,OK,true,102713,139,18,18,8,0,0
1637865831631,390,Medium,200,OK,true,307513,139,18,18,14,0,0
1637865831556,468,Large,200,OK,true,1048891,137,18,18,7,0,0
1637865831785,261,Large,200,OK,true,1048891,137,18,18,10,0,0
1637865832014,36,Small,200,OK,true,51511,138,18,18,9,0,0
1637865831773,278,Large,200,OK,true,1048891,137,18,18,9,0,0
1637865831976,76,Medium,200,OK,true,307513,139,18,18,9,0,0
1637865831821,261,Large,200,OK,true,1048891,137,18,18,10,0,0
1637865832005,80,Small-Medium,200,OK,true,102713,139,18,18,9,0,0
1637865832051,35,Small-Medium,200,OK,true,102713,139,18,18,8,0,0
1637865832053,33,Small-Medium,200,OK,true,102713,139,18,18,8,0,0
1637865831814,275,Large,200,OK,true,1048891,137,18,18,9,0,0
1637865831826,277,Large,200,OK,true,1048891,137,18,18,9,0,0
1637865832086,25,Small,200,OK,true,51511,138,18,18,8,0,0
1637865832103,17,Small,200,OK,true,51511,138,18,18,9,0,0
1637865832046,74,Medium,200,OK,true,307513,139,18,18,7,0,0
1637865831878,247,Large,200,OK,true,1048891,137,18,18,9,0,0
1637865832120,16,Small,200,OK,true,51511,138,18,18,6,0,0
1637865831660,481,Large,200,OK,true,1048891,137,18,18,9,0,0
1637865832125,19,Small,200,OK,true,51511,138,18,18,10,0,0
1637865831821,327,Large,200,OK,true,1048891,137,18,18,11,0,0
1637865832089,82,Medium,200,OK,true,307513,139,18,18,10,0,0
1637865832047,147,Medium-Large,200,OK,true,512313,139,18,18,7,0,0
1637865832171,36,Small-Medium,200,OK,true,102713,139,18,18,9,0,0
1637865832158,51,Small-Medium,200,OK,true,102713,139,18,18,8,0,0
1637865832197,18,Small,200,OK,true,51511,138,18,18,9,0,0
1637865831947,279,Large,200,OK,true,1048891,137,18,18,9,0,0
1637865832195,42,Small-Medium,200,OK,true,102713,139,18,18,9,0,0
1637865832123,123,Medium-Large,200,OK,true,512313,139,18,18,8,0,0
1637865832024,223,Medium-Large,200,OK,true,512313,139,18,18,9,0,0
1637865832193,68,Medium,200,OK,true,307513,139,18,18,9,0,0
1637865832243,26,Small,200,OK,true,51511,138,18,18,7,0,0
1637865832247,35,Small,200,OK,true,51511,138,18,18,9,0,0
1637865832266,27,Small,200,OK,true,51511,138,18,18,9,0,0
1637865831801,496,Medium-Large,200,OK,true,512313,139,18,18,9,0,0
1637865832064,236,Large,200,OK,true,1048891,137,18,18,9,0,0
1637865832175,137,Medium-Large,200,OK,true,512313,139,18,18,10,0,0
1637865832082,239,Large,200,OK,true,1048891,137,18,18,7,0,0
1637865832246,80,Medium,200,OK,true,307513,139,18,18,9,0,0
1637865832313,18,Small,200,OK,true,51511,138,18,18,9,0,0
1637865832141,192,Medium-Large,200,OK,true,512313,139,18,18,7,0,0
1637865832300,36,Small-Medium,200,OK,true,102713,139,18,18,8,0,0
1637865832226,138,Medium-Large,200,OK,true,512313,139,18,18,8,0,0
1637865832021,343,Medium,200,OK,true,307513,139,18,18,9,0,0
1637865832125,246,Large,200,OK,true,1048891,137,18,18,8,0,0
1637865832333,55,Small-Medium,200,OK,true,102713,139,18,18,10,0,0
1637865832149,271,Large,200,OK,true,1048891,137,18,18,8,0,0
1637865832230,225,Medium-Large,200,OK,true,512313,139,18,18,9,0,0
1637865832315,144,Medium-Large,200,OK,true,512313,139,18,18,9,0,0
1637865832326,145,Medium-Large,200,OK,true,512313,139,18,18,10,0,0
1637865832321,151,Medium-Large,200,OK,true,512313,139,18,18,11,0,0
1637865832373,110,Medium,200,OK,true,307513,139,18,18,9,0,0
1637865832365,145,Medium-Large,200,OK,true,512313,139,18,18,14,0,0
1637865832421,95,Medium,200,OK,true,307513,139,18,18,9,0,0
1637865832269,266,Large,200,OK,true,1048891,137,18,18,9,0,0
1637865832516,20,Small,200,OK,true,51511,138,18,18,9,0,0
1637865832265,276,Large,200,OK,true,1048891,137,18,18,9,0,0
1637865832341,210,Medium-Large,200,OK,true,512313,139,18,18,9,0,0
1637865832542,18,Small,200,OK,true,51511,138,18,18,8,0,0
1637865832460,135,Medium-Large,200,OK,true,512313,139,18,18,10,0,0
1637865832510,89,Medium,200,OK,true,307513,139,18,18,9,0,0
1637865832589,16,Small,200,OK,true,51511,138,18,18,9,0,0
1637865832472,133,Medium-Large,200,OK,true,512313,139,18,18,10,0,0
1637865832474,143,Medium-Large,200,OK,true,512313,139,18,18,9,0,0
1637865832537,83,Medium,200,OK,true,307513,139,18,18,7,0,0
1637865832297,323,Medium,200,OK,true,307513,139,18,18,9,0,0
1637865832600,25,Small-Medium,200,OK,true,102713,139,18,18,7,0,0
1637865832483,154,Medium-Large,200,OK,true,512313,139,18,18,9,0,0
1637865832606,36,Small-Medium,200,OK,true,102713,139,18,18,11,0,0
1637865832617,25,Small-Medium,200,OK,true,102713,139,18,18,8,0,0
1637865832551,99,Medium,200,OK,true,307513,139,18,18,10,0,0
1637865832386,277,Large,200,OK,true,1048891,137,18,18,10,0,0
1637865832595,71,Medium,200,OK,true,307513,139,18,18,8,0,0
1637865832372,296,Large,200,OK,true,1048891,137,18,18,9,0,0
1637865832661,17,Small,200,OK,true,51511,138,18,18,8,0,0
1637865832614,73,Medium,200,OK,true,307513,139,18,18,10,0,0
1637865832663,24,Small-Medium,200,OK,true,102713,139,18,18,8,0,0
1637865832677,25,Small,200,OK,true,51511,138,18,18,8,0,0
1637865832687,17,Small,200,OK,true,51511,138,18,18,9,0,0
1637865832085,648,Large,200,OK,true,1048891,137,18,18,8,0,0
1637865832650,86,Medium,200,OK,true,307513,139,18,18,8,0,0
1637865832620,117,Medium-Large,200,OK,true,512313,139,18,18,8,0,0
1637865832668,71,Medium,200,OK,true,307513,139,18,18,8,0,0
1637865832672,70,Medium,200,OK,true,307513,139,18,18,9,0,0
1637865832735,16,Small,200,OK,true,51511,138,18,18,7,0,0
1637865832737,17,Small,200,OK,true,51511,138,18,18,8,0,0
1637865832317,437,Large,200,OK,true,1048891,137,18,18,9,0,0
1637865832733,35,Small-Medium,200,OK,true,102713,139,18,18,11,0,0
1637865832739,33,Small-Medium,200,OK,true,102713,139,18,18,9,0,0
1637865832745,31,Small-Medium,200,OK,true,102713,139,18,18,9,0,0
1637865832760,22,Small-Medium,200,OK,true,102713,139,18,18,8,0,0
1637865832734,58,Small-Medium,200,OK,true,102713,139,18,18,7,0,0
1637865832689,120,Medium-Large,200,OK,true,512313,139,18,18,9,0,0
1637865832406,409,Large,200,OK,true,1048891,137,18,18,9,0,0
1637865832807,26,Small-Medium,200,OK,true,102713,139,18,18,8,0,0
1637865832833,37,Small-Medium,200,OK,true,102713,139,18,18,9,0,0
1637865832637,241,Large,200,OK,true,1048891,137,18,18,9,0,0
1637865832810,72,Medium,200,OK,true,307513,139,18,18,10,0,0
1637865832456,428,Large,200,OK,true,1048891,137,18,18,9,0,0
1637865832815,87,Medium,200,OK,true,307513,139,18,18,8,0,0
1637865832879,27,Small,200,OK,true,51511,138,18,18,9,0,0
1637865832668,240,Large,200,OK,true,1048891,137,18,18,10,0,0
1637865832365,565,Medium-Large,200,OK,true,512313,139,18,18,9,0,0
1637865832908,27,Small,200,OK,true,51511,138,18,18,21,0,0
1637865832885,52,Small-Medium,200,OK,true,102713,139,18,18,9,0,0
1637865832810,138,Medium-Large,200,OK,true,512313,139,18,18,8,0,0
1637865832804,150,Medium-Large,200,OK,true,512313,139,18,18,7,0,0
1637865832755,202,Medium-Large,200,OK,true,512313,139,18,18,8,0,0
1637865832811,147,Medium-Large,200,OK,true,512313,139,18,18,11,0,0
1637865832952,17,Small,200,OK,true,51511,138,18,18,7,0,0
1637865832879,91,Medium,200,OK,true,307513,139,18,18,7,0,0
1637865832955,17,Small,200,OK,true,51511,138,18,18,9,0,0
1637865832958,26,Small-Medium,200,OK,true,102713,139,18,18,9,0,0
1637865832971,16,Small,200,OK,true,51511,138,18,18,9,0,0
1637865832903,88,Medium,200,OK,true,307513,139,18,18,8,0,0
1637865832958,33,Small,200,OK,true,51511,138,18,18,10,0,0
1637865832904,87,Medium,200,OK,true,307513,139,18,18,8,0,0
1637865832807,186,Medium,200,OK,true,307513,139,18,18,11,0,0
1637865832751,246,Large,200,OK,true,1048891,137,18,18,7,0,0
1637865832882,120,Medium-Large,200,OK,true,512313,139,18,18,9,0,0
1637865832815,188,Medium-Large,200,OK,true,512313,139,18,18,10,0,0
1637865832948,68,Medium,200,OK,true,307513,139,18,18,7,0,0
1637865832997,21,Small-Medium,200,OK,true,102713,139,18,18,7,0,0
1637865832622,399,Medium-Large,200,OK,true,512313,139,18,18,9,0,0
1637865833004,18,Small,200,OK,true,51511,138,18,18,7,0,0
1637865832736,296,Large,200,OK,true,1048891,137,18,18,7,0,0
1637865832993,48,Small-Medium,200,OK,true,102713,139,18,18,7,0,0
1637865833021,32,Small,200,OK,true,51511,138,18,18,7,0,0
1637865833027,32,Small-Medium,200,OK,true,102713,139,18,18,8,0,0
1637865832992,72,Medium,200,OK,true,307513,139,18,18,8,0,0
1637865833064,16,Small,200,OK,true,51511,138,18,18,8,0,0
1637865832957,125,Medium,200,OK,true,307513,139,18,18,8,0,0
1637865833020,79,Medium,200,OK,true,307513,139,18,18,6,0,0
1637865833032,93,Medium,200,OK,true,307513,139,18,18,8,0,0
1637865833099,26,Small,200,OK,true,51511,138,18,18,10,0,0
1637865831821,1312,Large,200,OK,true,1048891,137,18,18,11,0,0
1637865833069,79,Medium,200,OK,true,307513,139,18,18,8,0,0
1637865833126,26,Small,200,OK,true,51511,138,18,18,7,0,0
1637865833093,74,Small-Medium,200,OK,true,102713,139,18,18,9,0,0
1637865833137,34,Small-Medium,200,OK,true,102713,139,18,18,10,0,0
1637865833148,33,Small-Medium,200,OK,true,102713,139,18,18,10,0,0
1637865833043,140,Medium-Large,200,OK,true,512313,139,18,18,8,0,0
1637865833171,18,Small,200,OK,true,51511,138,18,18,10,0,0
1637865833167,34,Small,200,OK,true,51511,138,18,18,10,0,0
1637865833183,34,Small-Medium,200,OK,true,102713,139,18,18,11,0,0
1637865833098,124,Medium-Large,200,OK,true,512313,139,18,18,10,0,0
1637865832991,235,Large,200,OK,true,1048891,137,18,18,7,0,0
1637865832980,249,Large,200,OK,true,1048891,137,18,18,8,0,0
1637865833198,37,Small-Medium,200,OK,true,102713,139,18,18,8,0,0
1637865833222,15,Small,200,OK,true,51511,138,18,18,7,0,0
1637865833226,16,Small,200,OK,true,51511,138,18,18,7,0,0
1637865833003,245,Large,200,OK,true,1048891,137,18,18,7,0,0
1637865833064,191,Medium,200,OK,true,307513,139,18,18,8,0,0
1637865833023,253,Large,200,OK,true,1048891,137,18,18,7,0,0
1637865833076,201,Medium-Large,200,OK,true,512313,139,18,18,9,0,0
1637865833254,32,Small-Medium,200,OK,true,102713,139,18,18,8,0,0
1637865833255,32,Small,200,OK,true,51511,138,18,18,8,0,0
1637865833030,262,Large,200,OK,true,1048891,137,18,18,9,0,0
1637865833220,74,Medium,200,OK,true,307513,139,18,18,8,0,0
1637865833230,72,Medium,200,OK,true,307513,139,18,18,7,0,0
1637865833277,39,Small-Medium,200,OK,true,102713,139,18,18,9,0,0
1637865833243,76,Medium,200,OK,true,307513,139,18,18,6,0,0
1637865833294,30,Small-Medium,200,OK,true,102713,139,18,18,10,0,0
1637865833208,129,Medium-Large,200,OK,true,512313,139,18,18,9,0,0
1637865833302,36,Small-Medium,200,OK,true,102713,139,18,18,10,0,0
1637865833319,30,Small-Medium,200,OK,true,102713,139,18,18,8,0,0
1637865833337,24,Small-Medium,200,OK,true,102713,139,18,18,7,0,0
1637865833292,71,Medium,200,OK,true,307513,139,18,18,7,0,0
1637865833295,74,Medium,200,OK,true,307513,139,18,18,9,0,0
1637865833269,100,Medium,200,OK,true,307513,139,18,18,8,0,0
1637865833248,125,Medium-Large,200,OK,true,512313,139,18,18,8,0,0
1637865832930,451,Medium-Large,200,OK,true,512313,139,18,18,8,0,0
1637865833327,54,Small-Medium,200,OK,true,102713,139,18,18,8,0,0
1637865833373,17,Small,200,OK,true,51511,138,18,18,8,0,0
1637865833365,32,Small-Medium,200,OK,true,102713,139,18,18,7,0,0
1637865833369,34,Small-Medium,200,OK,true,102713,139,18,18,9,0,0
1637865833327,76,Medium,200,OK,true,307513,139,18,18,7,0,0
1637865833367,37,Small-Medium,200,OK,true,102713,139,18,18,7,0,0
1637865833391,28,Small-Medium,200,OK,true,102713,139,18,18,7,0,0
1637865833029,392,Large,200,OK,true,1048891,137,18,18,9,0,0
1637865833421,21,Small,200,OK,true,51511,138,18,18,8,0,0
1637865833445,19,Small,200,OK,true,51511,138,18,18,9,0,0
1637865833441,27,Small,200,OK,true,51511,138,18,18,8,0,0
1637865833369,117,Medium-Large,200,OK,true,512313,139,18,18,8,0,0
1637865833381,107,Small-Medium,200,OK,true,102713,139,18,18,9,0,0
1637865833463,26,Small,200,OK,true,51511,138,18,18,9,0,0
1637865833373,117,Medium-Large,200,OK,true,512313,139,18,18,9,0,0
1637865833276,226,Large,200,OK,true,1048891,137,18,18,9,0,0
1637865833494,27,Small,200,OK,true,51511,138,18,18,9,0,0
1637865833082,443,Large,200,OK,true,1048891,137,18,18,10,0,0
1637865833490,36,Small-Medium,200,OK,true,102713,139,18,18,9,0,0
1637865833410,118,Medium-Large,200,OK,true,512313,139,18,18,7,0,0
1637865833348,185,Medium-Large,200,OK,true,512313,139,18,18,9,0,0
1637865833298,240,Large,200,OK,true,1048891,137,18,18,9,0,0
1637865833517,33,Small-Medium,200,OK,true,102713,139,18,18,9,0,0
1637865833538,17,Small,200,OK,true,51511,138,18,18,9,0,0
1637865833528,32,Small-Medium,200,OK,true,102713,139,18,18,7,0,0
1637865833438,133,Medium-Large,200,OK,true,512313,139,18,18,7,0,0
1637865833526,56,Small-Medium,200,OK,true,102713,139,18,18,7,0,0
1637865833488,106,Small-Medium,200,OK,true,102713,139,18,18,7,0,0
1637865833513,98,Medium,200,OK,true,307513,139,18,18,10,0,0
1637865833536,81,Medium,200,OK,true,307513,139,18,18,7,0,0
1637865833502,115,Medium-Large,200,OK,true,512313,139,18,18,8,0,0
1637865833611,30,Small,200,OK,true,51511,138,18,18,12,0,0
1637865833562,84,Medium,200,OK,true,307513,139,18,18,9,0,0
1637865833571,78,Medium,200,OK,true,307513,139,18,18,9,0,0
1637865833617,34,Small-Medium,200,OK,true,102713,139,18,18,9,0,0
1637865833617,42,Small-Medium,200,OK,true,102713,139,18,18,10,0,0
1637865833646,19,Small,200,OK,true,51510,138,18,18,14,0,0
1637865833403,262,Large,200,OK,true,1048891,137,18,18,9,0,0
1637865833533,133,Medium,200,OK,true,307513,139,18,18,8,0,0
1637865833399,277,Medium-Large,200,OK,true,512313,139,18,18,9,0,0
1637865833435,242,Large,200,OK,true,1048891,137,18,18,6,0,0
1637865833610,69,Medium,200,OK,true,307513,139,18,18,10,0,0
1637865833666,22,Small,200,OK,true,51511,138,18,18,7,0,0
1637865833594,95,Small-Medium,200,OK,true,102713,139,18,18,10,0,0
1637865833677,18,Small,200,OK,true,51511,138,18,18,10,0,0
1637865833682,15,Small,200,OK,true,51511,138,18,18,8,0,0
1637865833599,120,Medium-Large,200,OK,true,512313,139,18,18,10,0,0
1637865833588,134,Medium-Large,200,OK,true,512313,139,18,18,8,0,0
1637865833486,246,Large,200,OK,true,1048891,137,18,18,7,0,0
1637865833722,17,Small,200,OK,true,51511,138,18,18,8,0,0
1637865833565,190,Medium-Large,200,OK,true,512313,139,18,18,8,0,0
1637865833689,70,Medium,200,OK,true,307513,139,18,18,7,0,0
1637865833738,26,Small,200,OK,true,51511,138,18,18,9,0,0
1637865833649,125,Medium-Large,200,OK,true,512313,139,18,18,10,0,0
1637865833750,27,Small-Medium,200,OK,true,102713,139,18,18,10,0,0
1637865833682,98,Medium,200,OK,true,307513,139,18,18,9,0,0
1637865833761,32,Small-Medium,200,OK,true,102713,139,18,18,10,0,0
1637865833719,75,Medium,200,OK,true,307513,139,18,18,8,0,0
1637865833774,23,Small,200,OK,true,51511,138,18,18,8,0,0
1637865833794,16,Small,200,OK,true,51511,138,18,18,7,0,0
1637865833794,23,Small-Medium,200,OK,true,102713,139,18,18,9,0,0
1637865833597,227,Medium-Large,200,OK,true,512313,139,18,18,9,0,0
1637865833754,75,Medium,200,OK,true,307513,139,18,18,10,0,0
1637865833829,23,Small-Medium,200,OK,true,102713,139,18,18,7,0,0
1637865833823,30,Small-Medium,200,OK,true,102713,139,18,18,7,0,0
1637865833676,179,Medium,200,OK,true,307512,139,18,18,9,0,0
1637865833832,24,Small,200,OK,true,51511,138,18,18,8,0,0
1637865833824,44,Small-Medium,200,OK,true,102713,139,18,18,8,0,0
1637865833239,631,Large,200,OK,true,1048891,137,18,18,8,0,0
1637865833855,28,Small,200,OK,true,51510,138,18,18,7,0,0
1637865833665,219,Large,200,OK,true,1048891,137,18,18,9,0,0
1637865833755,157,Medium-Large,200,OK,true,512313,139,18,18,11,0,0
1637865833780,141,Medium-Large,200,OK,true,512313,139,18,18,7,0,0
1637865833896,27,Small,200,OK,true,51511,138,18,18,7,0,0
1637865833893,34,Small-Medium,200,OK,true,102713,139,18,18,7,0,0
1637865833689,243,Large,200,OK,true,1048891,137,18,18,8,0,0
1637865833901,35,Small-Medium,200,OK,true,102713,139,18,18,9,0,0
1637865833810,138,Medium-Large,200,OK,true,512313,139,18,18,6,0,0
1637865833884,73,Medium,200,OK,true,307513,139,18,18,8,0,0
1637865833719,238,Large,200,OK,true,1048890,137,18,18,7,0,0
1637865833846,125,Medium-Large,200,OK,true,512313,139,18,18,8,0,0
1637865833948,26,Small,200,OK,true,51511,138,18,18,7,0,0
1637865833965,29,Small,200,OK,true,51511,138,18,18,9,0,0
1637865833732,263,Large,200,OK,true,1048891,137,18,18,9,0,0
1637865833971,26,Small,200,OK,true,51511,138,18,18,23,0,0
1637865833866,134,Medium-Large,200,OK,true,512313,139,18,18,8,0,0
1637865833868,134,Medium-Large,200,OK,true,512313,139,18,18,7,0,0
1637865833995,12,Small,200,OK,true,51511,138,18,18,7,0,0
1637865834002,12,Small,200,OK,true,51511,138,18,18,5,0,0
1637865833972,44,Small-Medium,200,OK,true,102713,139,18,18,22,0,0
1637865833968,63,Small-Medium,200,OK,true,102713,139,18,18,8,0,0
1637865834020,20,Small,200,OK,true,51511,138,18,18,7,0,0
1637865833906,139,Medium-Large,200,OK,true,512313,139,18,18,10,0,0
1637865834044,17,Small,200,OK,true,51511,138,18,18,7,0,0
1637865834000,73,Medium,200,OK,true,307513,139,18,18,6,0,0
1637865833689,392,Medium,200,OK,true,307513,139,18,18,10,0,0
1637865834067,30,Small-Medium,200,OK,true,102713,139,18,18,11,0,0
1637865834038,84,Medium,200,OK,true,307513,139,18,18,7,0,0
1637865834074,74,Medium,200,OK,true,307513,139,18,18,10,0,0
1637865834148,22,Small,200,OK,true,51511,138,18,18,10,0,0
1637865833932,263,Large,200,OK,true,1048891,137,18,18,8,0,0
1637865833927,273,Medium-Large,200,OK,true,512312,139,18,18,7,0,0
1637865833957,255,Large,200,OK,true,1048890,137,18,18,10,0,0
1637865834081,136,Small-Medium,200,OK,true,102713,139,18,18,11,0,0
1637865834123,99,Medium,200,OK,true,307513,139,18,18,10,0,0
1637865834073,150,Medium-Large,200,OK,true,512313,139,18,18,9,0,0
1637865833957,267,Large,200,OK,true,1048891,137,18,18,7,0,0
1637865833921,306,Large,200,OK,true,1048891,137,18,18,8,0,0
1637865834220,20,Small,200,OK,true,51511,138,18,18,8,0,0
1637865834225,20,Small,200,OK,true,51511,138,18,18,10,0,0
1637865834200,45,Small,200,OK,true,51510,138,18,18,11,0,0
1637865834222,28,Small,200,OK,true,51511,138,18,18,11,0,0
1637865834138,124,Medium-Large,200,OK,true,512313,139,18,18,9,0,0
1637865834117,148,Medium-Large,200,OK,true,512313,139,18,18,10,0,0
1637865834040,233,Medium-Large,200,OK,true,512313,139,18,18,9,0,0
1637865834217,60,Small,200,OK,true,51511,138,18,18,13,0,0
1637865834262,21,Small-Medium,200,OK,true,102713,139,18,18,7,0,0
1637865834092,207,Medium-Large,200,OK,true,512313,139,18,18,9,0,0
1637865834044,259,Large,200,OK,true,1048891,137,18,18,8,0,0
1637865834046,260,Large,200,OK,true,1048891,137,18,18,8,0,0
1637865833912,398,Large,200,OK,true,1048891,137,18,18,10,0,0
1637865834227,86,Medium,200,OK,true,307513,139,18,18,9,0,0
1637865834303,18,Small,200,OK,true,51511,138,18,18,9,0,0
1637865834297,26,Small,200,OK,true,51511,138,18,18,9,0,0
1637865834223,127,Medium-Large,200,OK,true,512313,139,18,18,10,0,0
1637865834299,52,Small-Medium,200,OK,true,102713,139,18,18,9,0,0
1637865834266,121,Medium-Large,200,OK,true,512313,139,18,18,6,0,0
1637865834376,19,Small,200,OK,true,51511,138,18,18,10,0,0
1637865834369,28,Small,200,OK,true,51511,138,18,18,10,0,0
1637865834292,111,Medium-Large,200,OK,true,512313,139,18,18,9,0,0
1637865834313,104,Medium,200,OK,true,307513,139,18,18,9,0,0
1637865834195,247,Large,200,OK,true,1048891,137,18,18,10,0,0
1637865834442,18,Small,200,OK,true,51511,138,18,18,7,0,0
1637865834387,79,Medium,200,OK,true,307513,139,18,18,10,0,0
1637865834212,262,Large,200,OK,true,1048890,137,18,18,8,0,0
1637865834466,24,Small,200,OK,true,51511,138,18,18,7,0,0
1637865834448,51,Small-Medium,200,OK,true,102713,139,18,18,11,0,0
1637865834474,30,Small,200,OK,true,51510,138,18,18,17,0,0
1637865834372,147,Medium,200,OK,true,307513,139,18,18,9,0,0
1637865834520,15,Small,200,OK,true,51511,138,18,18,7,0,0
1637865834295,243,Large,200,OK,true,1048891,137,18,18,9,0,0
1637865834404,135,Medium-Large,200,OK,true,512313,139,18,18,9,0,0
1637865834520,25,Small,200,OK,true,51511,138,18,18,9,0,0
1637865834538,17,Small,200,OK,true,51511,138,18,18,8,0,0
1637865834545,19,Small,200,OK,true,51510,138,18,18,10,0,0
1637865834306,270,Large,200,OK,true,1048891,137,18,18,9,0,0
1637865833134,1442,Large,200,OK,true,1048891,137,18,18,10,0,0
1637865834442,144,Medium-Large,200,OK,true,512313,139,18,18,8,0,0
1637865834335,271,Large,200,OK,true,1048891,137,18,18,10,0,0
1637865834351,257,Large,200,OK,true,1048891,137,18,18,10,0,0
1637865834539,74,Medium,200,OK,true,307513,139,18,18,9,0,0
1637865834592,24,Small-Medium,200,OK,true,102713,139,18,18,9,0,0
1637865834539,78,Medium,200,OK,true,307513,139,18,18,13,0,0
1637865834586,33,Small-Medium,200,OK,true,102713,139,18,18,9,0,0
1637865834514,111,Medium-Large,200,OK,true,512313,139,18,18,8,0,0
1637865834610,18,Small,200,OK,true,51511,138,18,18,9,0,0
1637865834576,78,Medium,200,OK,true,307513,139,18,18,8,0,0
1637865834606,70,Medium,200,OK,true,307513,139,18,18,7,0,0
1637865834608,81,Medium,200,OK,true,307513,139,18,18,11,0,0
1637865834289,404,Medium,200,OK,true,307513,139,18,18,9,0,0
1637865834618,78,Medium,200,OK,true,307513,139,18,18,7,0,0
1637865834613,90,Medium,200,OK,true,307513,139,18,18,8,0,0
1637865834678,35,Small-Medium,200,OK,true,102713,139,18,18,8,0,0
1637865834618,103,Medium,200,OK,true,307512,139,18,18,13,0,0
1637865834690,35,Small-Medium,200,OK,true,102713,139,18,18,10,0,0
1637865834418,311,Large,200,OK,true,1048891,137,18,18,9,0,0
1637865834696,34,Small-Medium,200,OK,true,102713,139,18,18,9,0,0
1637865834658,84,Medium,200,OK,true,307513,139,18,18,9,0,0
1637865834654,114,Medium-Large,200,OK,true,512313,139,18,18,8,0,0
1637865834273,497,Large,200,OK,true,1048891,137,18,18,8,0,0
1637865834310,465,Large,200,OK,true,1048891,137,18,18,9,0,0
1637865833870,908,Large,200,OK,true,1048891,137,18,18,8,0,0
1637865834703,76,Medium,200,OK,true,307513,139,18,18,8,0,0
1637865834762,26,Small,200,OK,true,51511,138,18,18,9,0,0
1637865834779,18,Small,200,OK,true,51511,138,18,18,10,0,0
1637865834682,128,Medium-Large,200,OK,true,512313,139,18,18,9,0,0
1637865834768,88,Medium,200,OK,true,307513,139,18,18,10,0,0
1637865834272,588,Large,200,OK,true,1048890,137,18,18,7,0,0
1637865834625,246,Large,200,OK,true,1048891,137,18,18,9,0,0
1637865834856,18,Small,200,OK,true,51511,138,18,18,9,0,0
1637865834742,142,Medium-Large,200,OK,true,512313,139,18,18,8,0,0
1637865834872,26,Small,200,OK,true,51511,138,18,18,8,0,0
1637865834860,46,Small,200,OK,true,51510,138,18,18,11,0,0
1637865834749,158,Medium-Large,200,OK,true,512313,139,18,18,9,0,0
1637865834776,147,Medium,200,OK,true,307513,139,18,18,9,0,0
1637865834851,80,Medium,200,OK,true,307513,139,18,18,9,0,0
1637865834834,114,Medium-Large,200,OK,true,512313,139,18,18,8,0,0
1637865834810,141,Medium-Large,200,OK,true,512313,139,18,18,10,0,0
1637865834884,90,Medium,200,OK,true,307513,139,18,18,9,0,0
1637865834721,254,Large,200,OK,true,1048890,137,18,18,8,0,0
1637865834664,315,Large,200,OK,true,1048891,137,18,18,12,0,0
1637865834974,37,Small-Medium,200,OK,true,102713,139,18,18,8,0,0
1637865834975,44,Small-Medium,200,OK,true,102712,139,18,18,8,0,0
1637865834948,84,Medium,200,OK,true,307513,139,18,18,10,0,0
1637865834591,453,Large,200,OK,true,1048891,137,18,18,13,0,0
1637865834928,137,Medium-Large,200,OK,true,512313,139,18,18,7,0,0
1637865834769,298,Large,200,OK,true,1048891,137,18,18,13,0,0
1637865835046,26,Small,200,OK,true,51511,138,18,18,9,0,0
1637865834923,150,Medium,200,OK,true,307513,139,18,18,10,0,0
1637865834931,150,Medium-Large,200,OK,true,512313,139,18,18,7,0,0
1637865834729,359,Large,200,OK,true,1048891,137,18,18,8,0,0
1637865834951,147,Medium-Large,200,OK,true,512313,139,18,18,23,0,0
1637865834979,133,Medium-Large,200,OK,true,512313,139,18,18,6,0,0
1637865835098,25,Small,200,OK,true,51511,138,18,18,9,0,0
1637865835112,19,Small,200,OK,true,51511,138,18,18,8,0,0
1637865835073,62,Small-Medium,200,OK,true,102713,139,18,18,9,0,0
1637865835032,128,Medium-Large,200,OK,true,512313,139,18,18,10,0,0
1637865835146,49,Small-Medium,200,OK,true,102713,139,18,18,10,0,0
1637865834907,291,Large,200,OK,true,1048891,137,18,18,9,0,0
1637865835068,132,Medium-Large,200,OK,true,512313,139,18,18,8,0,0
1637865835081,125,Medium-Large,200,OK,true,512313,139,18,18,8,0,0
1637865835170,36,Small-Medium,200,OK,true,102713,139,18,18,11,0,0
1637865835065,143,Medium-Large,200,OK,true,512312,139,18,18,9,0,0
1637865834944,287,Large,200,OK,true,1048891,137,18,18,10,0,0
1637865835198,34,Small-Medium,200,OK,true,102713,139,18,18,8,0,0
1637865835217,34,Small,200,OK,true,51510,138,18,18,9,0,0
1637865834770,507,Large,200,OK,true,1048891,137,18,18,9,0,0
1637865835160,123,Medium-Large,200,OK,true,512313,139,18,18,7,0,0
1637865834576,710,Medium-Large,200,OK,true,512313,139,18,18,14,0,0
1637865835047,253,Large,200,OK,true,1048855,137,18,18,10,0,0
1637865834778,535,Medium-Large,200,OK,true,512313,139,18,18,9,0,0
1637865835206,115,Medium-Large,200,OK,true,512313,139,18,18,8,0,0
1637865835277,55,Small-Medium,200,OK,true,102713,139,18,18,10,0,0
1637865835208,151,Medium-Large,200,OK,true,512312,139,18,18,10,0,0
1637865835284,84,Medium,200,OK,true,307513,139,18,18,9,0,0
1637865835118,267,Large,200,OK,true,1048891,137,18,18,10,0,0
1637865835241,148,Medium-Large,200,OK,true,512313,139,18,18,10,0,0
1637865835300,96,Small,200,OK,true,51512,138,18,18,28,0,9
1637865835313,99,Small-Medium,200,OK,true,102713,139,18,18,10,0,0
1637865835270,155,Medium-Large,200,OK,true,512313,139,18,18,10,0,0
1637865835088,338,Large,200,OK,true,1048891,137,18,18,9,0,0
1637865835321,122,Medium-Large,200,OK,true,512313,139,18,18,9,0,0
1637865835200,287,Large,200,OK,true,1048891,137,18,18,9,0,0
1637865835232,281,Large,200,OK,true,1048891,137,18,18,7,0,0
1637865835359,158,Medium-Large,200,OK,true,512312,139,18,18,9,0,0
1637865835044,476,Large,200,OK,true,1048891,137,18,18,8,0,0
1637865835488,33,Small-Medium,200,OK,true,102713,139,18,18,9,0,0
1637865835389,132,Medium-Large,200,OK,true,512313,139,18,18,7,0,0
1637865835368,155,Medium-Large,200,OK,true,512313,139,18,18,9,0,0
1637865835426,98,Medium,200,OK,true,307513,139,18,18,8,0,0
1637865835184,341,Large,200,OK,true,1048891,137,18,18,9,0,0
1637865835385,144,Medium-Large,200,OK,true,512313,139,18,18,9,0,0
1637865835517,13,Small,200,OK,true,51510,138,18,18,6,0,0
1637865835520,23,Small,200,OK,true,51511,138,18,18,7,0,0
1637865835523,68,Medium,200,OK,true,307513,139,18,18,8,0,0
1637865835525,86,Medium,200,OK,true,307513,139,18,18,11,0,0
1637865835589,28,Small-Medium,200,OK,true,102712,139,18,18,8,0,0
1637865835426,192,Medium-Large,200,OK,true,512313,139,18,18,10,0,0
1637865835513,119,Medium-Large,200,OK,true,512313,139,18,18,7,0,0
1637865835349,292,Medium-Large,200,OK,true,512313,139,18,18,9,0,0
1637865835529,113,Medium-Large,200,OK,true,512313,139,18,18,10,0,0
1637865835612,31,Small-Medium,200,OK,true,102713,139,18,18,8,0,0
1637865835592,53,Small-Medium,200,OK,true,102713,139,18,18,9,0,0
1637865834932,714,Large,200,OK,true,1048890,137,18,18,10,0,0
1637865835618,30,Small,200,OK,true,51511,138,18,18,9,0,0
1637865835632,18,Small-Medium,200,OK,true,102713,139,18,18,9,0,0
1637865835524,135,Medium-Large,200,OK,true,512313,139,18,18,10,0,0
1637865835660,15,Small,200,OK,true,51511,138,18,18,7,0,0
1637865835661,15,Small,200,OK,true,51510,138,18,18,8,0,0
1637865835412,270,Medium,200,OK,true,307513,139,18,18,9,0,0
1637865835641,44,Small-Medium,200,OK,true,102713,139,18,18,7,0,0
1637865835443,270,Large,200,OK,true,1048891,137,18,18,9,0,0
1637865835596,121,Medium-Large,200,OK,true,512313,139,18,18,10,0,0
1637865835288,457,Large,200,OK,true,1048890,137,18,18,9,0,0
1637865835522,229,Large,200,OK,true,1048891,137,18,18,6,0,0
1637865835733,29,Small-Medium,200,OK,true,102712,139,18,18,10,0,0
1637865835642,133,Medium-Large,200,OK,true,512313,139,18,18,8,0,0
1637865835704,88,Medium,200,OK,true,307513,139,18,18,8,0,0
1637865835560,243,Large,200,OK,true,1048891,137,18,18,9,0,0
1637865835691,117,Medium,200,OK,true,307513,139,18,18,9,0,0
1637865835683,145,Medium-Large,200,OK,true,512313,139,18,18,8,0,0
1637865835752,80,Medium,200,OK,true,307513,139,18,18,8,0,0
1637865835803,32,Small-Medium,200,OK,true,102713,139,18,18,8,0,0
1637865835647,195,Medium,200,OK,true,307512,139,18,18,10,0,0
1637865835396,475,Large,200,OK,true,1048891,137,18,18,10,0,0
1637865835732,140,Medium-Large,200,OK,true,512313,139,18,18,10,0,0
1637865835792,86,Medium,200,OK,true,307513,139,18,18,9,0,0
1637865835717,173,Medium-Large,200,OK,true,512313,139,18,18,10,0,0
1637865835871,27,Small-Medium,200,OK,true,102713,139,18,18,7,0,0
1637865835890,18,Small,200,OK,true,51511,138,18,18,10,0,0
1637865834693,1229,Large,200,OK,true,1048891,137,18,18,10,0,0
1637865835808,120,Medium,200,OK,true,307513,139,18,18,8,0,0
1637865835775,176,Medium-Large,200,OK,true,512313,139,18,18,9,0,0
1637865835713,244,Medium-Large,200,OK,true,512313,139,18,18,8,0,0
1637865835875,90,Medium,200,OK,true,307513,139,18,18,7,0,0
1637865835951,16,Small,200,OK,true,51510,138,18,18,8,0,0
1637865835832,138,Medium-Large,200,OK,true,512313,139,18,18,9,0,0
1637865835829,143,Medium-Large,200,OK,true,512313,139,18,18,9,0,0
1637865835922,53,Small,200,OK,true,51511,138,18,18,23,0,0
1637865835928,62,Small-Medium,200,OK,true,102713,139,18,18,16,0,0
1637865835965,27,Small-Medium,200,OK,true,102713,139,18,18,9,0,0
1637865835962,35,Small-Medium,200,OK,true,102713,139,18,18,9,0,0
1637865835745,254,Medium-Large,200,OK,true,512312,139,18,18,10,0,0
1637865835972,33,Small-Medium,200,OK,true,102713,139,18,18,10,0,0
1637865835713,293,Large,200,OK,true,1048891,137,18,18,10,0,0
1637865835873,135,Medium-Large,200,OK,true,512313,139,18,18,7,0,0
1637865836006,25,Small-Medium,200,OK,true,102713,139,18,18,8,0,0
1637865835970,65,Medium,200,OK,true,307513,139,18,18,10,0,0
1637865836024,19,Small,200,OK,true,51510,138,18,18,10,0,0
1637865835682,375,Medium-Large,200,OK,true,512313,139,18,18,7,0,0
1637865835806,255,Large,200,OK,true,1048890,137,18,18,7,0,0
1637865836033,31,Small-Medium,200,OK,true,102713,139,18,18,10,0,0
1637865836045,23,Small,200,OK,true,51511,138,18,18,7,0,0
1637865836042,29,Small-Medium,200,OK,true,102713,139,18,18,7,0,0
1637865835664,407,Large,200,OK,true,1048891,137,18,18,8,0,0
1637865836062,29,Small-Medium,200,OK,true,102712,139,18,18,8,0,0
1637865835957,137,Medium,200,OK,true,307513,139,18,18,10,0,0
1637865836037,72,Medium,200,OK,true,307513,139,18,18,8,0,0
1637865835878,244,Large,200,OK,true,1048891,137,18,18,9,0,0
1637865836096,27,Small-Medium,200,OK,true,102712,139,18,18,8,0,0
1637865836008,115,Medium-Large,200,OK,true,512313,139,18,18,7,0,0
1637865836000,129,Medium-Large,200,OK,true,512313,139,18,18,7,0,0
1637865836109,26,Small-Medium,200,OK,true,102713,139,18,18,14,0,0
1637865836123,27,Small-Medium,200,OK,true,102713,139,18,18,9,0,0
1637865836071,87,Medium,200,OK,true,307513,139,18,18,7,0,0
1637865836078,84,Medium,200,OK,true,307513,139,18,18,12,0,0
1637865835999,170,Medium-Large,200,OK,true,512312,139,18,18,7,0,0
1637865835944,232,Large,200,OK,true,1048891,137,18,18,8,0,0
1637865836123,73,Medium,200,OK,true,307513,139,18,18,8,0,0
1637865836114,85,Medium,200,OK,true,307513,139,18,18,8,0,0
1637865836169,35,Small-Medium,200,OK,true,102712,139,18,18,9,0,0
1637865836181,27,Small,200,OK,true,51511,138,18,18,9,0,0
1637865836135,75,Medium,200,OK,true,307477,139,18,18,9,0,0
1637865836158,53,Small-Medium,200,OK,true,102713,139,18,18,8,0,0
1637865836176,35,Small-Medium,200,OK,true,102713,139,18,18,7,0,0
1637865836130,90,Medium,200,OK,true,307513,139,18,18,9,0,0
1637865836199,23,Small,200,OK,true,51511,138,18,18,10,0,0
1637865836197,30,Small-Medium,200,OK,true,102713,139,18,18,9,0,0
1637865836162,70,Medium,200,OK,true,307513,139,18,18,9,0,0
1637865836220,19,Small-Medium,200,OK,true,102713,139,18,18,7,0,0
1637865836057,185,Medium,200,OK,true,307513,139,18,18,8,0,0
1637865836231,21,Small,200,OK,true,51511,138,18,18,6,0,0
1637865836123,130,Medium-Large,200,OK,true,512313,139,18,18,11,0,0
1637865836235,21,Small-Medium,200,OK,true,102713,139,18,18,8,0,0
1637865836254,17,Small,200,OK,true,51511,138,18,18,9,0,0
1637865836248,28,Small-Medium,200,OK,true,102713,139,18,18,7,0,0
1637865836211,74,Medium,200,OK,true,307514,139,18,18,14,0,7
1637865836285,17,Small-Medium,200,OK,true,102713,139,18,18,8,0,0
1637865835994,326,Medium,200,OK,true,307513,139,18,18,8,0,0
1637865836105,227,Large,200,OK,true,1048891,137,18,18,8,0,0
1637865836292,49,Small-Medium,200,OK,true,102713,139,18,18,8,0,0
1637865836271,78,Medium,200,OK,true,307513,139,18,18,6,0,0
1637865835842,533,Large,200,OK,true,1048890,137,18,18,10,0,0
1637865836269,113,Medium-Large,200,OK,true,512313,139,18,18,8,0,0
1637865836364,74,Small-Medium,200,OK,true,102713,139,18,18,12,0,0
1637865836188,254,Large,200,OK,true,1048891,137,18,18,11,0,0
1637865836358,89,Medium,200,OK,true,307513,139,18,18,10,0,0
1637865836375,85,Small-Medium,200,OK,true,102677,139,18,18,10,0,0
1637865836308,154,Medium-Large,200,OK,true,512313,139,18,18,9,0,0
1637865836439,27,Small,200,OK,true,51511,138,18,18,8,0,0
1637865836168,299,Large,200,OK,true,1048890,137,18,18,8,0,0
1637865836447,20,Small,200,OK,true,51511,138,18,18,12,0,0
1637865836333,135,Medium-Large,200,OK,true,512313,139,18,18,9,0,0
1637865836325,148,Medium-Large,200,OK,true,512313,139,18,18,9,0,0
1637865836349,138,Medium-Large,200,OK,true,512313,139,18,18,7,0,0
1637865836467,32,Small-Medium,200,OK,true,102712,139,18,18,7,0,0
1637865835287,1228,Large,200,OK,true,1048891,137,18,18,9,0,0
1637865836253,274,Large,200,OK,true,1048891,137,18,18,7,0,0
1637865836095,438,Large,200,OK,true,1048891,137,18,18,7,0,0
1637865836463,73,Medium,200,OK,true,307513,139,18,18,8,0,0
1637865836469,76,Medium,200,OK,true,307513,139,18,18,9,0,0
1637865836473,75,Medium,200,OK,true,307513,139,18,18,7,0,0
1637865836539,26,Small,200,OK,true,51510,138,18,18,8,0,0
1637865836536,35,Small-Medium,200,OK,true,102713,139,18,18,8,0,0
1637865836460,150,Small-Medium,200,OK,true,102714,139,19,19,16,0,9
1637865836545,82,Medium,200,OK,true,307512,139,19,19,10,0,0
1637865836611,20,Small,200,OK,true,51510,138,19,19,12,0,0
1637865836519,119,Medium-Large,200,OK,true,512313,139,19,19,10,0,0
1637865836607,33,Small-Medium,200,OK,true,102713,139,19,19,8,0,0
1637865836487,154,Medium-Large,200,OK,true,512313,139,19,19,9,0,0
1637865836515,134,Small-Medium,200,OK,true,102713,139,19,19,10,0,0
1637865836382,269,Large,200,OK,true,1048891,137,19,19,9,0,0
1637865836320,334,Large,200,OK,true,1048891,137,19,19,10,0,0
1637865836641,25,Small,200,OK,true,51511,138,19,19,9,0,0
1637865836654,15,Small,200,OK,true,51511,138,19,19,8,0,0
1637865836243,433,Medium-Large,200,OK,true,512313,139,19,19,8,0,0
1637865836240,468,Large,200,OK,true,1048890,137,19,19,8,0,0
1637865836687,23,Small,200,OK,true,51510,138,19,19,15,0,0
1637865836442,270,Large,200,OK,true,1048891,137,19,19,8,0,0
1637865836579,140,Small-Medium,200,OK,true,102714,139,19,19,17,0,9
1637865836652,71,Medium,200,OK,true,307513,139,19,19,7,0,0
1637865836676,73,Small-Medium,200,OK,true,102713,139,19,19,8,0,0
1637865836638,121,Medium-Large,200,OK,true,512313,139,19,19,10,0,0
1637865836730,33,Small-Medium,200,OK,true,102713,139,19,19,9,0,0
1637865836304,462,Large,200,OK,true,1048891,137,19,19,7,0,0
1637865836719,56,Small-Medium,200,OK,true,102713,139,19,19,11,0,0
1637865836763,22,Small,200,OK,true,51510,138,19,19,10,0,0
1637865836649,138,Small-Medium,200,OK,true,102713,139,19,19,10,0,0
1637865836684,105,Medium,200,OK,true,307513,139,19,19,16,0,0
1637865836533,256,Medium-Large,200,OK,true,512313,139,19,19,9,0,0
1637865836527,264,Large,200,OK,true,1048891,137,19,19,8,0,0
1637865836610,195,Medium-Large,200,OK,true,512313,139,19,19,10,0,0
1637865836791,16,Small,200,OK,true,51511,138,19,19,7,0,0
1637865836753,57,Small,200,OK,true,51511,138,19,19,7,0,0
1637865836789,24,Small,200,OK,true,51511,138,19,19,7,0,0
1637865836766,51,Small-Medium,200,OK,true,102712,139,19,19,10,0,0
1637865836548,270,Large,200,OK,true,1048891,137,19,19,10,0,0
1637865836759,74,Medium,200,OK,true,307513,139,19,19,8,0,0
1637865836806,32,Small-Medium,200,OK,true,102713,139,19,19,9,0,0
1637865836709,141,Medium,200,OK,true,307512,139,19,19,9,0,0
1637865836321,538,Medium-Large,200,OK,true,512313,139,19,19,9,0,0
1637865836836,24,Small-Medium,200,OK,true,102713,139,19,19,7,0,0
1637865836839,25,Small-Medium,200,OK,true,102677,139,19,19,9,0,0
1637865836511,360,Large,200,OK,true,1048891,137,19,19,10,0,0
1637865836828,46,Small,200,OK,true,51511,138,19,19,9,0,0
1637865836627,250,Large,200,OK,true,1048890,137,19,19,10,0,0
1637865836867,35,Small-Medium,200,OK,true,102713,139,19,19,8,0,0
1637865836877,36,Small-Medium,200,OK,true,102712,139,19,19,9,0,0
1637865836859,59,Small,200,OK,true,51511,138,19,19,8,0,0
1637865836911,16,Small,200,OK,true,51511,138,19,19,8,0,0
1637865836818,119,Medium-Large,200,OK,true,512313,139,19,19,7,0,0
1637865836865,82,Medium,200,OK,true,307513,139,19,19,7,0,0
1637865836796,153,Medium,200,OK,true,307513,139,19,19,10,0,0
1637865836937,26,Small-Medium,200,OK,true,102713,139,19,19,8,0,0
1637865836942,35,Small,200,OK,true,51511,138,19,19,10,0,0
1637865836841,138,Medium,200,OK,true,307512,139,19,19,10,0,0
1637865836953,26,Small-Medium,200,OK,true,102712,139,19,19,8,0,0
1637865836712,267,Large,200,OK,true,1048891,137,19,19,9,0,0
1637865836805,174,Medium-Large,200,OK,true,512313,139,19,19,8,0,0
1637865836717,266,Large,200,OK,true,1048891,137,19,19,8,0,0
1637865836850,134,Medium,200,OK,true,307512,139,19,19,10,0,0
1637865836949,48,Small-Medium,200,OK,true,102713,139,19,19,10,0,0
1637865836728,272,Large,200,OK,true,1048891,137,19,19,9,0,0
1637865836979,25,Small,200,OK,true,51511,138,19,19,8,0,0
1637865836985,48,Small-Medium,200,OK,true,102712,139,19,19,7,0,0
1637865836789,249,Medium-Large,200,OK,true,512313,139,19,19,7,0,0
1637865836936,104,Small-Medium,200,OK,true,102713,139,19,19,8,0,0
1637865837019,22,Small,200,OK,true,51511,138,19,19,10,0,0
1637865837013,28,Small,200,OK,true,51511,138,19,19,8,0,0
1637865836915,154,Medium,200,OK,true,307514,139,19,19,17,0,9
1637865837038,43,Small,200,OK,true,51511,138,19,19,10,0,0
1637865837025,62,Small-Medium,200,OK,true,102713,139,19,19,9,0,0
1637865836979,123,Medium-Large,200,OK,true,512313,139,19,19,7,0,0
1637865837095,18,Small,200,OK,true,51511,138,19,19,9,0,0
1637865837001,130,Medium-Large,200,OK,true,512313,139,19,19,9,0,0
1637865837029,103,Medium,200,OK,true,307512,139,19,19,9,0,0
1637865837114,36,Small,200,OK,true,51511,138,19,19,9,0,0
1637865837131,27,Small,200,OK,true,51511,138,19,19,10,0,0
1637865837069,92,Medium,200,OK,true,307513,139,19,19,11,0,0
1637865836882,283,Large,200,OK,true,1048891,137,19,19,20,0,0
1637865837103,79,Medium,200,OK,true,307513,139,19,19,9,0,0
1637865836871,313,Large,200,OK,true,1048891,137,19,19,8,0,0
1637865837056,139,Medium,200,OK,true,307513,139,19,19,10,0,0
1637865836979,216,Medium-Large,200,OK,true,512312,139,19,19,6,0,0
1637865836948,259,Large,200,OK,true,1048890,137,19,19,8,0,0
1637865837183,27,Small-Medium,200,OK,true,102713,139,19,19,7,0,0
1637865837207,17,Small,200,OK,true,51510,138,19,19,9,0,0
1637865837209,16,Small,200,OK,true,51511,138,19,19,8,0,0
1637865837089,137,Medium-Large,200,OK,true,512313,139,19,19,10,0,0
1637865836983,252,Large,200,OK,true,1048891,137,19,19,6,0,0
1637865836987,252,Large,200,OK,true,1048891,137,19,19,9,0,0
1637865837196,43,Small-Medium,200,OK,true,102713,139,19,19,9,0,0
1637865837196,51,Small-Medium,200,OK,true,102712,139,19,19,9,0,0
1637865837235,27,Small-Medium,200,OK,true,102713,139,19,19,9,0,0
1637865836904,366,Medium-Large,200,OK,true,512313,139,19,19,8,0,0
1637865837061,233,Medium-Large,200,OK,true,512277,139,19,19,10,0,0
1637865837283,17,Small,200,OK,true,51510,138,19,19,9,0,0
1637865837272,35,Small,200,OK,true,51510,138,19,19,10,0,0
1637865837165,147,Medium-Large,200,OK,true,512313,139,19,19,10,0,0
1637865837226,119,Medium-Large,200,OK,true,512313,139,19,19,8,0,0
1637865837312,36,Small-Medium,200,OK,true,102713,139,19,19,10,0,0
1637865837101,265,Medium-Large,200,OK,true,512313,139,19,19,9,0,0
1637865837345,26,Small-Medium,200,OK,true,102713,139,19,19,9,0,0
1637865837040,334,Medium,200,OK,true,307513,139,19,19,10,0,0
1637865837132,256,Large,200,OK,true,1048890,137,19,19,10,0,0
1637865837367,25,Small,200,OK,true,51511,138,19,19,8,0,0
1637865837170,256,Large,200,OK,true,1048891,137,19,19,10,0,0
1637865837374,66,Small,200,OK,true,51511,138,19,19,11,0,0
1637865837189,252,Medium-Large,200,OK,true,512313,139,19,19,9,0,0
1637865836787,666,Medium-Large,200,OK,true,512313,139,19,19,7,0,0
1637865837294,170,Small-Medium,200,OK,true,102714,139,19,19,17,0,10
1637865837443,27,Small,200,OK,true,51511,138,19,19,9,0,0
1637865837441,34,Small,200,OK,true,51511,138,19,19,10,0,0
1637865837161,330,Large,200,OK,true,1048891,137,19,19,9,0,0
1637865837259,241,Large,200,OK,true,1048891,137,19,19,8,0,0
1637865837239,264,Large,200,OK,true,1048891,137,19,19,9,0,0
1637865837359,148,Medium-Large,200,OK,true,512312,139,19,19,8,0,0
1637865837491,20,Small,200,OK,true,51511,138,19,19,10,0,0
1637865837504,17,Small,200,OK,true,51511,138,19,19,9,0,0
1637865837422,121,Medium-Large,200,OK,true,512313,139,19,19,9,0,0
1637865837518,27,Small,200,OK,true,51511,138,19,19,8,0,0
1637865837388,160,Medium-Large,200,OK,true,512312,139,19,19,19,0,0
1637865837500,70,Medium,200,OK,true,307513,139,19,19,11,0,0
1637865837427,143,Medium-Large,200,OK,true,512313,139,19,19,10,0,0
1637865837450,120,Small-Medium,200,OK,true,102713,139,19,19,9,0,0
1637865837284,287,Large,200,OK,true,1048891,137,19,19,9,0,0
1637865837543,29,Small-Medium,200,OK,true,102713,139,19,19,9,0,0
1637865837184,399,Large,200,OK,true,1048891,137,19,19,8,0,0
1637865837453,135,Small-Medium,200,OK,true,102713,139,19,19,9,0,0
1637865837570,23,Small,200,OK,true,51511,138,19,19,11,0,0
1637865837507,86,Medium,200,OK,true,307512,139,19,19,9,0,0
1637865837312,283,Large,200,OK,true,1048891,137,19,19,8,0,0
1637865837569,36,Small-Medium,200,OK,true,102713,139,19,19,9,0,0
1637865837594,16,Small,200,OK,true,51510,138,19,19,8,0,0
1637865837595,34,Small-Medium,200,OK,true,102713,139,19,19,9,0,0
1637865837594,50,Small-Medium,200,OK,true,102713,139,19,19,9,0,0
1637865837578,72,Medium,200,OK,true,307513,139,19,19,13,0,0
1637865837571,81,Medium,200,OK,true,307513,139,19,19,15,0,0
1637865837620,32,Small-Medium,200,OK,true,102713,139,19,19,8,0,0
1637865837387,282,Large,200,OK,true,1048891,137,19,19,21,0,0
1637865837653,16,Small,200,OK,true,51511,138,19,19,8,0,0
1637865837519,152,Medium,200,OK,true,307513,139,19,19,10,0,0
1637865837583,91,Medium,200,OK,true,307513,139,19,19,11,0,0
1637865837670,17,Small,200,OK,true,51510,138,19,19,8,0,0
1637865837580,109,Medium-Large,200,OK,true,512313,139,19,19,9,0,0
1637865837669,27,Small-Medium,200,OK,true,102713,139,19,19,8,0,0
1637865837675,25,Small,200,OK,true,51511,138,19,19,9,0,0
1637865837689,14,Small,200,OK,true,51511,138,19,19,8,0,0
1637865837671,33,Small,200,OK,true,51511,138,19,19,10,0,0
1637865837272,434,Large,200,OK,true,1048891,137,19,19,9,0,0
1637865837465,246,Medium,200,OK,true,307513,139,19,19,9,0,0
1637865837642,71,Medium,200,OK,true,307513,139,19,19,8,0,0
1637865837696,27,Small-Medium,200,OK,true,102713,139,19,19,7,0,0
1637865837652,75,Medium,200,OK,true,307513,139,19,19,8,0,0
1637865837727,16,Small,200,OK,true,51511,138,19,19,9,0,0
1637865837672,78,Medium,200,OK,true,307513,139,19,19,9,0,0
1637865837646,106,Medium-Large,200,OK,true,512313,139,19,19,8,0,0
1637865837548,205,Large,200,OK,true,1048890,137,19,19,7,0,0
1637865837347,410,Large,200,OK,true,1048890,137,19,19,10,0,0
1637865837751,18,Small,200,OK,true,51511,138,19,19,7,0,0
1637865837752,19,Small,200,OK,true,51511,138,19,19,8,0,0
1637865837753,25,Small,200,OK,true,51510,138,19,19,12,0,0
1637865837766,28,Small-Medium,200,OK,true,102713,139,19,19,7,0,0
1637865837757,39,Small-Medium,200,OK,true,102712,139,19,19,8,0,0
1637865837804,18,Small,200,OK,true,51511,138,19,19,7,0,0
1637865837751,77,Medium,200,OK,true,307513,139,19,19,7,0,0
1637865837828,16,Small,200,OK,true,51511,138,19,19,7,0,0
1637865837771,74,Medium,200,OK,true,307513,139,19,19,7,0,0
1637865837828,17,Small,200,OK,true,51511,138,19,19,7,0,0
1637865837570,283,Medium,200,OK,true,307513,139,19,19,16,0,0
1637865837746,125,Medium-Large,200,OK,true,512312,139,19,19,6,0,0
1637865837746,141,Medium-Large,200,OK,true,512313,139,19,19,7,0,0
1637865837887,15,Small,200,OK,true,51511,138,19,19,8,0,0
1637865837871,43,Small-Medium,200,OK,true,102712,139,19,19,16,0,0
1637865837904,16,Small,200,OK,true,51511,138,19,19,8,0,0
1637865837842,91,Medium,200,OK,true,307513,139,19,19,8,0,0
1637865837270,681,Large,200,OK,true,1048891,137,19,19,8,0,0
1637865837748,210,Medium-Large,200,OK,true,512313,139,19,19,8,0,0
1637865837729,240,Large,200,OK,true,1048891,137,19,19,8,0,0
1637865837947,22,Small,200,OK,true,51475,138,19,19,8,0,0
1637865837830,145,Medium-Large,200,OK,true,512277,139,19,19,7,0,0
1637865837719,257,Large,200,OK,true,1048891,137,19,19,7,0,0
1637865837847,133,Medium-Large,200,OK,true,512313,139,19,19,7,0,0
1637865837904,81,Medium,200,OK,true,307513,139,19,19,8,0,0
1637865837711,278,Medium-Large,200,OK,true,512313,139,19,19,6,0,0
1637865837980,18,Small,200,OK,true,51511,138,19,19,7,0,0
1637865837980,32,Small-Medium,200,OK,true,102713,139,19,19,8,0,0
1637865837706,317,Large,200,OK,true,1048891,137,19,19,7,0,0
1637865837933,92,Medium,200,OK,true,307513,139,19,19,7,0,0
1637865838025,16,Small,200,OK,true,51511,138,19,19,8,0,0
1637865838064,17,Small,200,OK,true,51511,138,19,19,8,0,0
1637865837827,258,Medium-Large,200,OK,true,512313,139,19,19,7,0,0
1637865837670,418,Large,200,OK,true,1048891,137,19,19,8,0,0
1637865837969,123,Medium-Large,200,OK,true,512313,139,19,19,7,0,0
1637865837964,131,Medium-Large,200,OK,true,512313,139,19,19,8,0,0
1637865837975,146,Medium-Large,200,OK,true,512314,139,19,19,15,0,8
1637865838093,31,Small-Medium,200,OK,true,102713,139,19,19,7,0,0
1637865837976,152,Medium-Large,200,OK,true,512313,139,19,19,8,0,0
1637865838086,44,Small-Medium,200,OK,true,102713,139,19,19,8,0,0
1637865838064,75,Medium,200,OK,true,307513,139,19,19,5,0,0
1637865837887,259,Large,200,OK,true,1048891,137,19,19,7,0,0
1637865838139,16,Small,200,OK,true,51511,138,19,19,8,0,0
1637865838147,16,Small,200,OK,true,51511,138,19,19,8,0,0
1637865838101,66,Medium,200,OK,true,307513,139,19,19,11,0,0
1637865837958,223,Medium-Large,200,OK,true,512313,139,19,19,8,0,0
1637865838121,71,Medium,200,OK,true,307513,139,19,19,8,0,0
1637865838128,70,Medium,200,OK,true,307513,139,19,19,8,0,0
1637865837853,351,Medium,200,OK,true,307513,139,19,19,7,0,0
1637865838095,116,Medium-Large,200,OK,true,512313,139,19,19,7,0,0
1637865838204,20,Small,200,OK,true,51511,138,19,19,9,0,0
1637865837832,395,Large,200,OK,true,1048890,137,19,19,7,0,0
1637865838088,144,Medium,200,OK,true,307513,139,19,19,8,0,0
1637865838211,26,Small-Medium,200,OK,true,102713,139,19,19,9,0,0
1637865837588,650,Medium-Large,200,OK,true,512313,139,19,19,10,0,0
1637865838181,57,Small-Medium,200,OK,true,102713,139,19,19,9,0,0
1637865838177,68,Medium,200,OK,true,307513,139,19,19,9,0,0
1637865837986,268,Large,200,OK,true,1048891,137,19,19,8,0,0
1637865838161,96,Medium,200,OK,true,307513,139,19,19,8,0,0
1637865838232,31,Small,200,OK,true,51511,138,19,19,9,0,0
1637865838255,18,Small,200,OK,true,51511,138,19,19,9,0,0
1637865838169,121,Medium-Large,200,OK,true,512313,139,19,19,9,0,0
1637865838215,79,Medium,200,OK,true,307513,139,19,19,9,0,0
1637865838222,79,Medium,200,OK,true,307513,139,19,19,9,0,0
1637865838258,43,Small-Medium,200,OK,true,102713,139,19,19,8,0,0
1637865838290,16,Small,200,OK,true,51511,138,19,19,9,0,0
1637865838204,109,Small-Medium,200,OK,true,102713,139,19,19,10,0,0
1637865838301,15,Small,200,OK,true,51511,138,19,19,7,0,0
1637865838287,32,Small-Medium,200,OK,true,102713,139,19,19,10,0,0
1637865838280,65,Medium,200,OK,true,307513,139,19,19,7,0,0
1637865837989,362,Medium-Large,200,OK,true,512313,139,19,19,8,0,0
1637865838023,360,Large,200,OK,true,1048891,137,19,19,8,0,0
1637865838132,251,Large,200,OK,true,1048891,137,19,19,8,0,0
1637865838383,25,Small,200,OK,true,51511,138,19,19,8,0,0
1637865838382,28,Small-Medium,200,OK,true,102713,139,19,19,9,0,0
1637865838364,46,Small-Medium,200,OK,true,102712,139,19,19,18,0,0
1637865838333,107,Medium,200,OK,true,307513,139,19,19,8,0,0
1637865838198,246,Large,200,OK,true,1048891,137,19,19,7,0,0
1637865838308,138,Medium,200,OK,true,307513,139,19,19,9,0,0
1637865838356,112,Medium,200,OK,true,307513,139,19,19,8,0,0
1637865838258,234,Medium-Large,200,OK,true,512313,139,19,19,8,0,0
1637865838366,138,Medium-Large,200,OK,true,512313,139,19,19,16,0,0
1637865838253,266,Large,200,OK,true,1048891,137,19,19,8,0,0
1637865838383,139,Medium-Large,200,OK,true,512313,139,19,19,11,0,0
1637865838439,90,Medium,200,OK,true,307512,139,19,19,8,0,0
1637865838529,18,Small,200,OK,true,51510,138,19,19,9,0,0
1637865838295,275,Large,200,OK,true,1048891,137,19,19,7,0,0
1637865838351,231,Medium,200,OK,true,307513,139,19,19,8,0,0
1637865838444,144,Medium-Large,200,OK,true,512313,139,19,19,8,0,0
1637865838570,29,Small-Medium,200,OK,true,102713,139,19,19,9,0,0
1637865838238,371,Medium,200,OK,true,307513,139,19,19,8,0,0
1637865838227,384,Large,200,OK,true,1048890,137,19,19,8,0,0
1637865838331,286,Large,200,OK,true,1048891,137,19,19,8,0,0
1637865838588,32,Small-Medium,200,OK,true,102713,139,19,19,9,0,0
1637865838469,151,Medium-Large,200,OK,true,512313,139,19,19,9,0,0
1637865837951,681,Large,200,OK,true,1048891,137,19,19,8,0,0
1637865838441,200,Medium-Large,200,OK,true,512313,139,19,19,10,0,0
1637865838617,25,Small-Medium,200,OK,true,102713,139,19,19,8,0,0
1637865838504,144,Medium-Large,200,OK,true,512312,139,19,19,11,0,0
1637865838519,131,Medium-Large,200,OK,true,512313,139,19,19,9,0,0
1637865838612,40,Small-Medium,200,OK,true,102677,139,19,19,8,0,0
1637865838522,133,Medium-Large,200,OK,true,512313,139,19,19,8,0,0
1637865838647,33,Small-Medium,200,OK,true,102713,139,19,19,7,0,0
1637865838650,35,Small-Medium,200,OK,true,102713,139,19,19,8,0,0
1637865838665,33,Small-Medium,200,OK,true,102713,139,19,19,9,0,0
1637865838632,71,Small-Medium,200,OK,true,102713,139,19,19,9,0,0
1637865838605,111,Medium-Large,200,OK,true,512312,139,19,19,8,0,0
1637865838641,88,Medium,200,OK,true,307513,139,19,19,8,0,0
1637865838453,282,Large,200,OK,true,1048891,137,19,19,10,0,0
1637865838655,80,Medium,200,OK,true,307513,139,19,19,9,0,0
1637865838023,714,Medium-Large,200,OK,true,512314,139,19,19,16,0,8
1637865838621,120,Medium-Large,200,OK,true,512313,139,19,19,8,0,0
1637865838609,135,Small-Medium,200,OK,true,102713,139,19,19,9,0,0
1637865838726,25,Small,200,OK,true,51511,138,19,19,8,0,0
1637865838736,19,Small,200,OK,true,51511,138,19,19,10,0,0
1637865838694,80,Medium,200,OK,true,307513,139,19,19,7,0,0
1637865838741,35,Small-Medium,200,OK,true,102713,139,19,19,9,0,0
1637865838774,17,Small,200,OK,true,51511,138,19,19,10,0,0
1637865838493,298,Medium-Large,200,OK,true,512313,139,19,19,8,0,0
1637865838721,83,Medium,200,OK,true,307513,139,19,19,8,0,0
1637865838804,17,Small,200,OK,true,51510,138,19,19,8,0,0
1637865838459,372,Large,200,OK,true,1048891,137,19,19,9,0,0
1637865838688,148,Medium-Large,200,OK,true,512314,139,19,19,16,0,8
1637865838716,124,Medium-Large,200,OK,true,512312,139,19,19,7,0,0
1637865838812,34,Small-Medium,200,OK,true,102713,139,19,19,8,0,0
1637865838836,39,Small-Medium,200,OK,true,102713,139,19,19,7,0,0
1637865838840,38,Small-Medium,200,OK,true,102712,139,19,19,10,0,0
1637865838729,155,Medium-Large,200,OK,true,512313,139,19,19,9,0,0
1637865838737,150,Small-Medium,200,OK,true,102713,139,19,19,9,0,0
1637865838648,266,Large,200,OK,true,1048890,137,19,19,8,0,0
1637865838708,224,Medium,200,OK,true,307513,139,19,19,9,0,0
1637865838446,487,Large,200,OK,true,1048891,137,19,19,8,0,0
1637865838915,26,Small,200,OK,true,51510,138,19,19,9,0,0
1637865838881,75,Medium,200,OK,true,307512,139,19,19,6,0,0
1637865838792,166,Medium,200,OK,true,307513,139,19,19,7,0,0
1637865838802,164,Medium-Large,200,OK,true,512313,139,19,19,8,0,0
1637865838957,25,Small,200,OK,true,51510,138,19,19,9,0,0
1637865838314,668,Medium-Large,200,OK,true,512313,139,19,19,8,0,0
1637865838966,17,Small,200,OK,true,51511,138,19,19,8,0,0
1637865838735,249,Large,200,OK,true,1048891,137,19,19,8,0,0
1637865838934,53,Small-Medium,200,OK,true,102713,139,19,19,9,0,0
1637865838889,99,Medium,200,OK,true,307513,139,19,19,10,0,0
1637865838741,258,Large,200,OK,true,1048891,137,19,19,11,0,0
1637865838999,28,Small-Medium,200,OK,true,102713,139,19,19,10,0,0
1637865839009,34,Small,200,OK,true,51511,138,19,19,8,0,0
1637865838884,173,Medium-Large,200,OK,true,512313,139,19,19,8,0,0
1637865838916,141,Medium-Large,200,OK,true,512312,139,19,19,9,0,0
1637865839043,34,Small-Medium,200,OK,true,102713,139,19,19,14,0,0
1637865839057,36,Small-Medium,200,OK,true,102712,139,19,19,10,0,0
1637865838984,115,Medium-Large,200,OK,true,512313,139,19,19,7,0,0
1637865838817,286,Large,200,OK,true,1048891,137,19,19,8,0,0
1637865839033,78,Medium,200,OK,true,307512,139,19,19,8,0,0
1637865839099,17,Small,200,OK,true,51511,138,19,19,9,0,0
1637865839111,17,Small,200,OK,true,51510,138,19,19,8,0,0
1637865839103,36,Small-Medium,200,OK,true,102713,139,19,19,11,0,0
1637865838850,295,Large,200,OK,true,1048891,137,19,19,10,0,0
1637865839057,95,Medium,200,OK,true,307513,139,19,19,9,0,0
1637865839119,34,Small-Medium,200,OK,true,102713,139,19,19,9,0,0
1637865839076,82,Medium,200,OK,true,307513,139,19,19,9,0,0
1637865838911,250,Large,200,OK,true,1048891,137,19,19,10,0,0
1637865839132,30,Small-Medium,200,OK,true,102712,139,19,19,8,0,0
1637865839158,13,Small,200,OK,true,51511,138,19,19,5,0,0
1637865839179,23,Small,200,OK,true,51511,138,19,19,7,0,0
1637865838991,226,Large,200,OK,true,1048890,137,19,19,8,0,0
1637865839145,73,Medium,200,OK,true,307513,139,19,19,8,0,0
1637865838988,234,Large,200,OK,true,1048891,137,19,19,8,0,0
1637865838831,402,Large,200,OK,true,1048891,137,19,19,8,0,0
1637865839161,88,Medium-Large,200,OK,true,512313,139,19,19,7,0,0
1637865839175,74,Medium,200,OK,true,307513,139,19,19,7,0,0
1637865838582,676,Large,200,OK,true,1048891,137,19,19,9,0,0
1637865839249,14,Small,200,OK,true,51511,138,19,19,7,0,0
1637865839255,25,Small-Medium,200,OK,true,102713,139,19,19,7,0,0
1637865839233,58,Small-Medium,200,OK,true,102713,139,19,19,10,0,0
1637865838982,319,Medium,200,OK,true,307513,139,19,19,8,0,0
1637865839188,126,Medium-Large,200,OK,true,512312,139,19,19,8,0,0
1637865839251,78,Medium,200,OK,true,307513,139,19,19,8,0,0
1637865839222,132,Medium-Large,200,OK,true,512313,139,19,19,10,0,0
1637865839217,139,Medium-Large,200,OK,true,512312,139,19,19,9,0,0
1637865839209,150,Medium-Large,200,OK,true,512277,139,19,19,9,0,0
1637865838745,629,Medium-Large,200,OK,true,512313,139,19,19,9,0,0
1637865839309,66,Small-Medium,200,OK,true,102713,139,19,19,8,0,0
1637865839354,28,Small,200,OK,true,51511,138,19,19,19,0,0
1637865839233,150,Medium-Large,200,OK,true,512313,139,19,19,10,0,0
1637865839326,64,Medium,200,OK,true,307513,139,19,19,8,0,0
1637865839402,27,Small-Medium,200,OK,true,102713,139,19,19,9,0,0
1637865839314,138,Medium-Large,200,OK,true,512312,139,19,19,10,0,0
1637865839329,133,Medium-Large,200,OK,true,512313,139,19,19,10,0,0
1637865839430,34,Small-Medium,200,OK,true,102713,139,19,19,8,0,0
1637865839452,18,Small,200,OK,true,51510,138,19,19,9,0,0
1637865838958,516,Large,200,OK,true,1048891,137,19,19,10,0,0
1637865839194,284,Large,200,OK,true,1048891,137,19,19,8,0,0
1637865839152,333,Large,200,OK,true,1048891,137,19,19,7,0,0
1637865839462,27,Small-Medium,200,OK,true,102713,139,19,19,11,0,0
1637865839356,135,Medium-Large,200,OK,true,512312,139,19,19,17,0,0
1637865839222,271,Large,200,OK,true,1048891,137,19,19,8,0,0
1637865839478,15,Small,200,OK,true,51511,138,19,19,8,0,0
1637865839478,16,Small,200,OK,true,51511,138,19,19,9,0,0
1637865839383,114,Medium-Large,200,OK,true,512313,139,19,19,8,0,0
1637865839485,21,Small-Medium,200,OK,true,102713,139,19,19,8,0,0
1637865839491,20,Small-Medium,200,OK,true,102712,139,19,19,7,0,0
1637865839359,154,Small-Medium,200,OK,true,102714,139,19,19,22,0,14
1637865839084,457,Large,200,OK,true,1048891,137,19,19,9,0,0
1637865839385,169,Medium-Large,200,OK,true,512313,139,19,19,10,0,0
1637865839513,45,Small-Medium,200,OK,true,102713,139,19,19,6,0,0
1637865839554,14,Small,200,OK,true,51511,138,19,19,5,0,0
1637865839554,15,Small,200,OK,true,51511,138,19,19,8,0,0
1637865839331,258,Large,200,OK,true,1048891,137,19,19,9,0,0
1637865839562,41,Small-Medium,200,OK,true,102713,139,19,19,9,0,0
1637865839589,17,Small,200,OK,true,51511,138,19,19,9,0,0
1637865839505,105,Medium-Large,200,OK,true,512313,139,19,19,6,0,0
1637865839610,24,Small-Medium,200,OK,true,102713,139,19,19,8,0,0
1637865839528,124,Medium-Large,200,OK,true,512312,139,19,19,7,0,0
1637865839554,102,Medium,200,OK,true,307513,139,19,19,8,0,0
1637865839630,28,Small-Medium,200,OK,true,102713,139,19,19,12,0,0
1637865839589,72,Medium,200,OK,true,307513,139,19,19,10,0,0
1637865839474,194,Medium-Large,200,OK,true,512313,139,19,19,8,0,0
1637865839656,24,Small,200,OK,true,51511,138,19,19,7,0,0
1637865839665,24,Small-Medium,200,OK,true,102713,139,19,19,9,0,0
1637865839374,325,Medium,200,OK,true,307513,139,19,19,8,0,0
1637865839665,34,Small-Medium,200,OK,true,102713,139,19,19,11,0,0
1637865839630,74,Medium,200,OK,true,307513,139,19,19,10,0,0
1637865839493,218,Large,200,OK,true,1048891,137,19,19,7,0,0
1637865839497,229,Large,200,OK,true,1048891,137,19,19,7,0,0
1637865839638,91,Medium,200,OK,true,307513,139,19,19,12,0,0
1637865839706,24,Small-Medium,200,OK,true,102713,139,19,19,7,0,0
1637865839729,18,Small,200,OK,true,51511,138,19,19,8,0,0
1637865839732,17,Small,200,OK,true,51511,138,19,19,9,0,0
1637865839726,34,Small-Medium,200,OK,true,102713,139,19,19,9,0,0
1637865839539,248,Large,200,OK,true,1048891,137,19,19,15,0,0
1637865839782,33,Small-Medium,200,OK,true,102713,139,19,19,8,0,0
1637865839567,248,Large,200,OK,true,1048890,137,19,19,9,0,0
1637865838932,885,Large,200,OK,true,1048891,137,19,19,9,0,0
1637865839741,79,Medium,200,OK,true,307513,139,19,19,8,0,0
1637865839803,25,Small,200,OK,true,51511,138,19,19,8,0,0
1637865839805,45,Small-Medium,200,OK,true,102713,139,19,19,9,0,0
1637865839652,241,Large,200,OK,true,1048855,137,19,19,7,0,0
1637865839858,38,Small-Medium,200,OK,true,102713,139,19,19,11,0,0
1637865839258,645,Large,200,OK,true,1048891,137,19,19,9,0,0
1637865839878,36,Small-Medium,200,OK,true,102713,139,19,19,14,0,0
1637865839668,271,Medium-Large,200,OK,true,512313,139,19,19,9,0,0
1637865839706,235,Large,200,OK,true,1048891,137,19,19,9,0,0
1637865839687,259,Large,200,OK,true,1048891,137,19,19,9,0,0
1637865839542,460,Large,200,OK,true,1048891,137,19,19,12,0,0
1637865839939,71,Small-Medium,200,OK,true,102713,139,19,19,9,0,0
1637865839712,302,Large,200,OK,true,1048891,137,19,19,10,0,0
1637865840014,38,Small,200,OK,true,51511,138,19,19,11,0,0
1637865839893,159,Medium,200,OK,true,307513,139,19,19,8,0,0
1637865840015,41,Small,200,OK,true,51511,138,19,19,13,0,0
1637865839818,239,Medium,200,OK,true,307513,139,19,19,8,0,0
1637865839741,329,Large,200,OK,true,1048891,137,19,19,10,0,0
1637865839788,302,Large,200,OK,true,1048891,137,19,19,8,0,0
1637865839933,161,Medium-Large,200,OK,true,512313,139,19,19,8,0,0
1637865839946,176,Medium-Large,200,OK,true,512313,139,19,19,10,0,0
1637865839815,309,Large,200,OK,true,1048890,137,19,19,7,0,0
1637865839903,228,Medium,200,OK,true,307513,139,19,19,8,0,0
1637865840122,17,Small,200,OK,true,51511,138,19,19,7,0,0
1637865839821,322,Large,200,OK,true,1048891,137,19,19,9,0,0
1637865839893,275,Large,200,OK,true,1048892,137,19,19,16,0,7
1637865840124,45,Small-Medium,200,OK,true,102677,139,19,19,8,0,0
1637865839941,248,Large,200,OK,true,1048891,137,19,19,10,0,0
1637865840090,134,Medium-Large,200,OK,true,512313,139,19,19,7,0,0
1637865840094,133,Medium-Large,200,OK,true,512313,139,19,19,8,0,0
1637865840070,158,Medium-Large,200,OK,true,512313,139,19,19,10,0,0
1637865839953,290,Large,200,OK,true,1048891,137,19,19,10,0,0
1637865840052,192,Medium-Large,200,OK,true,512313,139,19,19,8,0,0
1637865840227,25,Small-Medium,200,OK,true,102713,139,19,19,7,0,0
1637865839808,453,Large,200,OK,true,1048891,137,19,19,8,0,0
1637865840189,76,Medium,200,OK,true,307513,139,19,19,9,0,0
1637865840002,275,Medium-Large,200,OK,true,512313,139,19,19,8,0,0
1637865840244,35,Small-Medium,200,OK,true,102713,139,19,19,9,0,0
1637865840265,25,Small-Medium,200,OK,true,102713,139,19,19,10,0,0
1637865840277,29,Small,200,OK,true,51511,138,19,19,8,0,0
1637865840229,86,Medium,200,OK,true,307513,139,19,19,8,0,0
1637865840199,136,Medium-Large,200,OK,true,512313,139,19,19,8,0,0
1637865840090,264,Large,200,OK,true,1048891,137,19,19,9,0,0
1637865840319,37,Small-Medium,200,OK,true,102713,139,19,19,10,0,0
1637865840261,105,Medium,200,OK,true,307513,139,19,19,9,0,0
1637865840354,42,Small,200,OK,true,51511,138,19,19,10,0,0
1637865838887,1511,Large,200,OK,true,1048891,137,19,19,13,0,0
1637865839699,700,Medium-Large,200,OK,true,512313,139,19,19,8,0,0
1637865840143,269,Large,200,OK,true,1048891,137,19,19,7,0,0
1637865840169,250,Large,200,OK,true,1048891,137,19,19,7,0,0
1637865840354,97,Medium,200,OK,true,307513,139,19,19,9,0,0
1637865840342,137,Medium-Large,200,OK,true,512313,139,19,19,8,0,0
1637865840451,32,Small-Medium,200,OK,true,102713,139,19,19,9,0,0
1637865840429,59,Small-Medium,200,OK,true,102713,139,19,19,9,0,0
1637865840419,83,Medium,200,OK,true,307513,139,19,19,10,0,0
1637865840397,108,Medium,200,OK,true,307513,139,19,19,10,0,0
1637865840502,18,Small,200,OK,true,51511,138,19,19,8,0,0
1637865840224,299,Large,200,OK,true,1048891,137,19,19,7,0,0
1637865840131,394,Medium-Large,200,OK,true,512313,139,19,19,11,0,0
1637865840506,25,Small,200,OK,true,51511,138,19,19,9,0,0
1637865840201,363,Large,200,OK,true,1048892,137,19,19,18,0,9
1637865840057,508,Medium-Large,200,OK,true,512313,139,19,19,9,0,0
1637865840523,42,Small-Medium,200,OK,true,102713,139,19,19,8,0,0
1637865840525,42,Small,200,OK,true,51511,138,19,19,9,0,0
1637865840304,284,Large,200,OK,true,1048891,137,19,19,7,0,0
1637865840578,18,Small,200,OK,true,51511,138,19,19,9,0,0
1637865840244,370,Large,200,OK,true,1048891,137,19,19,10,0,0
1637865840527,92,Medium,200,OK,true,307513,139,19,19,9,0,0
1637865840315,308,Large,200,OK,true,1048891,137,19,19,9,0,0
1637865840614,28,Small,200,OK,true,51511,138,19,19,9,0,0
1637865840335,311,Large,200,OK,true,1048891,137,19,19,9,0,0
1637865840619,34,Small-Medium,200,OK,true,102713,139,19,19,9,0,0
1637865840654,25,Small,200,OK,true,51511,138,19,19,9,0,0
1637865840599,84,Medium,200,OK,true,307513,139,19,19,9,0,0
1637865840091,596,Large,200,OK,true,1048891,137,19,19,9,0,0
1637865840479,225,Large,200,OK,true,1048891,137,19,19,8,0,0
1637865840588,117,Medium-Large,200,OK,true,512313,139,19,19,8,0,0
1637865840412,298,Large,200,OK,true,1048891,137,19,19,9,0,0
1637865840694,19,Small,200,OK,true,51511,138,19,19,10,0,0
1637865840690,26,Small,200,OK,true,51511,138,19,19,9,0,0
1637865840710,25,Small,200,OK,true,51511,138,19,19,10,0,0
1637865840506,234,Large,200,OK,true,1048891,137,19,19,8,0,0
1637865840399,371,Medium,200,OK,true,307513,139,19,19,9,0,0
1637865840646,133,Medium-Large,200,OK,true,512313,139,19,19,8,0,0
1637865840623,161,Medium-Large,200,OK,true,512313,139,19,19,9,0,0
1637865839301,1484,Large,200,OK,true,1048891,137,19,19,9,0,0
1637865840565,235,Large,200,OK,true,1048891,137,19,19,7,0,0
1637865840367,439,Large,200,OK,true,1048891,137,19,19,8,0,0
1637865840771,36,Small-Medium,200,OK,true,102713,139,19,19,8,0,0
1637865840704,107,Medium-Large,200,OK,true,512313,139,19,19,7,0,0
1637865840740,91,Medium,200,OK,true,307513,139,19,19,9,0,0
1637865840706,126,Medium-Large,200,OK,true,512313,139,19,19,8,0,0
1637865840806,69,Small-Medium,200,OK,true,102713,139,19,19,8,0,0
1637865840730,151,Medium-Large,200,OK,true,512313,139,19,19,8,0,0
1637865840882,22,Small,200,OK,true,51511,138,19,19,5,0,0
1637865840812,122,Medium-Large,200,OK,true,512313,139,19,19,9,0,0
1637865840779,168,Medium-Large,200,OK,true,512313,139,19,19,10,0,0
1637865840846,105,Medium,200,OK,true,307513,139,19,19,9,0,0
1637865840565,387,Medium-Large,200,OK,true,512313,139,19,19,10,0,0
1637865840784,173,Medium-Large,200,OK,true,512313,139,19,19,10,0,0
1637865840684,276,Large,200,OK,true,1048891,137,19,19,8,0,0
1637865840947,18,Small,200,OK,true,51511,138,19,19,8,0,0
1637865840801,164,Medium-Large,200,OK,true,512313,139,19,19,7,0,0
1637865840958,18,Small,200,OK,true,51511,138,19,19,8,0,0
1637865840961,35,Small-Medium,200,OK,true,102713,139,19,19,10,0,0
1637865840934,71,Medium,200,OK,true,307513,139,19,19,10,0,0
1637865840951,86,Medium,200,OK,true,307513,139,19,19,8,0,0
1637865840602,449,Medium-Large,200,OK,true,512313,139,19,19,8,0,0
1637865841038,19,Small,200,OK,true,51511,138,19,19,8,0,0
1637865841024,37,Small-Medium,200,OK,true,102713,139,19,19,9,0,0
1637865841010,77,Medium,200,OK,true,307513,139,19,19,9,0,0
1637865840582,506,Large,200,OK,true,1048891,137,19,19,9,0,0
1637865840831,260,Large,200,OK,true,1048891,137,19,19,8,0,0
1637865841091,16,Small,200,OK,true,51511,138,19,19,7,0,0
1637865840786,325,Large,200,OK,true,1048891,137,19,19,9,0,0
1637865841088,30,Small-Medium,200,OK,true,102713,139,19,19,13,0,0
1637865841088,35,Small,200,OK,true,51511,138,19,19,9,0,0
1637865840833,296,Large,200,OK,true,1048891,137,19,19,8,0,0
1637865841111,25,Small,200,OK,true,51511,138,19,19,9,0,0
1637865841113,24,Small,200,OK,true,51511,138,19,19,9,0,0
1637865840766,382,Large,200,OK,true,1048891,137,19,19,8,0,0
1637865840399,749,Medium-Large,200,OK,true,512313,139,19,19,8,0,0
1637865841037,123,Medium-Large,200,OK,true,512313,139,19,19,11,0,0
1637865841034,132,Medium-Large,200,OK,true,512313,139,19,19,9,0,0
1637865840770,405,Medium,200,OK,true,307513,139,19,19,9,0,0
1637865840958,233,Large,200,OK,true,1048891,137,19,19,9,0,0
1637865841130,83,Medium,200,OK,true,307513,139,19,19,7,0,0
1637865841189,29,Small,200,OK,true,51511,138,19,19,11,0,0
1637865840966,252,Large,200,OK,true,1048891,137,19,19,8,0,0
1637865840688,530,Large,200,OK,true,1048891,137,19,19,8,0,0
1637865841213,22,Small,200,OK,true,51511,138,19,19,6,0,0
1637865841219,33,Small-Medium,200,OK,true,102713,139,19,19,6,0,0
1637865840883,386,Large,200,OK,true,1048891,137,19,19,7,0,0
1637865841165,119,Medium-Large,200,OK,true,512313,139,19,19,8,0,0
1637865841160,133,Medium-Large,200,OK,true,512313,139,19,19,8,0,0
1637865841265,28,Small-Medium,200,OK,true,102713,139,19,19,8,0,0
1637865841167,131,Medium-Large,200,OK,true,512313,139,19,19,8,0,0
1637865841175,134,Small-Medium,200,OK,true,102713,139,19,19,8,0,0
1637865841284,27,Small-Medium,200,OK,true,102713,139,19,19,9,0,0
1637865841191,121,Medium-Large,200,OK,true,512313,139,19,19,10,0,0
1637865840952,368,Medium-Large,200,OK,true,512313,139,19,19,9,0,0
1637865841166,157,Medium-Large,200,OK,true,512313,139,19,19,12,0,0
1637865841293,34,Small-Medium,200,OK,true,102713,139,19,19,8,0,0
1637865841312,32,Small-Medium,200,OK,true,102713,139,19,19,10,0,0
1637865841289,67,Medium,200,OK,true,307513,139,19,19,9,0,0
1637865841298,62,Medium,200,OK,true,307513,139,19,19,7,0,0
1637865841099,264,Large,200,OK,true,1048891,137,19,19,12,0,0
1637865841295,79,Medium,200,OK,true,307513,139,19,19,8,0,0
1637865841309,72,Small,200,OK,true,51511,138,19,19,10,0,0
1637865841219,167,Medium,200,OK,true,307513,139,19,19,8,0,0
1637865841365,25,Small-Medium,200,OK,true,102713,139,19,19,8,0,0
1637865841374,17,Small,200,OK,true,51511,138,19,19,8,0,0
1637865841374,17,Small,200,OK,true,51511,138,19,19,10,0,0
1637865841320,73,Small-Medium,200,OK,true,102713,139,19,19,11,0,0
1637865841370,42,Small-Medium,200,OK,true,102713,139,19,19,9,0,0
1637865841323,93,Medium,200,OK,true,307513,139,19,19,6,0,0
1637865841360,68,Medium,200,OK,true,307513,139,19,19,8,0,0
1637865841397,45,Small,200,OK,true,51510,138,19,19,19,0,0
1637865841386,60,Small-Medium,200,OK,true,102713,139,19,19,8,0,0
1637865841445,23,Small,200,OK,true,51511,138,19,19,6,0,0
1637865841148,326,Large,200,OK,true,1048891,137,19,19,7,0,0
1637865841389,88,Medium,200,OK,true,307513,139,19,19,9,0,0
1637865841188,295,Large,200,OK,true,1048891,137,19,19,9,0,0
1637865841341,150,Medium-Large,200,OK,true,512313,139,19,19,9,0,0
1637865841474,34,Small,200,OK,true,51511,138,19,19,11,0,0
1637865841148,367,Medium,200,OK,true,307513,139,19,19,8,0,0
1637865841436,92,Medium,200,OK,true,307513,139,19,19,6,0,0
1637865841521,22,Small,200,OK,true,51511,138,19,19,5,0,0
1637865841528,23,Small,200,OK,true,51511,138,19,19,6,0,0
1637865841462,113,Medium,200,OK,true,307513,139,19,19,6,0,0
1637865841385,190,Medium,200,OK,true,307513,139,19,19,8,0,0
1637865841551,34,Small,200,OK,true,51511,138,19,19,7,0,0
1637865841477,113,Medium,200,OK,true,307513,139,19,19,6,0,0
1637865841441,150,Medium,200,OK,true,307513,139,19,19,7,0,0
1637865841575,23,Small,200,OK,true,51511,138,19,19,10,0,0
1637865841164,438,Large,200,OK,true,1048891,137,19,19,8,0,0
1637865841450,159,Medium-Large,200,OK,true,512313,139,19,19,7,0,0
1637865841576,39,Small,200,OK,true,51511,138,19,19,9,0,0
1637865841604,18,Small,200,OK,true,51511,138,19,19,7,0,0
1637865841602,22,Small,200,OK,true,51511,138,19,19,7,0,0
1637865841269,362,Large,200,OK,true,1048891,137,19,19,8,0,0
1637865841491,143,Medium-Large,200,OK,true,512313,139,19,19,7,0,0
1637865841483,164,Medium-Large,200,OK,true,512313,139,19,19,6,0,0
1637865840786,878,Large,200,OK,true,1048891,137,19,19,8,0,0
1637865841651,21,Small,200,OK,true,51511,138,19,19,6,0,0
1637865841651,37,Small,200,OK,true,51511,138,19,19,5,0,0
1637865841363,328,Large,200,OK,true,1048891,137,19,19,8,0,0
1637865841610,87,Medium,200,OK,true,307513,139,19,19,5,0,0
1637865841051,648,Large,200,OK,true,1048891,137,19,19,10,0,0
1637865841691,19,Small,200,OK,true,51510,138,19,19,7,0,0
1637865841631,95,Medium,200,OK,true,307513,139,19,19,7,0,0
1637865841416,313,Large,200,OK,true,1048891,137,19,19,5,0,0
1637865841697,32,Small-Medium,200,OK,true,102713,139,19,19,6,0,0
1637865841590,147,Medium-Large,200,OK,true,512313,139,19,19,6,0,0
1637865841648,91,Medium,200,OK,true,307513,139,19,19,6,0,0
1637865841726,18,Small,200,OK,true,51511,138,19,19,6,0,0
1637865841739,16,Small,200,OK,true,51511,138,19,19,6,0,0
1637865841680,80,Medium,200,OK,true,307513,139,19,19,5,0,0
1637865841450,314,Large,200,OK,true,1048891,137,19,19,6,0,0
1637865841634,145,Medium-Large,200,OK,true,512313,139,19,19,5,0,0
1637865841779,34,Small-Medium,200,OK,true,102713,139,19,19,7,0,0
1637865841803,40,Small-Medium,200,OK,true,102713,139,19,19,6,0,0
1637865841854,40,Small-Medium,200,OK,true,102713,139,19,19,7,0,0
1637865841737,164,Medium-Large,200,OK,true,512313,139,19,19,7,0,0
1637865841597,307,Large,200,OK,true,1048891,137,19,19,8,0,0
1637865841761,148,Medium-Large,200,OK,true,512313,139,19,19,6,0,0
1637865841768,162,Medium-Large,200,OK,true,512312,139,19,19,7,0,0
1637865841901,36,Small-Medium,200,OK,true,102713,139,19,19,8,0,0
1637865841773,166,Medium-Large,200,OK,true,512313,139,19,19,7,0,0
1637865841904,38,Small-Medium,200,OK,true,102713,139,19,19,7,0,0
1637865841472,476,Large,200,OK,true,1048890,137,19,19,6,0,0
1637865841699,257,Medium-Large,200,OK,true,512313,139,19,19,6,0,0
1637865841515,442,Medium-Large,200,OK,true,512313,139,19,19,6,0,0
1637865841930,29,Small-Medium,200,OK,true,102712,139,19,19,8,0,0
1637865841726,269,Medium,200,OK,true,307513,139,19,19,6,0,0
1637865841980,20,Small,200,OK,true,51511,138,19,19,6,0,0
1637865841948,58,Small-Medium,200,OK,true,102712,139,19,19,7,0,0
1637865841592,428,Large,200,OK,true,1048891,137,19,19,8,0,0
1637865841909,133,Medium-Large,200,OK,true,512313,139,19,19,7,0,0
1637865841729,327,Large,200,OK,true,1048891,137,19,19,6,0,0
1637865841678,390,Large,200,OK,true,1048891,137,19,19,6,0,0
1637865841930,143,Medium-Large,200,OK,true,512313,139,19,19,9,0,0
1637865841764,312,Large,200,OK,true,1048891,137,19,19,7,0,0
1637865842057,24,Small,200,OK,true,51511,138,19,19,10,0,0
1637865842006,97,Medium,200,OK,true,307512,139,19,19,7,0,0
1637865842076,36,Small-Medium,200,OK,true,102713,139,19,19,8,0,0
1637865841815,313,Large,200,OK,true,1048891,137,19,19,6,0,0
1637865841727,420,Large,200,OK,true,1048891,137,19,19,7,0,0
1637865841956,210,Medium,200,OK,true,307513,139,19,19,7,0,0
1637865842042,137,Medium-Large,200,OK,true,512313,139,19,19,15,0,0
1637865842103,86,Medium,200,OK,true,307512,139,19,19,9,0,0
1637865842024,186,Medium,200,OK,true,307512,139,19,19,8,0,0
1637865842133,102,Medium,200,OK,true,307513,139,19,19,8,0,0
1637865841939,298,Large,200,OK,true,1048891,137,19,19,6,0,0
1637865842235,21,Small,200,OK,true,51511,138,19,19,7,0,0
1637865841878,382,Large,200,OK,true,1048891,137,19,19,14,0,0
1637865842211,56,Small-Medium,200,OK,true,102712,139,19,19,7,0,0
1637865842068,208,Medium-Large,200,OK,true,512313,139,19,19,7,0,0
1637865842189,94,Medium,200,OK,true,307512,139,19,19,7,0,0
1637865842260,24,Small,200,OK,true,51511,138,19,19,7,0,0
1637865841976,312,Large,200,OK,true,1048891,137,19,19,7,0,0
1637865841627,665,Large,200,OK,true,1048891,137,19,19,7,0,0
1637865842283,17,Small,200,OK,true,51510,138,19,19,7,0,0
1637865842276,44,Small-Medium,200,OK,true,102713,139,19,19,7,0,0
1637865842292,33,Small,200,OK,true,51511,138,19,19,10,0,0
1637865841957,376,Medium,200,OK,true,307513,139,19,19,8,0,0
1637865842056,288,Large,200,OK,true,1048891,137,19,19,9,0,0
1637865842167,182,Medium,200,OK,true,307513,139,19,19,8,0,0
1637865842288,76,Medium,200,OK,true,307513,139,19,19,8,0,0
1637865842074,291,Large,200,OK,true,1048891,137,19,19,7,0,0
1637865842147,222,Medium-Large,200,OK,true,512313,139,19,19,8,0,0
1637865842353,34,Small,200,OK,true,51511,138,19,19,7,0,0
1637865842237,157,Medium-Large,200,OK,true,512313,139,19,19,8,0,0
1637865842369,29,Small,200,OK,true,51511,138,19,19,17,0,0
1637865842311,90,Medium,200,OK,true,307513,139,19,19,8,0,0
1637865842334,68,Small,200,OK,true,51511,138,19,19,8,0,0
1637865842365,43,Small-Medium,200,OK,true,102713,139,19,19,18,0,0
1637865841664,750,Large,200,OK,true,1048891,137,19,19,7,0,0
1637865842395,34,Small-Medium,200,OK,true,102713,139,19,19,8,0,0
1637865842152,276,Large,200,OK,true,1048891,137,19,19,8,0,0
1637865842020,412,Large,200,OK,true,1048891,137,19,19,11,0,0
1637865842350,86,Small-Medium,200,OK,true,102713,139,19,19,7,0,0
1637865842179,258,Large,200,OK,true,1048891,137,19,19,7,0,0
1637865842128,316,Large,200,OK,true,1048891,137,19,19,8,0,0
1637865842360,94,Medium,200,OK,true,307512,139,19,19,7,0,0
1637865842439,25,Small-Medium,200,OK,true,102713,139,19,19,8,0,0
1637865842429,40,Small,200,OK,true,51511,138,19,19,14,0,0
1637865842445,33,Small-Medium,200,OK,true,102713,139,19,19,9,0,0
1637865842345,136,Medium-Large,200,OK,true,512313,139,19,19,8,0,0
1637865842455,28,Small-Medium,200,OK,true,102712,139,19,19,7,0,0
1637865842433,66,Medium,200,OK,true,307513,139,19,19,7,0,0
1637865842366,141,Medium-Large,200,OK,true,512313,139,19,19,17,0,0
1637865842436,77,Small-Medium,200,OK,true,102713,139,19,19,8,0,0
1637865842384,130,Medium,200,OK,true,307513,139,19,19,6,0,0
1637865842336,185,Medium-Large,200,OK,true,512313,139,19,19,8,0,0
1637865842507,29,Small-Medium,200,OK,true,102713,139,19,19,6,0,0
1637865842521,20,Small,200,OK,true,51511,138,19,19,7,0,0
1637865842514,28,Small-Medium,200,OK,true,102713,139,19,19,9,0,0
1637865842510,34,Small-Medium,200,OK,true,102713,139,19,19,7,0,0
1637865842402,147,Medium-Large,200,OK,true,512313,139,19,19,8,0,0
1637865842481,70,Medium,200,OK,true,307513,139,19,19,6,0,0
1637865842429,126,Medium-Large,200,OK,true,512313,139,19,19,8,0,0
1637865842412,149,Small-Medium,200,OK,true,102713,139,20,20,9,0,0
1637865842532,30,Small-Medium,200,OK,true,102677,139,20,20,9,0,0
1637865842441,124,Medium-Large,200,OK,true,512313,139,20,20,9,0,0
1637865842565,22,Small-Medium,200,OK,true,102713,139,20,20,8,0,0
1637865842473,114,Medium-Large,200,OK,true,512313,139,20,20,8,0,0
1637865842558,34,Small,200,OK,true,51512,138,20,20,14,0,7
1637865842446,166,Medium-Large,200,OK,true,512313,139,20,20,9,0,0
1637865842286,330,Medium-Large,200,OK,true,512312,139,20,20,8,0,0
1637865842555,74,Medium,200,OK,true,307513,139,20,20,8,0,0
1637865842588,82,Medium,200,OK,true,307513,139,20,20,6,0,0
1637865842645,39,Small-Medium,200,OK,true,102713,139,20,20,9,0,0
1637865842523,175,Medium-Large,200,OK,true,512313,139,20,20,8,0,0
1637865842583,157,Medium-Large,200,OK,true,512313,139,20,20,7,0,0
1637865842725,37,Small-Medium,200,OK,true,102713,139,20,20,9,0,0
1637865842504,260,Medium-Large,200,OK,true,512313,139,20,20,7,0,0
1637865842637,143,Medium-Large,200,OK,true,512313,139,20,20,9,0,0
1637865842612,184,Medium-Large,200,OK,true,512314,139,20,20,17,0,7
1637865842796,27,Small,200,OK,true,51511,138,20,20,9,0,0
1637865842549,297,Large,200,OK,true,1048891,137,20,20,7,0,0
1637865842590,258,Large,200,OK,true,1048891,137,20,20,8,0,0
1637865842557,295,Large,200,OK,true,1048891,137,20,20,8,0,0
1637865842612,240,Medium-Large,200,OK,true,512313,139,20,20,8,0,0
1637865842847,16,Small,200,OK,true,51511,138,20,20,7,0,0
1637865842781,89,Medium,200,OK,true,307513,139,20,20,7,0,0
1637865842585,290,Large,200,OK,true,1048891,137,20,20,8,0,0
1637865842852,26,Small,200,OK,true,51511,138,20,20,8,0,0
1637865842513,414,Medium-Large,200,OK,true,512313,139,20,20,9,0,0
1637865842597,339,Large,200,OK,true,1048891,137,20,20,12,0,0
1637865842636,302,Large,200,OK,true,1048891,137,20,20,8,0,0
1637865842852,90,Medium,200,OK,true,307513,139,20,20,10,0,0
1637865842698,261,Medium-Large,200,OK,true,512313,139,20,20,10,0,0
1637865842938,32,Small-Medium,200,OK,true,102713,139,20,20,8,0,0
1637865842927,44,Small,200,OK,true,51511,138,20,20,9,0,0
1637865842670,306,Large,200,OK,true,1048891,137,20,20,9,0,0
1637865842740,287,Large,200,OK,true,1048890,137,20,20,9,0,0
1637865842943,100,Medium,200,OK,true,307513,139,20,20,10,0,0
1637865842877,174,Medium-Large,200,OK,true,512313,139,20,20,10,0,0
1637865843027,26,Small,200,OK,true,51510,138,20,20,10,0,0
1637865842932,123,Medium,200,OK,true,307513,139,20,20,7,0,0
1637865842764,300,Medium-Large,200,OK,true,512313,139,20,20,9,0,0
1637865842514,556,Large,200,OK,true,1048891,137,20,20,10,0,0
1637865843007,77,Small-Medium,200,OK,true,102713,139,20,20,9,0,0
1637865842927,165,Medium-Large,200,OK,true,512313,139,20,20,10,0,0
1637865842849,246,Large,200,OK,true,1048891,137,20,20,7,0,0
1637865842936,166,Medium-Large,200,OK,true,512313,139,20,20,7,0,0
1637865843056,57,Small-Medium,200,OK,true,102713,139,20,20,9,0,0
1637865842805,318,Large,200,OK,true,1048891,137,20,20,9,0,0
1637865843064,72,Small-Medium,200,OK,true,102713,139,20,20,11,0,0
1637865842976,169,Medium-Large,200,OK,true,512313,139,20,20,8,0,0
1637865843146,19,Small,200,OK,true,51511,138,20,20,9,0,0
1637865842871,319,Large,200,OK,true,1048891,137,20,20,9,0,0
1637865843102,94,Medium,200,OK,true,307513,139,20,20,10,0,0
1637865843052,155,Medium-Large,200,OK,true,512313,139,20,20,8,0,0
1637865842875,333,Large,200,OK,true,1048891,137,20,20,9,0,0
1637865843144,65,Small-Medium,200,OK,true,102712,139,20,20,9,0,0
1637865843043,167,Medium-Large,200,OK,true,512313,139,20,20,9,0,0
1637865841995,1222,Large,200,OK,true,1048891,137,20,20,8,0,0
1637865843123,97,Medium,200,OK,true,307513,139,20,20,9,0,0
1637865843207,19,Small,200,OK,true,51511,138,20,20,8,0,0
1637865842959,268,Medium-Large,200,OK,true,512313,139,20,20,9,0,0
1637865843220,18,Small,200,OK,true,51511,138,20,20,9,0,0
1637865843070,171,Medium,200,OK,true,307513,139,20,20,8,0,0
1637865843107,139,Medium-Large,200,OK,true,512312,139,20,20,8,0,0
1637865843092,175,Medium-Large,200,OK,true,512313,139,20,20,9,0,0
1637865843246,34,Small-Medium,200,OK,true,102712,139,20,20,9,0,0
1637865843208,80,Medium,200,OK,true,307513,139,20,20,9,0,0
1637865843241,62,Small-Medium,200,OK,true,102713,139,20,20,10,0,0
1637865843088,215,Medium,200,OK,true,307513,139,20,20,9,0,0
1637865843287,19,Small,200,OK,true,51511,138,20,20,9,0,0
1637865843018,294,Large,200,OK,true,1048891,137,20,20,9,0,0
1637865843190,128,Medium-Large,200,OK,true,512313,139,20,20,9,0,0
1637865843312,30,Small-Medium,200,OK,true,102713,139,20,20,8,0,0
1637865843301,43,Small-Medium,200,OK,true,102713,139,20,20,9,0,0
1637865843227,129,Medium,200,OK,true,307513,139,20,20,8,0,0
1637865843136,228,Medium-Large,200,OK,true,512313,139,20,20,12,0,0
1637865843196,171,Medium-Large,200,OK,true,512313,139,20,20,9,0,0
1637865843096,283,Large,200,OK,true,1048891,137,20,20,9,0,0
1637865843320,62,Small-Medium,200,OK,true,102713,139,20,20,10,0,0
1637865843364,28,Small,200,OK,true,51511,138,20,20,9,0,0
1637865843367,37,Small-Medium,200,OK,true,102713,139,20,20,11,0,0
1637865843379,26,Small-Medium,200,OK,true,102713,139,20,20,10,0,0
1637865843318,88,Medium,200,OK,true,307513,139,20,20,10,0,0
1637865843381,34,Small-Medium,200,OK,true,102713,139,20,20,10,0,0
1637865843326,133,Medium-Large,200,OK,true,512312,139,20,20,10,0,0
1637865843400,59,Small-Medium,200,OK,true,102713,139,20,20,10,0,0
1637865843461,21,Small,200,OK,true,51511,138,20,20,10,0,0
1637865843210,274,Large,200,OK,true,1048891,137,20,20,9,0,0
1637865843367,129,Medium-Large,200,OK,true,512313,139,20,20,9,0,0
1637865843484,24,Small,200,OK,true,51511,138,20,20,8,0,0
1637865843356,156,Medium,200,OK,true,307513,139,20,20,9,0,0
1637865843481,35,Small,200,OK,true,51511,138,20,20,8,0,0
1637865843303,213,Medium,200,OK,true,307513,139,20,20,9,0,0
1637865843225,303,Large,200,OK,true,1048891,137,20,20,8,0,0
1637865843496,34,Small-Medium,200,OK,true,102713,139,20,20,9,0,0
1637865843392,142,Medium-Large,200,OK,true,512313,139,20,20,8,0,0
1637865843459,83,Medium,200,OK,true,307512,139,20,20,9,0,0
1637865843528,17,Small,200,OK,true,51511,138,20,20,8,0,0
1637865843288,264,Large,200,OK,true,1048891,137,20,20,9,0,0
1637865843541,18,Small,200,OK,true,51511,138,20,20,10,0,0
1637865843512,49,Small-Medium,200,OK,true,102713,139,20,20,8,0,0
1637865843267,302,Large,200,OK,true,1048891,137,20,20,8,0,0
1637865843460,119,Medium-Large,200,OK,true,512313,139,20,20,10,0,0
1637865843577,45,Small-Medium,200,OK,true,102713,139,20,20,9,0,0
1637865843621,29,Small-Medium,200,OK,true,102713,139,20,20,9,0,0
1637865843444,207,Medium-Large,200,OK,true,512313,139,20,20,9,0,0
1637865843592,61,Small-Medium,200,OK,true,102713,139,20,20,10,0,0
1637865843406,266,Large,200,OK,true,1048891,137,20,20,8,0,0
1637865843651,28,Small,200,OK,true,51511,138,20,20,7,0,0
1637865843656,27,Small,200,OK,true,51511,138,20,20,10,0,0
1637865843224,464,Large,200,OK,true,1048890,137,20,20,8,0,0
1637865843552,142,Medium-Large,200,OK,true,512313,139,20,20,8,0,0
1637865842617,1085,Large,200,OK,true,1048890,137,20,20,9,0,0
1637865843516,210,Medium,200,OK,true,307513,139,20,20,9,0,0
1637865843694,34,Small-Medium,200,OK,true,102713,139,20,20,10,0,0
1637865843448,301,Large,200,OK,true,1048891,137,20,20,9,0,0
1637865843607,146,Medium-Large,200,OK,true,512313,139,20,20,9,0,0
1637865843754,18,Small,200,OK,true,51511,138,20,20,9,0,0
1637865843701,95,Medium,200,OK,true,307513,139,20,20,10,0,0
1637865843534,264,Large,200,OK,true,1048891,137,20,20,8,0,0
1637865843726,76,Small-Medium,200,OK,true,102713,139,20,20,8,0,0
1637865843672,132,Medium,200,OK,true,307513,139,20,20,8,0,0
1637865843672,135,Medium-Large,200,OK,true,512313,139,20,20,9,0,0
1637865843808,18,Small,200,OK,true,51511,138,20,20,8,0,0
1637865843737,103,Medium,200,OK,true,307513,139,20,20,9,0,0
1637865843579,264,Large,200,OK,true,1048891,137,20,20,9,0,0
1637865843807,43,Small,200,OK,true,51511,138,20,20,8,0,0
1637865843542,317,Large,200,OK,true,1048890,137,20,20,10,0,0
1637865843564,300,Large,200,OK,true,1048891,137,20,20,8,0,0
1637865842415,1454,Large,200,OK,true,1048891,137,20,20,8,0,0
1637865843840,35,Small-Medium,200,OK,true,102713,139,20,20,9,0,0
1637865843798,83,Medium,200,OK,true,307513,139,20,20,9,0,0
1637865843569,320,Large,200,OK,true,1048891,137,20,20,9,0,0
1637865843796,95,Medium,200,OK,true,307513,139,20,20,9,0,0
1637865843689,216,Medium-Large,200,OK,true,512312,139,20,20,8,0,0
1637865843750,161,Medium-Large,200,OK,true,512313,139,20,20,9,0,0
1637865843888,36,Small-Medium,200,OK,true,102713,139,20,20,9,0,0
1637865843859,78,Medium,200,OK,true,307512,139,20,20,9,0,0
1637865843218,720,Medium-Large,200,OK,true,512313,139,20,20,10,0,0
1637865843775,167,Medium-Large,200,OK,true,512313,139,20,20,9,0,0
1637865843881,93,Medium,200,OK,true,307513,139,20,20,9,0,0
1637865843889,111,Medium,200,OK,true,307513,139,20,20,9,0,0
1637865843974,31,Small-Medium,200,OK,true,102713,139,20,20,8,0,0
1637865843969,36,Small-Medium,200,OK,true,102713,139,20,20,9,0,0
1637865843834,173,Medium-Large,200,OK,true,512313,139,20,20,9,0,0
1637865843804,246,Medium-Large,200,OK,true,512313,139,20,20,8,0,0
1637865844049,29,Small,200,OK,true,51511,138,20,20,9,0,0
1637865843920,163,Medium-Large,200,OK,true,512313,139,20,20,9,0,0
1637865843939,147,Medium-Large,200,OK,true,512312,139,20,20,9,0,0
1637865844055,34,Small-Medium,200,OK,true,102713,139,20,20,9,0,0
1637865842561,1533,Large,200,OK,true,1048891,137,20,20,7,0,0
1637865843886,216,Medium,200,OK,true,307513,139,20,20,9,0,0
1637865843942,171,Medium-Large,200,OK,true,512313,139,20,20,9,0,0
1637865843843,276,Large,200,OK,true,1048891,137,20,20,9,0,0
1637865844083,37,Small-Medium,200,OK,true,102713,139,20,20,10,0,0
1637865843562,576,Large,200,OK,true,1048891,137,20,20,7,0,0
1637865844007,147,Medium-Large,200,OK,true,512313,139,20,20,8,0,0
1637865844000,161,Medium-Large,200,OK,true,512313,139,20,20,9,0,0
1637865843906,264,Medium-Large,200,OK,true,512312,139,20,20,8,0,0
1637865844086,91,Medium,200,OK,true,307477,139,20,20,10,0,0
1637865844161,19,Small,200,OK,true,51511,138,20,20,9,0,0
1637865844050,130,Medium,200,OK,true,307513,139,20,20,9,0,0
1637865843865,320,Large,200,OK,true,1048891,137,20,20,8,0,0
1637865843732,485,Large,200,OK,true,1048891,137,20,20,9,0,0
1637865844135,96,Medium,200,OK,true,307513,139,20,20,9,0,0
1637865843891,349,Large,200,OK,true,1048891,137,20,20,10,0,0
1637865843911,336,Large,200,OK,true,1048891,137,20,20,8,0,0
1637865844119,141,Medium-Large,200,OK,true,512313,139,20,20,10,0,0
1637865844240,26,Small,200,OK,true,51511,138,20,20,9,0,0
1637865844163,103,Medium,200,OK,true,307513,139,20,20,9,0,0
1637865844185,85,Medium,200,OK,true,307513,139,20,20,8,0,0
1637865844260,15,Small,200,OK,true,51511,138,20,20,7,0,0
1637865844242,40,Small-Medium,200,OK,true,102713,139,20,20,9,0,0
1637865844128,167,Medium-Large,200,OK,true,512313,139,20,20,8,0,0
1637865844138,166,Medium,200,OK,true,307513,139,20,20,9,0,0
1637865844102,207,Medium,200,OK,true,307513,139,20,20,8,0,0
1637865844247,74,Medium,200,OK,true,307513,139,20,20,9,0,0
1637865844270,82,Medium,200,OK,true,307513,139,20,20,10,0,0
1637865844327,27,Small,200,OK,true,51511,138,20,20,9,0,0
1637865844340,17,Small,200,OK,true,51511,138,20,20,9,0,0
1637865844231,140,Medium-Large,200,OK,true,512313,139,20,20,9,0,0
1637865844177,215,Medium,200,OK,true,307514,139,20,20,17,0,8
1637865843702,694,Large,200,OK,true,1048890,137,20,20,10,0,0
1637865844113,299,Large,200,OK,true,1048891,137,20,20,8,0,0
1637865844320,92,Medium,200,OK,true,307513,139,20,20,8,0,0
1637865844154,272,Large,200,OK,true,1048891,137,20,20,9,0,0
1637865844218,214,Medium-Large,200,OK,true,512313,139,20,20,10,0,0
1637865844420,17,Small,200,OK,true,51511,138,20,20,8,0,0
1637865844407,32,Small-Medium,200,OK,true,102713,139,20,20,10,0,0
1637865843869,578,Medium-Large,200,OK,true,512313,139,20,20,9,0,0
1637865844426,22,Small,200,OK,true,51511,138,20,20,10,0,0
1637865844413,35,Small-Medium,200,OK,true,102713,139,20,20,8,0,0
1637865844432,29,Small,200,OK,true,51511,138,20,20,14,0,0
1637865844352,130,Medium-Large,200,OK,true,512313,139,20,20,8,0,0
1637865844321,171,Medium-Large,200,OK,true,512313,139,20,20,9,0,0
1637865844371,125,Medium-Large,200,OK,true,512313,139,20,20,11,0,0
1637865844448,56,Small,200,OK,true,51511,138,20,20,9,0,0
1637865844493,40,Small-Medium,200,OK,true,102713,139,20,20,8,0,0
1637865844487,50,Small-Medium,200,OK,true,102713,139,20,20,8,0,0
1637865844266,281,Large,200,OK,true,1048891,137,20,20,7,0,0
1637865844304,257,Medium-Large,200,OK,true,512313,139,20,20,9,0,0
1637865844482,84,Medium,200,OK,true,307513,139,20,20,8,0,0
1637865844181,433,Large,200,OK,true,1048891,137,20,20,7,0,0
1637865844295,319,Large,200,OK,true,1048891,137,20,20,9,0,0
1637865844614,32,Small,200,OK,true,51511,138,20,20,9,0,0
1637865844615,41,Small-Medium,200,OK,true,102713,139,20,20,9,0,0
1637865844393,267,Large,200,OK,true,1048891,137,20,20,8,0,0
1637865844506,155,Medium-Large,200,OK,true,512313,139,20,20,9,0,0
1637865844513,149,Medium,200,OK,true,307513,139,20,20,9,0,0
1637865844660,15,Small,200,OK,true,51511,138,20,20,8,0,0
1637865844567,110,Medium,200,OK,true,307513,139,20,20,9,0,0
1637865844547,150,Medium-Large,200,OK,true,512313,139,20,20,9,0,0
1637865844677,26,Small-Medium,200,OK,true,102713,139,20,20,8,0,0
1637865844694,32,Small-Medium,200,OK,true,102713,139,20,20,8,0,0
1637865844396,330,Medium-Large,200,OK,true,512312,139,20,20,9,0,0
1637865844412,316,Large,200,OK,true,1048891,137,20,20,12,0,0
1637865844170,559,Large,200,OK,true,1048890,137,20,20,9,0,0
1637865844566,164,Medium-Large,200,OK,true,512313,139,20,20,7,0,0
1637865844561,172,Medium,200,OK,true,307513,139,20,20,9,0,0
1637865844500,267,Large,200,OK,true,1048891,137,20,20,9,0,0
1637865844733,48,Small-Medium,200,OK,true,102713,139,20,20,8,0,0
1637865844757,36,Small-Medium,200,OK,true,102713,139,20,20,8,0,0
1637865844775,22,Small,200,OK,true,51511,138,20,20,10,0,0
1637865844496,311,Large,200,OK,true,1048891,137,20,20,9,0,0
1637865844661,147,Medium-Large,200,OK,true,512313,139,20,20,8,0,0
1637865844767,59,Medium,200,OK,true,307513,139,20,20,8,0,0
1637865844808,20,Small,200,OK,true,51511,138,20,20,9,0,0
1637865844492,344,Large,200,OK,true,1048891,137,20,20,7,0,0
1637865844697,146,Medium-Large,200,OK,true,512313,139,20,20,9,0,0
1637865844572,304,Large,200,OK,true,1048891,137,20,20,9,0,0
1637865844836,40,Small-Medium,200,OK,true,102713,139,20,20,9,0,0
1637865844729,151,Medium-Large,200,OK,true,512313,139,20,20,11,0,0
1637865844729,165,Medium,200,OK,true,307512,139,20,20,8,0,0
1637865844663,242,Medium-Large,200,OK,true,512313,139,20,20,8,0,0
1637865844694,229,Medium-Large,200,OK,true,512313,139,20,20,12,0,0
1637865844894,34,Small,200,OK,true,51510,138,20,20,11,0,0
1637865844838,107,Medium,200,OK,true,307513,139,20,20,10,0,0
1637865844916,46,Small-Medium,200,OK,true,102713,139,20,20,9,0,0
1637865844876,89,Medium,200,OK,true,307513,139,20,20,7,0,0
1637865844881,107,Medium,200,OK,true,307513,139,20,20,9,0,0
1637865844740,269,Large,200,OK,true,1048891,137,20,20,8,0,0
1637865844843,174,Medium-Large,200,OK,true,512313,139,20,20,9,0,0
1637865844310,712,Large,200,OK,true,1048891,137,20,20,9,0,0
1637865844988,36,Small-Medium,200,OK,true,102713,139,20,20,10,0,0
1637865844855,177,Medium-Large,200,OK,true,512313,139,20,20,11,0,0
1637865844975,60,Small-Medium,200,OK,true,102712,139,20,20,11,0,0
1637865844945,104,Medium,200,OK,true,307513,139,20,20,10,0,0
1637865845017,35,Small-Medium,200,OK,true,102713,139,20,20,10,0,0
1637865844887,172,Medium-Large,200,OK,true,512313,139,20,20,12,0,0
1637865845049,17,Small,200,OK,true,51511,138,20,20,10,0,0
1637865844905,163,Medium-Large,200,OK,true,512313,139,20,20,8,0,0
1637865844730,346,Large,200,OK,true,1048891,137,20,20,8,0,0
1637865844807,274,Large,200,OK,true,1048891,137,20,20,8,0,0
1637865845069,19,Small,200,OK,true,51510,138,20,20,9,0,0
1637865844996,95,Medium,200,OK,true,307513,139,20,20,8,0,0
1637865845059,34,Small-Medium,200,OK,true,102713,139,20,20,8,0,0
1637865844813,284,Medium-Large,200,OK,true,512313,139,20,20,11,0,0
1637865845069,29,Small,200,OK,true,51511,138,20,20,14,0,0
1637865844965,135,Medium-Large,200,OK,true,512313,139,20,20,8,0,0
1637865845081,25,Small-Medium,200,OK,true,102713,139,20,20,11,0,0
1637865844846,262,Large,200,OK,true,1048891,137,20,20,12,0,0
1637865845055,55,Small-Medium,200,OK,true,102712,139,20,20,7,0,0
1637865845100,16,Small,200,OK,true,51511,138,20,20,8,0,0
1637865845032,89,Medium,200,OK,true,307513,139,20,20,8,0,0
1637865845097,24,Small,200,OK,true,51511,138,20,20,8,0,0
1637865845097,30,Small-Medium,200,OK,true,102713,139,20,20,8,0,0
1637865845130,17,Small,200,OK,true,51511,138,20,20,9,0,0
1637865845092,72,Medium,200,OK,true,307513,139,20,20,6,0,0
1637865845134,33,Small,200,OK,true,51475,138,20,20,9,0,0
1637865845140,32,Small-Medium,200,OK,true,102713,139,20,20,9,0,0
1637865845121,68,Medium,200,OK,true,307513,139,20,20,6,0,0
1637865845149,43,Small-Medium,200,OK,true,102712,139,20,20,10,0,0
1637865845076,117,Medium-Large,200,OK,true,512313,139,20,20,10,0,0
1637865845161,33,Small-Medium,200,OK,true,102713,139,20,20,9,0,0
1637865845009,186,Large,200,OK,true,1048891,137,20,20,10,0,0
1637865845180,17,Small,200,OK,true,51511,138,20,20,10,0,0
1637865845177,31,Small,200,OK,true,51511,138,20,20,10,0,0
1637865845195,24,Small-Medium,200,OK,true,102713,139,20,20,7,0,0
1637865845201,24,Small-Medium,200,OK,true,102713,139,20,20,8,0,0
1637865843938,1310,Large,200,OK,true,1048891,137,20,20,8,0,0
1637865845173,77,Medium,200,OK,true,307513,139,20,20,8,0,0
1637865845193,75,Medium,200,OK,true,307513,139,20,20,7,0,0
1637865845241,35,Small-Medium,200,OK,true,102713,139,20,20,8,0,0
1637865845108,170,Large,200,OK,true,1048891,137,20,20,8,0,0
1637865845215,81,Small-Medium,200,OK,true,102714,139,20,20,16,0,9
1637865845253,43,Small-Medium,200,OK,true,102713,139,20,20,9,0,0
1637865845220,81,Medium,200,OK,true,307513,139,20,20,8,0,0
1637865845278,26,Small-Medium,200,OK,true,102713,139,20,20,9,0,0
1637865845177,130,Medium-Large,200,OK,true,512313,139,20,20,11,0,0
1637865845257,54,Small-Medium,200,OK,true,102713,139,20,20,10,0,0
1637865844923,389,Large,200,OK,true,1048891,137,20,20,10,0,0
1637865845301,26,Small,200,OK,true,51511,138,20,20,9,0,0
1637865845210,138,Medium-Large,200,OK,true,512313,139,20,20,8,0,0
1637865845313,36,Small,200,OK,true,51511,138,20,20,8,0,0
1637865845321,37,Small-Medium,200,OK,true,102713,139,20,20,9,0,0
1637865845276,85,Medium,200,OK,true,307513,139,20,20,8,0,0
1637865845332,43,Small-Medium,200,OK,true,102713,139,20,20,9,0,0
1637865845361,26,Small-Medium,200,OK,true,102713,139,20,20,8,0,0
1637865845381,16,Small,200,OK,true,51511,138,20,20,9,0,0
1637865845273,129,Medium-Large,200,OK,true,512313,139,20,20,9,0,0
1637865845149,257,Large,200,OK,true,1048891,137,20,20,7,0,0
1637865845228,179,Medium-Large,200,OK,true,512312,139,20,20,9,0,0
1637865845401,25,Small,200,OK,true,51511,138,20,20,8,0,0
1637865845281,150,Medium-Large,200,OK,true,512313,139,20,20,9,0,0
1637865845393,53,Small-Medium,200,OK,true,102713,139,20,20,9,0,0
1637865845307,140,Medium-Large,200,OK,true,512313,139,20,20,8,0,0
1637865845412,43,Small-Medium,200,OK,true,102713,139,20,20,10,0,0
1637865845431,27,Small,200,OK,true,51511,138,20,20,11,0,0
1637865844726,738,Large,200,OK,true,1048855,137,20,20,9,0,0
1637865845348,129,Medium-Large,200,OK,true,512313,139,20,20,10,0,0
1637865845461,17,Small,200,OK,true,51511,138,20,20,8,0,0
1637865845337,144,Medium,200,OK,true,307513,139,20,20,9,0,0
1637865845406,76,Medium,200,OK,true,307513,139,20,20,9,0,0
1637865845359,135,Medium-Large,200,OK,true,512313,139,20,20,8,0,0
1637865845442,67,Medium,200,OK,true,307513,139,20,20,8,0,0
1637865845494,19,Small,200,OK,true,51511,138,20,20,10,0,0
1637865845259,257,Large,200,OK,true,1048891,137,20,20,11,0,0
1637865845492,25,Small,200,OK,true,51511,138,20,20,9,0,0
1637865845472,49,Small-Medium,200,OK,true,102713,139,20,20,8,0,0
1637865845402,125,Medium-Large,200,OK,true,512313,139,20,20,8,0,0
1637865845447,81,Medium,200,OK,true,307513,139,20,20,9,0,0
1637865845528,18,Small,200,OK,true,51511,138,20,20,9,0,0
1637865845464,82,Small,200,OK,true,51512,138,20,20,17,0,9
1637865845296,256,Large,200,OK,true,1048891,137,20,20,9,0,0
1637865844094,1465,Large,200,OK,true,1048891,137,20,20,9,0,0
1637865845527,34,Small-Medium,200,OK,true,102713,139,20,20,8,0,0
1637865845541,27,Small-Medium,200,OK,true,102713,139,20,20,9,0,0
1637865845407,171,Medium-Large,200,OK,true,512312,139,20,20,9,0,0
1637865845572,17,Small,200,OK,true,51511,138,20,20,8,0,0
1637865845516,77,Medium,200,OK,true,307513,139,20,20,7,0,0
1637865845574,25,Small-Medium,200,OK,true,102713,139,20,20,8,0,0
1637865845481,125,Medium-Large,200,OK,true,512313,139,20,20,10,0,0
1637865845487,136,Medium-Large,200,OK,true,512313,139,20,20,10,0,0
1637865845522,109,Medium-Large,200,OK,true,512313,139,20,20,9,0,0
1637865845481,150,Medium,200,OK,true,307513,139,20,20,7,0,0
1637865845609,27,Small,200,OK,true,51511,138,20,20,10,0,0
1637865845608,35,Small-Medium,200,OK,true,102713,139,20,20,10,0,0
1637865845621,24,Small,200,OK,true,51511,138,20,20,9,0,0
1637865845631,17,Small,200,OK,true,51511,138,20,20,9,0,0
1637865845623,33,Small-Medium,200,OK,true,102713,139,20,20,11,0,0
1637865845547,130,Small-Medium,200,OK,true,102713,139,20,20,8,0,0
1637865845552,138,Medium,200,OK,true,307513,139,20,20,9,0,0
1637865845477,239,Large,200,OK,true,1048891,137,20,20,6,0,0
1637865845596,132,Medium-Large,200,OK,true,512313,139,20,20,8,0,0
1637865845022,706,Large,200,OK,true,1048891,137,20,20,9,0,0
1637865845677,55,Small-Medium,200,OK,true,102713,139,20,20,8,0,0
1637865845711,29,Small-Medium,200,OK,true,102713,139,20,20,9,0,0
1637865845652,96,Medium,200,OK,true,307513,139,20,20,8,0,0
1637865845606,144,Medium-Large,200,OK,true,512313,139,20,20,8,0,0
1637865845717,36,Small-Medium,200,OK,true,102713,139,20,20,8,0,0
1637865845511,260,Large,200,OK,true,1048891,137,20,20,7,0,0
1637865845728,46,Small,200,OK,true,51511,138,20,20,10,0,0
1637865845654,131,Medium-Large,200,OK,true,512313,139,20,20,7,0,0
1637865845701,92,Medium,200,OK,true,307513,139,20,20,10,0,0
1637865845704,91,Medium,200,OK,true,307513,139,20,20,9,0,0
1637865845552,246,Large,200,OK,true,1048891,137,20,20,8,0,0
1637865845793,20,Small,200,OK,true,51511,138,20,20,8,0,0
1637865845798,18,Small,200,OK,true,51511,138,20,20,9,0,0
1637865845756,82,Medium,200,OK,true,307513,139,20,20,10,0,0
1637865845750,93,Medium,200,OK,true,307513,139,20,20,9,0,0
1637865845688,155,Medium-Large,200,OK,true,512313,139,20,20,9,0,0
1637865845689,156,Medium-Large,200,OK,true,512313,139,20,20,8,0,0
1637865845771,116,Medium,200,OK,true,307513,139,20,20,10,0,0
1637865845872,18,Small,200,OK,true,51511,138,20,20,9,0,0
1637865845793,103,Medium,200,OK,true,307513,139,20,20,10,0,0
1637865845631,272,Medium-Large,200,OK,true,512313,139,20,20,8,0,0
1637865845888,20,Small,200,OK,true,51511,138,20,20,11,0,0
1637865845877,33,Small-Medium,200,OK,true,102713,139,20,20,11,0,0
1637865845785,140,Medium-Large,200,OK,true,512313,139,20,20,8,0,0
1637865845749,178,Medium-Large,200,OK,true,512313,139,20,20,9,0,0
1637865845845,103,Medium,200,OK,true,307513,139,20,20,11,0,0
1637865845795,167,Medium-Large,200,OK,true,512313,139,20,20,10,0,0
1637865845958,23,Small,200,OK,true,51511,138,20,20,10,0,0
1637865844528,1458,Large,200,OK,true,1048891,137,20,20,8,0,0
1637865845578,415,Large,200,OK,true,1048890,137,20,20,9,0,0
1637865845968,26,Small,200,OK,true,51511,138,20,20,10,0,0
1637865845963,43,Small-Medium,200,OK,true,102713,139,20,20,12,0,0
1637865845559,451,Medium,200,OK,true,307513,139,20,20,10,0,0
1637865845843,170,Medium-Large,200,OK,true,512313,139,20,20,11,0,0
1637865845994,26,Small,200,OK,true,51510,138,20,20,9,0,0
1637865845986,68,Small,200,OK,true,51511,138,20,20,8,0,0
1637865845896,163,Medium-Large,200,OK,true,512313,139,20,20,9,0,0
1637865845728,331,Large,200,OK,true,1048891,137,20,20,10,0,0
1637865846042,40,Small-Medium,200,OK,true,102713,139,20,20,10,0,0
1637865845952,146,Medium-Large,200,OK,true,512313,139,20,20,9,0,0
1637865845797,307,Large,200,OK,true,1048891,137,20,20,10,0,0
1637865845927,188,Medium-Large,200,OK,true,512313,139,20,20,10,0,0
1637865846038,83,Medium,200,OK,true,307513,139,20,20,9,0,0
1637865846104,20,Small,200,OK,true,51511,138,20,20,10,0,0
1637865845838,289,Large,200,OK,true,1048891,137,20,20,8,0,0
1637865846065,73,Small,200,OK,true,51511,138,20,20,8,0,0
1637865845843,296,Large,200,OK,true,1048891,137,20,20,8,0,0
1637865846122,34,Small-Medium,200,OK,true,102713,139,20,20,9,0,0
1637865846115,42,Small-Medium,200,OK,true,102713,139,20,20,11,0,0
1637865846048,115,Medium,200,OK,true,307513,139,20,20,11,0,0
1637865846010,166,Small-Medium,200,OK,true,102713,139,20,20,8,0,0
1637865846013,168,Medium-Large,200,OK,true,512313,139,20,20,7,0,0
1637865846163,18,Small,200,OK,true,51511,138,20,20,9,0,0
1637865846185,18,Small,200,OK,true,51511,138,20,20,9,0,0
1637865845925,281,Large,200,OK,true,1048891,137,20,20,8,0,0
1637865846074,141,Medium,200,OK,true,307512,139,20,20,9,0,0
1637865845690,527,Large,200,OK,true,1048891,137,20,20,10,0,0
1637865846139,82,Medium,200,OK,true,307513,139,20,20,10,0,0
1637865846060,167,Medium-Large,200,OK,true,512313,139,20,20,9,0,0
1637865846059,172,Medium-Large,200,OK,true,512313,139,20,20,9,0,0
1637865846099,144,Medium-Large,200,OK,true,512313,139,20,20,9,0,0
1637865845948,332,Large,200,OK,true,1048891,137,20,20,9,0,0
1637865846265,50,Small-Medium,200,OK,true,102713,139,20,20,10,0,0
1637865846243,87,Medium,200,OK,true,307513,139,20,20,10,0,0
1637865846227,110,Medium,200,OK,true,307513,139,20,20,10,0,0
1637865846206,147,Medium-Large,200,OK,true,512313,139,20,20,9,0,0
1637865846203,151,Medium-Large,200,OK,true,512313,139,20,20,9,0,0
1637865846181,189,Medium-Large,200,OK,true,512313,139,20,20,9,0,0
1637865846354,18,Small,200,OK,true,51511,138,20,20,10,0,0
1637865846221,174,Medium-Large,200,OK,true,512313,139,20,20,8,0,0
1637865846281,121,Medium,200,OK,true,307513,139,20,20,9,0,0
1637865846127,298,Large,200,OK,true,1048891,137,20,20,9,0,0
1637865846353,85,Medium,200,OK,true,307513,139,20,20,10,0,0
1637865846425,18,Small,200,OK,true,51511,138,20,20,9,0,0
1637865846345,115,Medium,200,OK,true,307513,139,20,20,9,0,0
1637865846123,345,Large,200,OK,true,1048891,137,20,20,10,0,0
1637865846217,259,Medium-Large,200,OK,true,512313,139,20,20,9,0,0
1637865846370,115,Medium,200,OK,true,307513,139,20,20,10,0,0
1637865846337,181,Medium-Large,200,OK,true,512313,139,20,20,9,0,0
1637865846435,87,Medium,200,OK,true,307513,139,20,20,10,0,0
1637865846485,41,Small-Medium,200,OK,true,102713,139,20,20,10,0,0
1637865845903,639,Large,200,OK,true,1048891,137,20,20,9,0,0
1637865846519,41,Small-Medium,200,OK,true,102713,139,20,20,9,0,0
1637865846195,376,Large,200,OK,true,1048891,137,20,20,10,0,0
1637865846460,113,Medium,200,OK,true,307513,139,20,20,10,0,0
1637865846468,113,Medium,200,OK,true,307513,139,20,20,9,0,0
1637865846438,149,Medium-Large,200,OK,true,512313,139,20,20,9,0,0
1637865845808,782,Large,200,OK,true,1048891,137,20,20,11,0,0
1637865846565,25,Small,200,OK,true,51511,138,20,20,8,0,0
1637865846231,365,Large,200,OK,true,1048891,137,20,20,9,0,0
1637865846542,73,Small-Medium,200,OK,true,102713,139,20,20,8,0,0
1637865846581,38,Small-Medium,200,OK,true,102713,139,20,20,10,0,0
1637865846243,376,Large,200,OK,true,1048891,137,20,20,9,0,0
1637865846587,34,Small-Medium,200,OK,true,102713,139,20,20,11,0,0
1637865846596,28,Small-Medium,200,OK,true,102713,139,20,20,10,0,0
1637865846477,149,Medium,200,OK,true,307513,139,20,20,10,0,0
1637865846330,301,Large,200,OK,true,1048891,137,20,20,9,0,0
1637865846619,18,Small,200,OK,true,51511,138,20,20,10,0,0
1637865846177,469,Medium,200,OK,true,307513,139,20,20,8,0,0
1637865846645,36,Small-Medium,200,OK,true,102713,139,20,20,9,0,0
1637865846622,63,Small-Medium,200,OK,true,102713,139,20,20,10,0,0
1637865846395,318,Large,200,OK,true,1048891,137,20,20,10,0,0
1637865846573,147,Medium-Large,200,OK,true,512313,139,20,20,9,0,0
1637865846713,42,Small-Medium,200,OK,true,102713,139,20,20,10,0,0
1637865846598,165,Medium-Large,200,OK,true,512313,139,20,20,10,0,0
1637865846626,137,Medium,200,OK,true,307513,139,20,20,9,0,0
1637865845249,1515,Large,200,OK,true,1048891,137,20,20,6,0,0
1637865846720,47,Small-Medium,200,OK,true,102713,139,20,20,8,0,0
1637865846402,366,Large,200,OK,true,1048891,137,20,20,10,0,0
1637865846215,556,Large,200,OK,true,1048890,137,20,20,10,0,0
1637865846631,145,Medium-Large,200,OK,true,512313,139,20,20,8,0,0
1637865846661,116,Medium,200,OK,true,307513,139,20,20,9,0,0
1637865846763,32,Small-Medium,200,OK,true,102713,139,20,20,8,0,0
1637865846505,293,Large,200,OK,true,1048891,137,20,20,10,0,0
1637865846668,134,Medium-Large,200,OK,true,512313,139,20,20,9,0,0
1637865846522,282,Large,200,OK,true,1048891,137,20,20,9,0,0
1637865846799,30,Small-Medium,200,OK,true,102713,139,20,20,8,0,0
1637865846677,177,Medium-Large,200,OK,true,512313,139,20,20,10,0,0
1637865846700,173,Medium-Large,200,OK,true,512313,139,20,20,8,0,0
1637865846776,110,Medium,200,OK,true,307513,139,20,20,8,0,0
1637865846805,97,Medium,200,OK,true,307513,139,20,20,6,0,0
1637865846879,25,Small,200,OK,true,51511,138,20,20,11,0,0
1637865846725,189,Medium-Large,200,OK,true,512313,139,20,20,9,0,0
1637865846571,359,Large,200,OK,true,1048891,137,20,20,13,0,0
1637865846902,32,Small-Medium,200,OK,true,102713,139,20,20,8,0,0
1637865846914,23,Small,200,OK,true,51511,138,20,20,8,0,0
1637865846701,239,Medium-Large,200,OK,true,512313,139,20,20,10,0,0
1637865846843,106,Medium,200,OK,true,307513,139,20,20,7,0,0
1637865846930,21,Small,200,OK,true,51511,138,20,20,8,0,0
1637865846802,156,Medium-Large,200,OK,true,512313,139,20,20,8,0,0
1637865846854,107,Medium,200,OK,true,307513,139,20,20,7,0,0
1637865846940,29,Small,200,OK,true,51511,138,20,20,8,0,0
1637865846763,209,Medium-Large,200,OK,true,512313,139,20,20,8,0,0
1637865846800,178,Medium-Large,200,OK,true,512313,139,20,20,8,0,0
1637865846961,30,Small-Medium,200,OK,true,102713,139,20,20,7,0,0
1637865846646,397,Medium,200,OK,true,307513,139,20,20,10,0,0
1637865846958,87,Medium,200,OK,true,307513,139,20,20,7,0,0
1637865846887,159,Medium-Large,200,OK,true,512313,139,20,20,8,0,0
1637865847011,42,Small-Medium,200,OK,true,102713,139,20,20,7,0,0
1637865847045,35,Small-Medium,200,OK,true,102713,139,20,20,7,0,0
1637865847042,42,Small-Medium,200,OK,true,102713,139,20,20,8,0,0
1637865847046,46,Small-Medium,200,OK,true,102713,139,20,20,7,0,0
1637865846768,347,Large,200,OK,true,1048891,137,20,20,9,0,0
1637865847090,31,Small-Medium,200,OK,true,102713,139,20,20,7,0,0
1637865846793,340,Large,200,OK,true,1048891,137,20,20,8,0,0
1637865847020,126,Medium,200,OK,true,307513,139,20,20,7,0,0
1637865846978,168,Medium-Large,200,OK,true,512313,139,20,20,7,0,0
1637865847146,55,Small-Medium,200,OK,true,102713,139,20,20,8,0,0
1637865846874,333,Large,200,OK,true,1048891,137,20,20,7,0,0
1637865847171,40,Small-Medium,200,OK,true,102713,139,20,20,8,0,0
1637865846771,441,Medium-Large,200,OK,true,512312,139,20,20,9,0,0
1637865846777,446,Large,200,OK,true,1048891,137,20,20,8,0,0
1637865847207,18,Small,200,OK,true,51511,138,20,20,7,0,0
1637865847116,115,Medium,200,OK,true,307513,139,20,20,7,0,0
1637865847231,19,Small,200,OK,true,51511,138,20,20,8,0,0
1637865847146,115,Medium,200,OK,true,307513,139,20,20,9,0,0
1637865846959,309,Large,200,OK,true,1048891,137,20,20,8,0,0
1637865846145,1125,Large,200,OK,true,1048891,137,20,20,9,0,0
1637865847224,52,Small-Medium,200,OK,true,102713,139,20,20,9,0,0
1637865846983,299,Large,200,OK,true,1048891,137,20,20,7,0,0
1637865846949,334,Large,200,OK,true,1048891,137,20,20,8,0,0
1637865847282,15,Small,200,OK,true,51511,138,20,20,7,0,0
1637865846590,710,Large,200,OK,true,1048891,137,20,20,10,0,0
1637865847125,175,Medium-Large,200,OK,true,512313,139,20,20,8,0,0
1637865847133,169,Medium-Large,200,OK,true,512313,139,20,20,8,0,0
1637865847270,52,Small,200,OK,true,51511,138,20,20,8,0,0
1637865847311,18,Small,200,OK,true,51511,138,20,20,7,0,0
1637865847300,35,Small-Medium,200,OK,true,102713,139,20,20,8,0,0
1637865847300,37,Small,200,OK,true,51511,138,20,20,8,0,0
1637865846995,358,Large,200,OK,true,1048891,137,20,20,8,0,0
1637865847250,109,Medium,200,OK,true,307513,139,20,20,8,0,0
1637865847354,16,Small,200,OK,true,51511,138,20,20,6,0,0
1637865846972,411,Large,200,OK,true,1048891,137,20,20,8,0,0
1637865847283,102,Medium,200,OK,true,307513,139,20,20,7,0,0
1637865847269,121,Medium-Large,200,OK,true,512313,139,20,20,6,0,0
1637865847385,18,Small,200,OK,true,51511,138,20,20,7,0,0
1637865847391,19,Small,200,OK,true,51511,138,20,20,7,0,0
1637865847381,38,Small,200,OK,true,51511,138,20,20,9,0,0
1637865847125,298,Large,200,OK,true,1048891,137,20,20,9,0,0
1637865847303,140,Medium,200,OK,true,307513,139,20,20,11,0,0
1637865847350,93,Small-Medium,200,OK,true,102713,139,20,20,7,0,0
1637865847433,20,Small,200,OK,true,51511,138,20,20,8,0,0
1637865847359,95,Medium,200,OK,true,307513,139,20,20,7,0,0
1637865847121,347,Large,200,OK,true,1048891,137,20,20,8,0,0
1637865847390,89,Medium,200,OK,true,307513,139,20,20,8,0,0
1637865847460,34,Small,200,OK,true,51511,138,20,20,7,0,0
1637865847361,133,Medium-Large,200,OK,true,512313,139,20,20,8,0,0
1637865847479,33,Small-Medium,200,OK,true,102713,139,20,20,7,0,0
1637865847454,103,Medium,200,OK,true,307513,139,20,20,7,0,0
1637865847468,106,Medium,200,OK,true,307513,139,20,20,8,0,0
1637865847541,34,Small,200,OK,true,51511,138,20,20,7,0,0
1637865847574,20,Small,200,OK,true,51511,138,20,20,7,0,0
1637865847261,342,Large,200,OK,true,1048891,137,20,20,8,0,0
1637865847287,328,Large,200,OK,true,1048891,137,20,20,7,0,0
1637865847513,114,Medium,200,OK,true,307513,139,20,20,7,0,0
1637865847226,417,Large,200,OK,true,1048891,137,20,20,7,0,0
1637865847303,341,Large,200,OK,true,1048891,137,20,20,8,0,0
1637865847044,626,Medium-Large,200,OK,true,512313,139,20,20,7,0,0
1637865847644,27,Small,200,OK,true,51511,138,20,20,7,0,0
1637865847444,248,Medium-Large,200,OK,true,512313,139,20,20,13,0,0
1637865847643,72,Small-Medium,200,OK,true,102713,139,20,20,8,0,0
1637865847692,27,Small,200,OK,true,51511,138,20,20,10,0,0
1637865847560,160,Medium-Large,200,OK,true,512313,139,20,20,7,0,0
1637865847381,343,Large,200,OK,true,1048891,137,20,20,7,0,0
1637865847423,309,Large,200,OK,true,1048891,137,20,20,8,0,0
1637865847628,110,Medium,200,OK,true,307513,139,20,20,7,0,0
1637865847616,123,Medium,200,OK,true,307513,139,20,20,7,0,0
1637865847720,35,Small-Medium,200,OK,true,102713,139,20,20,8,0,0
1637865847724,39,Small-Medium,200,OK,true,102713,139,20,20,8,0,0
1637865847740,24,Small,200,OK,true,51511,138,20,20,8,0,0
1637865847494,310,Large,200,OK,true,1048891,137,20,20,8,0,0
1637865847383,421,Large,200,OK,true,1048891,137,20,20,8,0,0
1637865847465,340,Large,200,OK,true,1048891,137,20,20,7,0,0
1637865846764,1042,Large,200,OK,true,1048891,137,20,20,9,0,0
1637865847212,598,Large,200,OK,true,1048855,137,20,20,8,0,0
1637865847800,18,Small,200,OK,true,51511,138,20,20,8,0,0
1637865847805,16,Small,200,OK,true,51511,138,20,20,8,0,0
1637865847804,22,Small,200,OK,true,51511,138,20,20,7,0,0
1637865847471,357,Large,200,OK,true,1048891,137,20,20,7,0,0
1637865847725,105,Medium,200,OK,true,307513,139,20,20,9,0,0
1637865847805,27,Small,200,OK,true,51511,138,20,20,9,0,0
1637865847805,27,Small,200,OK,true,51511,138,20,20,9,0,0
1637865847810,78,Small-Medium,200,OK,true,102714,139,20,20,16,0,8
1637865847880,16,Small,200,OK,true,51511,138,20,20,8,0,0
1637865847820,80,Medium,200,OK,true,307513,139,20,20,8,0,0
1637865847885,23,Small,200,OK,true,51511,138,20,20,9,0,0
1637865847884,33,Small,200,OK,true,51511,138,20,20,11,0,0
1637865847773,144,Medium-Large,200,OK,true,512313,139,20,20,8,0,0
1637865847557,362,Large,200,OK,true,1048891,137,20,20,7,0,0
1637865847884,37,Small-Medium,200,OK,true,102713,139,20,20,9,0,0
1637865847830,91,Medium,200,OK,true,307513,139,20,20,8,0,0
1637865847603,320,Large,200,OK,true,1048891,137,20,20,8,0,0
1637865847900,30,Small-Medium,200,OK,true,102713,139,20,20,8,0,0
1637865847917,18,Small,200,OK,true,51511,138,20,20,8,0,0
1637865847923,34,Small-Medium,200,OK,true,102713,139,20,20,9,0,0
1637865847828,130,Medium-Large,200,OK,true,512313,139,20,20,8,0,0
1637865847732,228,Large,200,OK,true,1048891,137,20,20,8,0,0
1637865847654,309,Large,200,OK,true,1048891,137,20,20,16,0,0
1637865847891,74,Medium,200,OK,true,307513,139,20,20,8,0,0
1637865847723,242,Medium-Large,200,OK,true,512313,139,20,20,9,0,0
1637865847960,15,Small,200,OK,true,51511,138,20,20,8,0,0
1637865847960,18,Small-Medium,200,OK,true,102713,139,20,20,6,0,0
1637865847964,27,Small-Medium,200,OK,true,102713,139,20,20,8,0,0
1637865847921,71,Medium,200,OK,true,307513,139,20,20,9,0,0
1637865847965,30,Small-Medium,200,OK,true,102713,139,20,20,8,0,0
1637865847919,83,Medium,200,OK,true,307513,139,20,20,8,0,0
1637865847739,267,Large,200,OK,true,1048891,137,20,20,7,0,0
1637865847884,129,Medium-Large,200,OK,true,512313,139,20,20,8,0,0
1637865848004,22,Small,200,OK,true,51511,138,20,20,6,0,0
1637865847963,78,Medium,200,OK,true,307513,139,20,20,7,0,0
1637865848044,22,Small,200,OK,true,51511,138,20,20,8,0,0
1637865847958,117,Medium-Large,200,OK,true,512313,139,20,20,6,0,0
1637865848045,40,Small-Medium,200,OK,true,102713,139,20,20,8,0,0
1637865848002,91,Medium,200,OK,true,307513,139,20,20,6,0,0
1637865847971,127,Medium-Large,200,OK,true,512313,139,20,20,7,0,0
1637865847965,138,Medium,200,OK,true,307513,139,20,20,8,0,0
1637865848094,16,Small,200,OK,true,51511,138,20,20,7,0,0
1637865848002,111,Medium,200,OK,true,307513,139,20,20,10,0,0
1637865848084,36,Small-Medium,200,OK,true,102713,139,20,20,8,0,0
1637865848098,27,Small-Medium,200,OK,true,102713,139,20,20,8,0,0
1637865848113,20,Small,200,OK,true,51511,138,20,20,9,0,0
1637865848044,101,Medium,200,OK,true,307513,139,20,20,8,0,0
1637865848040,143,Medium-Large,200,OK,true,512313,139,20,20,9,0,0
1637865848178,34,Small-Medium,200,OK,true,102713,139,20,20,7,0,0
1637865848145,104,Medium,200,OK,true,307513,139,20,20,9,0,0
1637865848249,23,Small,200,OK,true,51511,138,20,20,8,0,0
1637865848124,154,Medium-Large,200,OK,true,512313,139,20,20,8,0,0
1637865848164,114,Medium,200,OK,true,307513,139,20,20,8,0,0
1637865848173,109,Medium,200,OK,true,307513,139,20,20,8,0,0
1637865848258,35,Small-Medium,200,OK,true,102713,139,20,20,8,0,0
1637865847980,325,Large,200,OK,true,1048891,137,20,20,9,0,0
1637865847998,311,Large,200,OK,true,1048891,137,20,20,8,0,0
1637865848041,282,Large,200,OK,true,1048891,137,20,20,9,0,0
1637865848309,24,Small,200,OK,true,51511,138,20,20,8,0,0
1637865847671,664,Medium-Large,200,OK,true,512313,139,19,19,8,0,0
1637865848013,323,Large,200,OK,true,1048891,137,19,19,8,0,0
1637865848183,154,Medium-Large,200,OK,true,512313,139,19,19,9,0,0
1637865848006,336,Large,200,OK,true,1048891,137,19,19,8,0,0
1637865848338,22,Small,200,OK,true,51511,138,19,19,8,0,0
1637865847621,740,Large,200,OK,true,1048891,137,19,19,8,0,0
1637865848343,21,Small,200,OK,true,51511,138,19,19,7,0,0
1637865848329,37,Small-Medium,200,OK,true,102713,139,19,19,8,0,0
1637865848282,95,Medium,200,OK,true,307513,139,19,19,8,0,0
1637865848305,91,Medium,200,OK,true,307513,139,19,19,8,0,0
1637865847964,441,Large,200,OK,true,1048891,137,19,19,8,0,0
1637865848076,344,Large,200,OK,true,1048891,137,19,19,7,0,0
1637865848404,26,Small,200,OK,true,51511,138,19,19,9,0,0
1637865848278,157,Medium-Large,200,OK,true,512313,139,19,19,8,0,0
1637865848405,52,Small-Medium,200,OK,true,102713,139,19,19,8,0,0
1637865848435,23,Small,200,OK,true,51511,138,19,19,8,0,0
1637865848124,336,Large,200,OK,true,1048891,137,19,19,8,0,0
1637865847806,655,Medium-Large,200,OK,true,512313,139,19,19,8,0,0
1637865848377,90,Medium,200,OK,true,307513,139,19,19,8,0,0
1637865848467,24,Small,200,OK,true,51511,138,19,19,8,0,0
1637865848396,103,Medium,200,OK,true,307513,139,19,19,8,0,0
1637865848511,20,Small,200,OK,true,51511,138,19,19,8,0,0
1637865848193,355,Large,200,OK,true,1048891,137,19,19,8,0,0
1637865848414,139,Medium-Large,200,OK,true,512313,139,19,19,8,0,0
1637865848278,282,Large,200,OK,true,1048891,137,19,19,8,0,0
1637865848548,25,Small,200,OK,true,51511,138,19,19,9,0,0
1637865848543,34,Small-Medium,200,OK,true,102713,139,20,20,8,0,0
1637865848553,35,Small-Medium,200,OK,true,102713,139,20,20,17,0,0
1637865848420,174,Medium-Large,200,OK,true,512313,139,20,20,9,0,0
1637865848461,135,Small-Medium,200,OK,true,102713,139,20,20,11,0,0
1637865848324,273,Large,200,OK,true,1048891,137,20,20,8,0,0
1637865848587,15,Small,200,OK,true,51511,138,20,20,7,0,0
1637865848460,145,Medium-Large,200,OK,true,512313,139,20,20,10,0,0
1637865848337,269,Large,200,OK,true,1048891,137,20,20,9,0,0
1637865848607,19,Small,200,OK,true,51511,138,20,20,11,0,0
1637865848481,150,Medium-Large,200,OK,true,512313,139,20,20,9,0,0
1637865848336,312,Large,200,OK,true,1048891,137,20,20,8,0,0
1637865848500,148,Medium-Large,200,OK,true,512313,139,20,20,8,0,0
1637865848575,82,Small-Medium,200,OK,true,102714,139,20,20,16,0,8
1637865848624,36,Small-Medium,200,OK,true,102713,139,20,20,9,0,0
1637865848103,570,Large,200,OK,true,1048891,137,20,20,8,0,0
1637865848594,91,Medium,200,OK,true,307513,139,20,20,9,0,0
1637865848667,19,Small,200,OK,true,51511,138,20,20,10,0,0
1637865848685,19,Small,200,OK,true,51511,138,20,20,9,0,0
1637865848687,18,Small,200,OK,true,51511,138,20,20,9,0,0
1637865847444,1262,Large,200,OK,true,1048891,137,20,20,7,0,0
1637865848623,94,Medium,200,OK,true,307513,139,20,20,9,0,0
1637865848632,96,Medium,200,OK,true,307513,139,20,20,10,0,0
1637865848598,132,Medium-Large,200,OK,true,512313,139,20,20,9,0,0
1637865848596,137,Small-Medium,200,OK,true,102713,139,20,20,9,0,0
1637865848418,315,Large,200,OK,true,1048891,137,20,20,8,0,0
1637865848648,98,Medium,200,OK,true,307513,139,20,20,13,0,0
1637865848658,101,Medium,200,OK,true,307513,139,20,20,9,0,0
1637865848734,26,Small,200,OK,true,51511,138,20,20,11,0,0
1637865848361,411,Medium-Large,200,OK,true,512313,139,20,20,8,0,0
1637865848746,33,Small-Medium,200,OK,true,102713,139,20,20,10,0,0
1637865848759,39,Small-Medium,200,OK,true,102713,139,20,20,7,0,0
1637865848730,79,Medium,200,OK,true,307513,139,20,20,12,0,0
1637865848560,251,Large,200,OK,true,1048891,137,20,20,11,0,0
1637865848772,51,Small,200,OK,true,51511,138,20,20,10,0,0
1637865848811,20,Small,200,OK,true,51511,138,20,20,9,0,0
1637865848649,182,Medium-Large,200,OK,true,512313,139,20,20,13,0,0
1637865848673,184,Medium,200,OK,true,307513,139,20,20,9,0,0
1637865848827,41,Small-Medium,200,OK,true,102713,139,20,20,8,0,0
1637865848728,159,Medium-Large,200,OK,true,512313,139,20,20,7,0,0
1637865848717,171,Medium-Large,200,OK,true,512313,139,20,20,17,0,0
1637865848887,17,Small,200,OK,true,51511,138,20,20,9,0,0
1637865848888,17,Small,200,OK,true,51511,138,20,20,9,0,0
1637865848648,263,Large,200,OK,true,1048891,137,20,20,10,0,0
1637865848857,69,Small-Medium,200,OK,true,102713,139,20,20,9,0,0
1637865848605,321,Large,200,OK,true,1048891,137,20,20,8,0,0
1637865848747,182,Medium-Large,200,OK,true,512313,139,20,20,10,0,0
1637865848911,26,Small-Medium,200,OK,true,102713,139,20,20,9,0,0
1637865848480,460,Large,200,OK,true,1048891,137,20,20,8,0,0
1637865848927,17,Small,200,OK,true,51511,138,20,20,8,0,0
1637865848852,93,Small-Medium,200,OK,true,102713,139,20,20,10,0,0
1637865848810,140,Medium-Large,200,OK,true,512313,139,20,20,8,0,0
1637865848929,26,Small,200,OK,true,51511,138,20,20,10,0,0
1637865848973,18,Small,200,OK,true,51511,138,20,20,8,0,0
1637865848906,93,Medium,200,OK,true,307513,139,20,20,9,0,0
1637865848831,172,Medium-Large,200,OK,true,512313,139,20,20,7,0,0
1637865848950,64,Medium,200,OK,true,307513,139,20,20,9,0,0
1637865848839,183,Medium-Large,200,OK,true,512313,139,20,20,9,0,0
1637865848890,142,Medium-Large,200,OK,true,512313,139,20,20,9,0,0
1637865849022,19,Small,200,OK,true,51511,138,20,20,9,0,0
1637865848766,288,Large,200,OK,true,1048891,137,20,20,9,0,0
1637865849030,27,Small-Medium,200,OK,true,102713,139,20,20,9,0,0
1637865849048,17,Small,200,OK,true,51511,138,20,20,8,0,0
1637865848706,364,Medium,200,OK,true,307513,139,20,20,8,0,0
1637865848704,368,Large,200,OK,true,1048891,137,20,20,9,0,0
1637865848999,87,Medium,200,OK,true,307513,139,20,20,8,0,0
1637865848764,332,Large,200,OK,true,1048891,137,20,20,8,0,0
1637865848973,133,Medium-Large,200,OK,true,512313,139,20,20,10,0,0
1637865849010,103,Medium,200,OK,true,307513,139,20,20,9,0,0
1637865848937,191,Medium,200,OK,true,307513,139,20,20,8,0,0
1637865849054,82,Medium,200,OK,true,307513,139,20,20,10,0,0
1637865848992,145,Medium-Large,200,OK,true,512313,139,20,20,10,0,0
1637865848814,327,Large,200,OK,true,1048891,137,20,20,8,0,0
1637865849070,72,Small,200,OK,true,51511,138,20,20,10,0,0
1637865849110,32,Small-Medium,200,OK,true,102713,139,20,20,10,0,0
1637865849137,17,Small,200,OK,true,51511,138,20,20,9,0,0
1637865849106,61,Small-Medium,200,OK,true,102713,139,20,20,11,0,0
1637865849033,136,Medium-Large,200,OK,true,512313,139,20,20,8,0,0
1637865849072,103,Medium,200,OK,true,307513,139,20,20,9,0,0
1637865849086,94,Medium,200,OK,true,307513,139,20,20,9,0,0
1637865849136,60,Medium,200,OK,true,307513,139,20,20,8,0,0
1637865849097,103,Medium,200,OK,true,307513,139,20,20,8,0,0
1637865849176,39,Small-Medium,200,OK,true,102713,139,20,20,7,0,0
1637865849128,88,Medium,200,OK,true,307513,139,20,20,9,0,0
1637865849200,18,Small,200,OK,true,51511,138,20,20,9,0,0
1637865849180,39,Small-Medium,200,OK,true,102713,139,20,20,9,0,0
1637865849217,18,Small,200,OK,true,51511,138,20,20,9,0,0
1637865849141,105,Medium,200,OK,true,307513,139,20,20,10,0,0
1637865849102,177,Medium-Large,200,OK,true,512313,139,20,20,9,0,0
1637865849279,25,Small,200,OK,true,51511,138,20,20,8,0,0
1637865849007,301,Large,200,OK,true,1048891,137,20,20,8,0,0
1637865849186,140,Medium-Large,200,OK,true,512313,139,20,20,9,0,0
1637865849190,137,Medium-Large,200,OK,true,512313,139,20,20,8,0,0
1637865849003,350,Large,200,OK,true,1048891,137,20,20,8,0,0
1637865849217,179,Medium-Large,200,OK,true,512313,139,20,20,9,0,0
1637865849308,100,Medium,200,OK,true,307513,139,20,20,9,0,0
1637865849246,180,Medium-Large,200,OK,true,512313,139,20,20,8,0,0
1637865849113,326,Large,200,OK,true,1048891,137,20,20,9,0,0
1637865849260,183,Medium-Large,200,OK,true,512313,139,20,20,9,0,0
1637865849256,190,Medium-Large,200,OK,true,512313,139,20,20,9,0,0
1637865849408,40,Small-Medium,200,OK,true,102713,139,20,20,10,0,0
1637865849427,22,Small,200,OK,true,51510,138,20,20,10,0,0
1637865849281,173,Medium-Large,200,OK,true,512313,139,20,20,10,0,0
1637865848941,516,Large,200,OK,true,1048891,137,20,20,10,0,0
1637865849443,29,Small,200,OK,true,51511,138,20,20,9,0,0
1637865849327,156,Medium-Large,200,OK,true,512313,139,20,20,11,0,0
1637865849446,39,Small-Medium,200,OK,true,102713,139,20,20,9,0,0
1637865849327,174,Medium-Large,200,OK,true,512313,139,20,20,9,0,0
1637865848945,557,Medium-Large,200,OK,true,512313,139,20,20,8,0,0
1637865849483,19,Small,200,OK,true,51511,138,20,20,10,0,0
1637865849454,51,Small-Medium,200,OK,true,102713,139,20,20,18,0,0
1637865849216,290,Large,200,OK,true,1048891,137,20,20,8,0,0
1637865849169,343,Large,200,OK,true,1048891,137,20,20,7,0,0
1637865849353,161,Medium-Large,200,OK,true,512313,139,20,20,7,0,0
1637865849151,364,Medium,200,OK,true,307513,139,20,20,16,0,0
1637865849488,34,Small-Medium,200,OK,true,102713,139,20,20,10,0,0
1637865849506,17,Small,200,OK,true,51510,138,20,20,8,0,0
1637865849502,33,Small-Medium,200,OK,true,102713,139,20,20,8,0,0
1637865849514,25,Small-Medium,200,OK,true,102713,139,20,20,7,0,0
1637865849524,27,Small,200,OK,true,51511,138,20,20,11,0,0
1637865849297,261,Large,200,OK,true,1048891,137,20,20,8,0,0
1637865849534,30,Small-Medium,200,OK,true,102713,139,20,20,8,0,0
1637865849516,54,Small,200,OK,true,51511,138,20,20,7,0,0
1637865849558,23,Small-Medium,200,OK,true,102713,139,20,20,6,0,0
1637865849564,26,Small-Medium,200,OK,true,102713,139,20,20,7,0,0
1637865849513,83,Medium,200,OK,true,307513,139,20,20,11,0,0
1637865849583,32,Small-Medium,200,OK,true,102713,139,20,20,8,0,0
1637865849604,48,Small-Medium,200,OK,true,102713,139,20,20,10,0,0
1637865849638,18,Small,200,OK,true,51511,138,20,20,13,0,0
1637865849569,89,Medium,200,OK,true,307513,139,20,20,11,0,0
1637865849396,269,Large,200,OK,true,1048891,137,20,20,9,0,0
1637865849457,217,Medium-Large,200,OK,true,512313,139,20,20,16,0,0
1637865849526,153,Medium-Large,200,OK,true,512313,139,20,20,9,0,0
1637865849665,21,Small,200,OK,true,51511,138,20,20,10,0,0
1637865849663,46,Small-Medium,200,OK,true,102713,139,20,20,9,0,0
1637865849684,28,Small,200,OK,true,51511,138,20,20,11,0,0
1637865849614,101,Medium,200,OK,true,307513,139,20,20,9,0,0
1637865849439,277,Large,200,OK,true,1048891,137,20,20,9,0,0
1637865849674,44,Small,200,OK,true,51511,138,20,20,12,0,0
1637865849359,359,Large,200,OK,true,1048891,137,20,20,10,0,0
1637865849506,219,Large,200,OK,true,1048891,137,20,20,6,0,0
1637865849595,132,Small-Medium,200,OK,true,102713,139,20,20,12,0,0
1637865849594,135,Medium-Large,200,OK,true,512313,139,20,20,9,0,0
1637865849651,89,Medium,200,OK,true,307513,139,20,20,10,0,0
1637865849596,146,Medium-Large,200,OK,true,512313,139,20,20,9,0,0
1637865849717,28,Small-Medium,200,OK,true,102713,139,20,20,10,0,0
1637865849718,38,Small-Medium,200,OK,true,102713,139,20,20,11,0,0
1637865849128,631,Large,200,OK,true,1048891,137,20,20,10,0,0
1637865849729,36,Small-Medium,200,OK,true,102713,139,20,20,9,0,0
1637865849742,36,Small-Medium,200,OK,true,102713,139,20,20,11,0,0
1637865849764,26,Small,200,OK,true,51511,138,20,20,10,0,0
1637865849658,133,Medium-Large,200,OK,true,512313,139,20,20,7,0,0
1637865849725,70,Medium,200,OK,true,307513,139,20,20,10,0,0
1637865849715,91,Medium,200,OK,true,307513,139,20,20,8,0,0
1637865849740,68,Medium,200,OK,true,307513,139,20,20,9,0,0
1637865849745,78,Medium,200,OK,true,307513,139,20,20,10,0,0
1637865849791,35,Small-Medium,200,OK,true,102713,139,20,20,10,0,0
1637865849806,22,Small,200,OK,true,51511,138,20,20,13,0,0
1637865849742,88,Medium,200,OK,true,307513,139,20,20,12,0,0
1637865849820,17,Small,200,OK,true,51511,138,20,20,9,0,0
1637865849797,45,Small-Medium,200,OK,true,102713,139,20,20,9,0,0
1637865849587,256,Large,200,OK,true,1048890,137,20,20,7,0,0
1637865848335,1512,Large,200,OK,true,1048891,137,20,20,8,0,0
1637865849843,34,Small-Medium,200,OK,true,102712,139,20,20,8,0,0
1637865849753,128,Medium,200,OK,true,307513,139,20,20,10,0,0
1637865849806,88,Medium,200,OK,true,307513,139,20,20,9,0,0
1637865849826,79,Medium,200,OK,true,307513,139,20,20,7,0,0
1637865849881,27,Small,200,OK,true,51511,138,20,20,9,0,0
1637865849830,79,Medium,200,OK,true,307513,139,20,20,8,0,0
1637865849759,163,Medium,200,OK,true,307513,139,20,20,9,0,0
1637865849911,46,Small-Medium,200,OK,true,102713,139,20,20,8,0,0
1637865849923,34,Small,200,OK,true,51510,138,20,20,10,0,0
1637865849809,160,Medium-Large,200,OK,true,512313,139,20,20,10,0,0
1637865849922,47,Small,200,OK,true,51511,138,20,20,9,0,0
1637865849900,74,Medium,200,OK,true,307513,139,20,20,8,0,0
1637865849962,28,Small,200,OK,true,51511,138,20,20,8,0,0
1637865849894,107,Medium,200,OK,true,307513,139,20,20,9,0,0
1637865849502,504,Medium-Large,200,OK,true,512313,139,20,20,10,0,0
1637865849980,29,Small-Medium,200,OK,true,102713,139,20,20,9,0,0
1637865849969,44,Small-Medium,200,OK,true,102713,139,20,20,10,0,0
1637865849848,168,Small-Medium,200,OK,true,102713,139,20,20,9,0,0
1637865849679,337,Large,200,OK,true,1048891,137,20,20,10,0,0
1637865849844,179,Medium-Large,200,OK,true,512313,139,20,20,10,0,0
1637865850003,20,Small,200,OK,true,51510,138,20,20,10,0,0
1637865849717,311,Large,200,OK,true,1048891,137,20,20,9,0,0
1637865849905,136,Medium-Large,200,OK,true,512313,139,20,20,9,0,0
1637865849877,178,Medium-Large,200,OK,true,512313,139,20,20,10,0,0
1637865849798,285,Large,200,OK,true,1048891,137,20,20,9,0,0
1637865850060,26,Small-Medium,200,OK,true,102713,139,20,20,10,0,0
1637865849727,365,Medium,200,OK,true,307513,139,20,20,9,0,0
1637865850002,93,Medium,200,OK,true,307513,139,20,20,8,0,0
1637865850016,94,Small,200,OK,true,51511,138,20,20,10,0,0
1637865849822,294,Large,200,OK,true,1048890,137,20,20,8,0,0
1637865849886,270,Large,200,OK,true,1048891,137,20,20,10,0,0
1637865848733,1454,Large,200,OK,true,1048891,137,20,20,8,0,0
1637865850110,80,Small,200,OK,true,51511,138,20,20,8,0,0
1637865850042,149,Medium,200,OK,true,307513,139,20,20,10,0,0
1637865849872,334,Large,200,OK,true,1048891,137,20,20,8,0,0
1637865850016,202,Medium-Large,200,OK,true,512313,139,20,20,9,0,0
1637865850041,178,Medium-Large,200,OK,true,512313,139,20,20,10,0,0
1637865850191,30,Small,200,OK,true,51511,138,20,20,10,0,0
1637865850218,26,Small,200,OK,true,51511,138,20,20,8,0,0
1637865850055,201,Medium-Large,200,OK,true,512313,139,20,20,9,0,0
1637865850187,79,Small,200,OK,true,51511,138,20,20,8,0,0
1637865850190,78,Small,200,OK,true,51511,138,20,20,8,0,0
1637865850083,198,Medium-Large,200,OK,true,512312,139,20,20,7,0,0
1637865850096,186,Medium-Large,200,OK,true,512313,139,20,20,10,0,0
1637865850148,144,Medium-Large,200,OK,true,512313,139,20,20,11,0,0
1637865850256,37,Small-Medium,200,OK,true,102713,139,20,20,10,0,0
1637865850157,148,Medium-Large,200,OK,true,512313,139,20,20,8,0,0
1637865850282,36,Small-Medium,200,OK,true,102712,139,20,20,8,0,0
1637865850292,30,Small-Medium,200,OK,true,102713,139,20,20,9,0,0
1637865849990,344,Large,200,OK,true,1048891,137,20,20,8,0,0
1637865850207,144,Medium-Large,200,OK,true,512313,139,20,20,10,0,0
1637865850023,330,Large,200,OK,true,1048891,137,20,20,8,0,0
1637865850083,272,Large,200,OK,true,1048891,137,20,20,9,0,0
1637865850029,328,Large,200,OK,true,1048891,137,20,20,8,0,0
1637865850334,30,Small,200,OK,true,51511,138,20,20,10,0,0
1637865850355,18,Small,200,OK,true,51511,138,20,20,10,0,0
1637865850357,17,Small,200,OK,true,51511,138,20,20,9,0,0
1637865850351,27,Small-Medium,200,OK,true,102713,139,20,20,10,0,0
1637865850048,369,Large,200,OK,true,1048891,137,20,20,11,0,0
1637865850116,313,Large,200,OK,true,1048890,137,20,20,9,0,0
1637865850373,70,Medium,200,OK,true,307513,139,20,20,9,0,0
1637865850299,159,Medium-Large,200,OK,true,512313,139,20,20,10,0,0
1637865850432,30,Small,200,OK,true,51511,138,20,20,10,0,0
1637865850436,32,Small-Medium,200,OK,true,102713,139,20,20,10,0,0
1637865850458,27,Small,200,OK,true,51511,138,20,20,11,0,0
1637865850362,155,Medium-Large,200,OK,true,512312,139,20,20,8,0,0
1637865850336,181,Medium-Large,200,OK,true,512313,139,20,20,10,0,0
1637865850453,77,Medium,200,OK,true,307513,139,20,20,10,0,0
1637865850517,21,Small,200,OK,true,51475,138,20,20,10,0,0
1637865850006,540,Medium-Large,200,OK,true,512313,139,20,20,9,0,0
1637865850219,332,Large,200,OK,true,1048891,137,20,20,12,0,0
1637865850517,44,Small-Medium,200,OK,true,102713,139,20,20,10,0,0
1637865850551,24,Small,200,OK,true,51511,138,20,20,11,0,0
1637865850305,281,Large,200,OK,true,1048891,137,20,20,10,0,0
1637865850437,160,Medium-Large,200,OK,true,512313,139,20,20,11,0,0
1637865850282,321,Large,200,OK,true,1048891,137,20,20,9,0,0
1637865850547,61,Small,200,OK,true,51511,138,20,20,9,0,0
1637865850415,195,Medium-Large,200,OK,true,512313,139,20,20,19,0,0
1637865850533,82,Medium,200,OK,true,307513,139,20,20,10,0,0
1637865850512,114,Medium,200,OK,true,307513,139,20,20,10,0,0
1637865850597,32,Small,200,OK,true,51511,138,20,20,11,0,0
1637865850615,19,Small,200,OK,true,51510,138,20,20,10,0,0
1637865850002,644,Large,200,OK,true,1048891,137,20,20,9,0,0
1637865850353,297,Large,200,OK,true,1048891,137,20,20,10,0,0
1637865850586,71,Medium,200,OK,true,307513,139,20,20,9,0,0
1637865850650,18,Small,200,OK,true,51511,138,20,20,9,0,0
1637865850597,94,Medium,200,OK,true,307512,139,20,20,13,0,0
1637865850667,27,Small-Medium,200,OK,true,102713,139,20,20,16,0,0
1637865850627,90,Small-Medium,200,OK,true,102713,139,20,20,10,0,0
1637865850627,104,Medium,200,OK,true,307513,139,20,20,8,0,0
1637865850429,326,Large,200,OK,true,1048890,137,20,20,13,0,0
1637865850755,19,Small,200,OK,true,51510,138,20,20,9,0,0
1637865850417,358,Large,200,OK,true,1048891,137,20,20,17,0,0
1637865850272,509,Large,200,OK,true,1048891,137,20,20,10,0,0
1637865850632,154,Medium-Large,200,OK,true,512313,139,20,20,10,0,0
1637865850516,293,Large,200,OK,true,1048891,137,20,20,9,0,0
1637865850786,27,Small,200,OK,true,51511,138,20,20,9,0,0
1637865850646,177,Medium,200,OK,true,307513,139,20,20,10,0,0
1637865850598,240,Medium-Large,200,OK,true,512314,139,20,20,18,0,9
1637865850782,56,Small-Medium,200,OK,true,102713,139,20,20,9,0,0
1637865850835,38,Small-Medium,200,OK,true,102712,139,20,20,10,0,0
1637865850538,346,Large,200,OK,true,1048891,137,20,20,10,0,0
1637865850810,83,Medium,200,OK,true,307513,139,20,20,8,0,0
1637865850610,290,Large,200,OK,true,1048891,137,20,20,9,0,0
1637865850862,48,Small-Medium,200,OK,true,102713,139,20,20,9,0,0
1637865850894,19,Small,200,OK,true,51511,138,20,20,9,0,0
1637865850603,336,Large,200,OK,true,1048891,137,20,20,9,0,0
1637865850914,45,Small-Medium,200,OK,true,102712,139,20,20,9,0,0
1637865850939,22,Small,200,OK,true,51511,138,20,20,10,0,0
1637865850866,107,Medium,200,OK,true,307513,139,20,20,10,0,0
1637865850695,290,Large,200,OK,true,1048890,137,20,20,9,0,0
1637865850974,27,Small-Medium,200,OK,true,102713,139,20,20,11,0,0
1637865850985,26,Small-Medium,200,OK,true,102712,139,20,20,8,0,0
1637865850691,337,Large,200,OK,true,1048890,137,20,20,7,0,0
1637865850747,297,Large,200,OK,true,1048891,137,20,20,11,0,0
1637865850683,361,Large,200,OK,true,1048891,137,20,20,9,0,0
1637865851028,18,Small,200,OK,true,51511,138,20,20,10,0,0
1637865850900,146,Medium-Large,200,OK,true,512313,139,20,20,9,0,0
1637865850270,778,Medium-Large,200,OK,true,512313,139,20,20,10,0,0
1637865850730,321,Large,200,OK,true,1048891,137,20,20,9,0,0
1637865850732,333,Large,200,OK,true,1048891,137,20,20,8,0,0
1637865851051,20,Small,200,OK,true,51511,138,20,20,11,0,0
1637865851054,18,Small,200,OK,true,51511,138,20,20,9,0,0
1637865851046,46,Small-Medium,200,OK,true,102713,139,20,20,11,0,0
1637865850942,166,Medium,200,OK,true,307513,139,20,20,10,0,0
1637865850775,336,Large,200,OK,true,1048891,137,20,20,10,0,0
1637865851048,79,Small,200,OK,true,51511,138,20,20,11,0,0
1637865850973,156,Medium-Large,200,OK,true,512313,139,20,20,11,0,0
1637865851112,26,Small,200,OK,true,51511,138,20,20,9,0,0
1637865851108,58,Small-Medium,200,OK,true,102713,139,20,20,10,0,0
1637865850838,338,Large,200,OK,true,1048891,137,20,20,10,0,0
1637865851065,128,Medium-Large,200,OK,true,512312,139,20,20,7,0,0
1637865851176,20,Small,200,OK,true,51511,138,20,20,10,0,0
1637865851128,78,Small,200,OK,true,51511,138,20,20,9,0,0
1637865851134,93,Medium,200,OK,true,307513,139,20,20,9,0,0
1637865850884,345,Large,200,OK,true,1048891,137,20,20,9,0,0
1637865851129,103,Medium,200,OK,true,307513,139,20,20,8,0,0
1637865851229,27,Small,200,OK,true,51511,138,20,20,9,0,0
1637865850717,553,Medium-Large,200,OK,true,512313,139,20,20,9,0,0
1637865851232,44,Small-Medium,200,OK,true,102713,139,20,20,10,0,0
1637865851257,32,Small-Medium,200,OK,true,102713,139,20,20,9,0,0
1637865851208,86,Small,200,OK,true,51511,138,20,20,18,0,0
1637865851191,108,Medium,200,OK,true,307513,139,20,20,10,0,0
1637865850994,310,Large,200,OK,true,1048890,137,20,20,9,0,0
1637865851227,81,Medium,200,OK,true,307513,139,20,20,9,0,0
1637865851044,266,Large,200,OK,true,1048891,137,20,20,10,0,0
1637865851131,184,Medium-Large,200,OK,true,512313,139,20,20,8,0,0
1637865851304,19,Small,200,OK,true,51510,138,20,20,8,0,0
1637865851310,16,Small,200,OK,true,51511,138,20,20,10,0,0
1637865851315,24,Small,200,OK,true,51511,138,20,20,9,0,0
1637865851028,314,Large,200,OK,true,1048890,137,20,20,13,0,0
1637865851312,35,Small-Medium,200,OK,true,102713,139,20,20,9,0,0
1637865851309,44,Small-Medium,200,OK,true,102713,139,20,20,10,0,0
1637865851065,315,Large,200,OK,true,1048891,137,20,20,9,0,0
1637865851380,17,Small,200,OK,true,51511,138,20,20,9,0,0
1637865851044,358,Large,200,OK,true,1048891,137,20,20,11,0,0
1637865851126,279,Large,200,OK,true,1048891,137,20,20,10,0,0
1637865851188,218,Medium-Large,200,OK,true,512313,139,20,20,8,0,0
1637865851385,27,Small,200,OK,true,51510,138,20,20,9,0,0
1637865851099,315,Large,200,OK,true,1048891,137,20,20,7,0,0
1637865851406,29,Small,200,OK,true,51511,138,20,20,10,0,0
1637865851193,243,Large,200,OK,true,1048890,137,20,20,9,0,0
1637865851299,138,Medium-Large,200,OK,true,512313,139,20,20,7,0,0
1637865850824,615,Large,200,OK,true,1048891,137,20,20,9,0,0
1637865851436,17,Small,200,OK,true,51510,138,20,20,8,0,0
1637865851390,79,Medium,200,OK,true,307513,139,20,20,9,0,0
1637865851392,87,Medium,200,OK,true,307513,139,20,20,9,0,0
1637865851343,138,Medium-Large,200,OK,true,512312,139,20,20,8,0,0
1637865851406,81,Medium,200,OK,true,307513,139,20,20,9,0,0
1637865851414,112,Medium,200,OK,true,307513,139,20,20,10,0,0
1637865851486,44,Small-Medium,200,OK,true,102713,139,20,20,6,0,0
1637865851516,17,Small,200,OK,true,51510,138,20,20,6,0,0
1637865851389,181,Medium-Large,200,OK,true,512313,139,20,20,9,0,0
1637865851526,48,Small-Medium,200,OK,true,102713,139,20,20,6,0,0
1637865851461,127,Medium,200,OK,true,307513,139,20,20,10,0,0
1637865851308,280,Large,200,OK,true,1048891,137,20,20,9,0,0
1637865851570,20,Small,200,OK,true,51511,138,20,20,9,0,0
1637865851567,26,Small,200,OK,true,51511,138,20,20,8,0,0
1637865851437,172,Medium-Large,200,OK,true,512313,139,20,20,8,0,0
1637865851589,28,Small-Medium,200,OK,true,102713,139,20,20,7,0,0
1637865850092,1528,Large,200,OK,true,1048891,137,20,20,9,0,0
1637865851588,38,Small-Medium,200,OK,true,102713,139,20,20,10,0,0
1637865851465,164,Medium-Large,200,OK,true,512277,139,20,20,10,0,0
1637865851487,167,Medium-Large,200,OK,true,512313,139,20,20,6,0,0
1637865851482,177,Medium-Large,200,OK,true,512312,139,20,20,6,0,0
1637865851270,391,Medium-Large,200,OK,true,512313,139,20,20,10,0,0
1637865851596,75,Medium,200,OK,true,307512,139,20,20,9,0,0
1637865851654,36,Small-Medium,200,OK,true,102713,139,20,20,8,0,0
1637865851669,27,Small,200,OK,true,51511,138,20,20,10,0,0
1637865851669,27,Small-Medium,200,OK,true,102713,139,20,20,9,0,0
1637865851337,362,Large,200,OK,true,1048891,137,20,20,9,0,0
1637865851439,268,Medium-Large,200,OK,true,512313,139,20,20,9,0,0
1637865851395,312,Large,200,OK,true,1048891,137,20,20,9,0,0
1637865851294,416,Medium,200,OK,true,307513,139,20,20,8,0,0
1637865851469,274,Large,200,OK,true,1048891,137,20,20,9,0,0
1637865850268,1488,Large,200,OK,true,1048891,137,20,20,11,0,0
1637865851402,356,Large,200,OK,true,1048891,137,20,20,10,0,0
1637865851734,27,Small,200,OK,true,51511,138,20,20,12,0,0
1637865851606,156,Medium-Large,200,OK,true,512313,139,20,20,9,0,0
1637865851707,57,Small-Medium,200,OK,true,102713,139,20,20,10,0,0
1637865851646,127,Medium,200,OK,true,307513,139,20,20,9,0,0
1637865851479,298,Large,200,OK,true,1048891,137,20,20,9,0,0
1637865851762,22,Small,200,OK,true,51511,138,20,20,11,0,0
1637865851743,69,Medium,200,OK,true,307513,139,20,20,13,0,0
1637865851659,157,Medium-Large,200,OK,true,512312,139,20,20,8,0,0
1637865851823,27,Small-Medium,200,OK,true,102713,139,20,20,9,0,0
1637865851756,94,Medium,200,OK,true,307513,139,20,20,11,0,0
1637865851707,151,Medium-Large,200,OK,true,512313,139,20,20,10,0,0
1637865851842,19,Small,200,OK,true,51511,138,20,20,9,0,0
1637865851710,165,Small-Medium,200,OK,true,102713,139,20,20,10,0,0
1637865851858,26,Small,200,OK,true,51511,138,20,20,9,0,0
1637865851629,264,Medium,200,OK,true,307514,139,20,20,17,0,8
1637865851777,138,Medium-Large,200,OK,true,512313,139,20,20,11,0,0
1637865851817,100,Medium,200,OK,true,307512,139,20,20,10,0,0
1637865851758,163,Medium-Large,200,OK,true,512313,139,20,20,6,0,0
1637865851610,318,Large,200,OK,true,1048891,137,20,20,9,0,0
1637865851676,261,Large,200,OK,true,1048890,137,20,20,9,0,0
1637865851921,21,Small,200,OK,true,51511,138,20,20,9,0,0
1637865851875,81,Small,200,OK,true,51511,138,20,20,9,0,0
1637865851787,186,Medium,200,OK,true,307513,139,20,20,9,0,0
1637865851650,330,Large,200,OK,true,1048891,137,20,20,7,0,0
1637865851903,82,Medium,200,OK,true,307513,139,20,20,9,0,0
1637865851620,383,Medium,200,OK,true,307513,139,20,20,8,0,0
1637865851937,75,Medium,200,OK,true,307477,139,20,20,10,0,0
1637865851980,39,Small-Medium,200,OK,true,102713,139,20,20,9,0,0
1637865851699,329,Large,200,OK,true,1048891,137,20,20,9,0,0
1637865851939,93,Medium,200,OK,true,307513,139,20,20,10,0,0
1637865851922,114,Medium,200,OK,true,307513,139,20,20,10,0,0
1637865851773,264,Medium-Large,200,OK,true,512313,139,20,20,10,0,0
1637865852032,21,Small,200,OK,true,51511,138,20,20,11,0,0
1637865852036,19,Small,200,OK,true,51511,138,20,20,9,0,0
1637865851985,82,Medium,200,OK,true,307513,139,20,20,8,0,0
1637865851915,155,Medium-Large,200,OK,true,512313,139,20,20,8,0,0
1637865851756,314,Large,200,OK,true,1048891,137,20,20,7,0,0
1637865852070,25,Small,200,OK,true,51511,138,20,20,9,0,0
1637865852061,34,Small,200,OK,true,51511,138,20,20,8,0,0
1637865851929,166,Medium-Large,200,OK,true,512313,139,20,20,10,0,0
1637865852037,58,Small-Medium,200,OK,true,102713,139,20,20,10,0,0
1637865851815,291,Large,200,OK,true,1048891,137,20,20,9,0,0
1637865852002,105,Medium,200,OK,true,307513,139,20,20,11,0,0
1637865852095,19,Small,200,OK,true,51511,138,20,20,8,0,0
1637865851850,271,Large,200,OK,true,1048891,137,20,20,10,0,0
1637865852003,125,Small-Medium,200,OK,true,102713,139,20,20,11,0,0
1637865851956,177,Small-Medium,200,OK,true,102713,139,20,20,8,0,0
1637865852018,123,Small-Medium,200,OK,true,102714,139,20,20,16,0,8
1637865852122,27,Small-Medium,200,OK,true,102713,139,20,20,11,0,0
1637865852117,47,Small-Medium,200,OK,true,102713,139,20,20,11,0,0
1637865852070,100,Medium,200,OK,true,307513,139,20,20,11,0,0
1637865852106,69,Medium,200,OK,true,307513,139,20,20,6,0,0
1637865852142,37,Small-Medium,200,OK,true,102713,139,20,20,8,0,0
1637865851661,520,Medium-Large,200,OK,true,512313,139,20,20,9,0,0
1637865852175,17,Small,200,OK,true,51511,138,20,20,8,0,0
1637865851917,280,Large,200,OK,true,1048890,137,20,20,9,0,0
1637865852186,16,Small,200,OK,true,51511,138,20,20,8,0,0
1637865851756,447,Medium,200,OK,true,307513,139,20,20,9,0,0
1637865852197,19,Small,200,OK,true,51510,138,20,20,9,0,0
1637865852150,128,Medium-Large,200,OK,true,512313,139,20,20,9,0,0
1637865852181,99,Small-Medium,200,OK,true,102713,139,20,20,9,0,0
1637865852266,18,Small,200,OK,true,51511,138,20,20,11,0,0
1637865852255,37,Small-Medium,200,OK,true,102713,139,20,20,10,0,0
1637865852170,122,Medium-Large,200,OK,true,512313,139,20,20,8,0,0
1637865852067,241,Large,200,OK,true,1048891,137,20,20,9,0,0
1637865852308,17,Small,200,OK,true,51511,138,20,20,8,0,0
1637865852202,133,Medium-Large,200,OK,true,512313,139,20,20,9,0,0
1637865852028,317,Large,200,OK,true,1048891,137,20,20,9,0,0
1637865852117,242,Medium-Large,200,OK,true,512313,139,20,20,11,0,0
1637865852204,171,Small-Medium,200,OK,true,102713,139,20,20,12,0,0
1637865852280,104,Small-Medium,200,OK,true,102713,139,20,20,13,0,0
1637865852222,163,Medium-Large,200,OK,true,512313,139,20,20,9,0,0
1637865852358,27,Small,200,OK,true,51511,138,20,20,10,0,0
1637865852384,22,Small,200,OK,true,51511,138,20,20,9,0,0
1637865852113,309,Large,200,OK,true,1048891,137,20,20,10,0,0
1637865852278,147,Medium-Large,200,OK,true,512277,139,20,20,10,0,0
1637865852345,89,Medium,200,OK,true,307513,139,20,20,10,0,0
1637865851893,544,Large,200,OK,true,1048891,137,20,20,9,0,0
1637865852108,329,Large,200,OK,true,1048891,137,20,20,6,0,0
1637865852278,159,Medium-Large,200,OK,true,512313,139,20,20,11,0,0
1637865852344,98,Medium,200,OK,true,307513,139,20,20,9,0,0
1637865852383,60,Small,200,OK,true,51511,138,20,20,9,0,0
1637865852434,18,Small,200,OK,true,51511,138,20,20,8,0,0
1637865852375,78,Small,200,OK,true,51510,138,20,20,8,0,0
1637865852387,71,Medium,200,OK,true,307513,139,20,20,10,0,0
1637865852442,26,Small,200,OK,true,51511,138,20,20,11,0,0
1637865852437,35,Small-Medium,200,OK,true,102713,139,20,20,9,0,0
1637865852438,37,Small,200,OK,true,51511,138,20,20,13,0,0
1637865852336,141,Medium-Large,200,OK,true,512313,139,20,20,9,0,0
1637865852467,17,Small,200,OK,true,51511,138,20,20,7,0,0
1637865852421,65,Medium,200,OK,true,307513,139,20,20,9,0,0
1637865852436,50,Small-Medium,200,OK,true,102713,139,20,20,8,0,0
1637865852464,28,Small-Medium,200,OK,true,102713,139,20,20,7,0,0
1637865852476,23,Small-Medium,200,OK,true,102713,139,20,20,9,0,0
1637865852424,82,Small,200,OK,true,51512,138,20,20,17,0,8
1637865852196,319,Large,200,OK,true,1048891,137,20,20,9,0,0
1637865852500,22,Small-Medium,200,OK,true,102713,139,20,20,8,0,0
1637865852514,21,Small-Medium,200,OK,true,102713,139,20,20,6,0,0
1637865852514,22,Small-Medium,200,OK,true,102713,139,20,20,7,0,0
1637865852335,203,Large,200,OK,true,1048891,137,20,20,9,0,0
1637865852517,23,Small,200,OK,true,51511,138,20,20,8,0,0
1637865852292,252,Large,200,OK,true,1048891,137,20,20,11,0,0
1637865851974,570,Large,200,OK,true,1048891,137,20,20,8,0,0
1637865852515,31,Small,200,OK,true,51511,138,20,20,9,0,0
1637865852437,111,Medium-Large,200,OK,true,512313,139,20,20,13,0,0
1637865852141,413,Large,200,OK,true,1048891,137,20,20,8,0,0
1637865852547,17,Small,200,OK,true,51511,138,20,20,8,0,0
1637865852543,21,Small-Medium,200,OK,true,102713,139,20,20,6,0,0
1637865852549,35,Small-Medium,200,OK,true,102713,139,20,20,7,0,0
1637865852537,49,Medium,200,OK,true,307513,139,20,20,6,0,0
1637865852506,87,Medium,200,OK,true,307513,139,20,20,7,0,0
1637865852553,40,Small-Medium,200,OK,true,102713,139,20,20,9,0,0
1637865852583,18,Small,200,OK,true,51511,138,20,20,8,0,0
1637865852594,22,Small,200,OK,true,51511,138,20,20,8,0,0
1637865852543,95,Medium,200,OK,true,307513,139,20,20,7,0,0
1637865852628,15,Small,200,OK,true,51511,138,20,20,7,0,0
1637865852628,20,Small,200,OK,true,51511,138,20,20,7,0,0
1637865852617,34,Small-Medium,200,OK,true,102713,139,20,20,7,0,0
1637865852593,71,Medium,200,OK,true,307513,139,20,20,6,0,0
1637865852638,37,Small-Medium,200,OK,true,102713,139,20,20,6,0,0
1637865852594,96,Medium,200,OK,true,307513,139,20,20,6,0,0
1637865852673,22,Small,200,OK,true,51511,138,20,20,16,0,0
1637865852675,22,Small,200,OK,true,51511,138,20,20,15,0,0
1637865852623,93,Medium,200,OK,true,307513,139,20,20,7,0,0
1637865852707,16,Small,200,OK,true,51511,138,20,20,6,0,0
1637865852716,19,Small,200,OK,true,51510,138,20,20,7,0,0
1637865852463,277,Medium-Large,200,OK,true,512313,139,20,20,6,0,0
1637865852708,38,Small-Medium,200,OK,true,102713,139,20,20,6,0,0
1637865852660,94,Medium,200,OK,true,307513,139,20,20,7,0,0
1637865852719,38,Small-Medium,200,OK,true,102713,139,20,20,6,0,0
1637865852597,161,Medium-Large,200,OK,true,512313,139,20,20,5,0,0
1637865852134,631,Medium-Large,200,OK,true,512313,139,20,20,9,0,0
1637865852753,24,Small-Medium,200,OK,true,102713,139,20,20,6,0,0
1637865852759,18,Small,200,OK,true,51511,138,20,20,5,0,0
1637865852754,25,Small,200,OK,true,51511,138,20,20,7,0,0
1637865852697,88,Medium,200,OK,true,307513,139,20,20,7,0,0
1637865852633,161,Medium-Large,200,OK,true,512313,139,20,20,8,0,0
1637865852785,16,Small,200,OK,true,51511,138,20,20,8,0,0
1637865852523,279,Large,200,OK,true,1048891,137,20,20,8,0,0
1637865852794,24,Small,200,OK,true,51511,138,20,20,9,0,0
1637865852691,134,Medium-Large,200,OK,true,512313,139,20,20,6,0,0
1637865852544,297,Large,200,OK,true,1048891,137,20,20,8,0,0
1637865852518,328,Large,200,OK,true,1048891,137,20,20,9,0,0
1637865852556,298,Large,200,OK,true,1048891,137,20,20,9,0,0
1637865852834,20,Small,200,OK,true,51511,138,20,20,7,0,0
1637865852455,400,Medium-Large,200,OK,true,512312,139,20,20,9,0,0
1637865852841,18,Small,200,OK,true,51511,138,20,20,7,0,0
1637865852846,23,Small,200,OK,true,51511,138,20,20,7,0,0
1637865852838,34,Small-Medium,200,OK,true,102713,139,20,20,7,0,0
1637865852788,95,Medium,200,OK,true,307513,139,20,20,7,0,0
1637865852874,21,Small,200,OK,true,51511,138,20,20,7,0,0
1637865852866,36,Small-Medium,200,OK,true,102713,139,20,20,7,0,0
1637865852834,89,Medium,200,OK,true,307513,139,20,20,6,0,0
1637865852787,138,Medium-Large,200,OK,true,512313,139,20,20,7,0,0
1637865852798,129,Medium,200,OK,true,307513,139,20,20,9,0,0
1637865852913,32,Small-Medium,200,OK,true,102713,139,20,20,7,0,0
1637865852918,36,Small-Medium,200,OK,true,102713,139,20,20,7,0,0
1637865852802,155,Medium-Large,200,OK,true,512313,139,20,20,7,0,0
1637865852957,20,Small,200,OK,true,51511,138,20,20,8,0,0
1637865852954,25,Small,200,OK,true,51511,138,20,20,7,0,0
1637865852597,403,Large,200,OK,true,1048891,137,20,20,7,0,0
1637865852926,104,Medium,200,OK,true,307513,139,20,20,8,0,0
1637865852883,159,Medium-Large,200,OK,true,512313,139,20,20,6,0,0
1637865852754,295,Large,200,OK,true,1048891,137,20,20,8,0,0
1637865853000,50,Small-Medium,200,OK,true,102713,139,20,20,9,0,0
1637865852740,311,Medium-Large,200,OK,true,512313,139,20,20,7,0,0
1637865853031,22,Small,200,OK,true,51511,138,20,20,7,0,0
1637865853042,19,Small,200,OK,true,51511,138,20,20,8,0,0
1637865853049,36,Small-Medium,200,OK,true,102713,139,20,20,7,0,0
1637865853051,42,Small,200,OK,true,51511,138,20,20,8,0,0
1637865852923,172,Medium-Large,200,OK,true,512313,139,20,20,7,0,0
1637865852946,150,Medium-Large,200,OK,true,512313,139,20,20,8,0,0
1637865852921,180,Medium-Large,200,OK,true,512313,139,20,20,7,0,0
1637865852796,312,Large,200,OK,true,1048890,137,20,20,9,0,0
1637865852128,996,Large,200,OK,true,1048891,137,20,20,10,0,0
1637865853108,28,Small,200,OK,true,51510,138,20,20,18,0,0
1637865852993,150,Medium-Large,200,OK,true,512313,139,20,20,8,0,0
1637865853080,65,Small-Medium,200,OK,true,102713,139,20,20,8,0,0
1637865852826,321,Large,200,OK,true,1048891,137,20,20,6,0,0
1637865853143,16,Small,200,OK,true,51511,138,20,20,8,0,0
1637865853101,60,Small-Medium,200,OK,true,102713,139,20,20,8,0,0
1637865852854,321,Large,200,OK,true,1048891,137,20,20,7,0,0
1637865853160,25,Small,200,OK,true,51511,138,20,20,8,0,0
1637865852998,189,Medium-Large,200,OK,true,512313,139,20,20,7,0,0
1637865852925,298,Large,200,OK,true,1048891,137,20,20,8,0,0
1637865853187,42,Small-Medium,200,OK,true,102713,139,20,20,7,0,0
1637865853147,91,Medium,200,OK,true,307513,139,20,20,8,0,0
1637865853121,121,Medium,200,OK,true,307513,139,20,20,9,0,0
1637865853097,158,Medium-Large,200,OK,true,512313,139,20,20,7,0,0
1637865853242,24,Small,200,OK,true,51511,138,20,20,7,0,0
1637865853095,175,Medium-Large,200,OK,true,512313,139,20,20,8,0,0
1637865853189,108,Medium,200,OK,true,307512,139,20,20,8,0,0
1637865853223,94,Medium,200,OK,true,307513,139,20,20,8,0,0
1637865853175,196,Medium-Large,200,OK,true,512313,139,20,20,8,0,0
1637865852928,465,Large,200,OK,true,1048891,137,20,20,8,0,0
1637865853270,131,Medium,200,OK,true,307513,139,20,20,7,0,0
1637865853266,137,Medium,200,OK,true,307513,139,20,20,7,0,0
1637865853297,120,Medium,200,OK,true,307512,139,20,20,8,0,0
1637865853037,394,Large,200,OK,true,1048891,137,20,20,8,0,0
1637865853317,114,Medium,200,OK,true,307513,139,20,20,8,0,0
1637865853393,49,Small-Medium,200,OK,true,102713,139,20,20,8,0,0
1637865853431,20,Small,200,OK,true,51511,138,20,20,8,0,0
1637865853403,49,Small-Medium,200,OK,true,102713,139,20,20,7,0,0
1637865853431,36,Small-Medium,200,OK,true,102713,139,20,20,9,0,0
1637865853371,121,Medium,200,OK,true,307513,139,20,20,7,0,0
1637865853034,459,Large,200,OK,true,1048891,137,20,20,8,0,0
1637865853122,375,Large,200,OK,true,1048890,137,20,20,9,0,0
1637865853130,372,Large,200,OK,true,1048891,137,20,20,7,0,0
1637865853472,37,Small,200,OK,true,51511,138,20,20,8,0,0
1637865853492,20,Small,200,OK,true,51511,138,20,20,8,0,0
1637865853494,28,Small,200,OK,true,51511,138,20,20,7,0,0
1637865853222,320,Large,200,OK,true,1048891,137,20,20,8,0,0
1637865853512,34,Small-Medium,200,OK,true,102713,139,20,20,7,0,0
1637865853180,374,Large,200,OK,true,1048890,137,20,20,9,0,0
1637865853255,324,Large,200,OK,true,1048891,137,20,20,8,0,0
1637865853554,38,Small-Medium,200,OK,true,102712,139,20,20,9,0,0
1637865853573,25,Small,200,OK,true,51511,138,20,20,7,0,0
1637865853238,369,Large,200,OK,true,1048891,137,20,20,7,0,0
1637865853592,47,Small-Medium,200,OK,true,102713,139,20,20,8,0,0
1637865853511,171,Medium-Large,200,OK,true,512313,139,20,20,8,0,0
1637865853240,462,Large,200,OK,true,1048891,137,20,20,6,0,0
1637865853671,36,Small-Medium,200,OK,true,102713,139,20,20,8,0,0
1637865853682,42,Small-Medium,200,OK,true,102713,139,20,20,8,0,0
1637865853579,146,Medium-Large,200,OK,true,512313,139,20,20,7,0,0
1637865853417,344,Large,200,OK,true,1048890,137,20,20,9,0,0
1637865853401,376,Large,200,OK,true,1048891,137,20,20,8,0,0
1637865853762,21,Small,200,OK,true,51510,138,20,20,9,0,0
1637865853322,462,Large,200,OK,true,1048891,137,20,20,8,0,0
1637865853607,181,Medium-Large,200,OK,true,512313,139,20,20,10,0,0
1637865853777,21,Small,200,OK,true,51511,138,20,20,8,0,0
1637865853553,272,Medium-Large,200,OK,true,512313,139,20,20,8,0,0
1637865853542,304,Large,200,OK,true,1048891,137,20,20,8,0,0
1637865853502,345,Large,200,OK,true,1048891,137,20,20,8,0,0
1637865853753,94,Medium,200,OK,true,307513,139,20,20,8,0,0
1637865853497,357,Large,200,OK,true,1048890,137,20,20,7,0,0
1637865853825,42,Small,200,OK,true,51511,138,20,20,8,0,0
1637865853483,389,Large,200,OK,true,1048891,137,20,20,9,0,0
1637865853131,741,Large,200,OK,true,1048891,137,20,20,7,0,0
1637865853653,221,Medium-Large,200,OK,true,512313,139,20,20,7,0,0
1637865853847,30,Small-Medium,200,OK,true,102713,139,20,20,9,0,0
1637865853854,32,Small-Medium,200,OK,true,102712,139,20,20,9,0,0
1637865853789,105,Medium,200,OK,true,307513,139,20,20,7,0,0
1637865853784,118,Medium,200,OK,true,307513,139,20,20,8,0,0
1637865853894,21,Small,200,OK,true,51511,138,20,20,9,0,0
1637865853874,60,Small-Medium,200,OK,true,102713,139,20,20,9,0,0
1637865853702,233,Medium-Large,200,OK,true,512313,139,20,20,7,0,0
1637865853762,179,Medium-Large,200,OK,true,512313,139,20,20,7,0,0
1637865853846,96,Medium,200,OK,true,307512,139,20,20,7,0,0
1637865853902,42,Small-Medium,200,OK,true,102712,139,20,20,10,0,0
1637865853572,372,Large,200,OK,true,1048891,137,20,20,7,0,0
1637865853928,17,Small,200,OK,true,51511,138,20,20,10,0,0
1637865853941,14,Small,200,OK,true,51511,138,20,20,7,0,0
1637865853934,21,Small,200,OK,true,51510,138,20,20,8,0,0
1637865853905,63,Small-Medium,200,OK,true,102713,139,20,20,8,0,0
1637865853847,121,Medium-Large,200,OK,true,512313,139,20,20,8,0,0
1637865853725,247,Large,200,OK,true,1048891,137,20,20,8,0,0
1637865853954,26,Small,200,OK,true,51511,138,20,20,9,0,0
1637865853872,110,Medium,200,OK,true,307513,139,20,20,9,0,0
1637865853847,143,Medium-Large,200,OK,true,512313,139,20,20,11,0,0
1637865853639,364,Large,200,OK,true,1048890,137,20,20,11,0,0
1637865853990,18,Small,200,OK,true,51511,138,20,20,9,0,0
1637865853858,152,Medium-Large,200,OK,true,512313,139,20,20,9,0,0
1637865853942,77,Medium,200,OK,true,307512,139,20,20,8,0,0
1637865854003,17,Small,200,OK,true,51510,138,20,20,8,0,0
1637865853982,41,Small-Medium,200,OK,true,102713,139,20,20,8,0,0
1637865853982,48,Small-Medium,200,OK,true,102712,139,20,20,7,0,0
1637865854014,18,Small,200,OK,true,51510,138,20,20,10,0,0
1637865854022,15,Small,200,OK,true,51511,138,20,20,8,0,0
1637865854022,17,Small,200,OK,true,51475,138,20,20,9,0,0
1637865853975,71,Medium,200,OK,true,307513,139,20,20,9,0,0
1637865854034,19,Small,200,OK,true,51511,138,20,20,7,0,0
1637865854007,51,Medium,200,OK,true,307513,139,20,20,8,0,0
1637865853968,97,Medium-Large,200,OK,true,512313,139,20,20,8,0,0
1637865854055,12,Small,200,OK,true,51511,138,20,20,7,0,0
1637865853935,135,Medium,200,OK,true,307513,139,20,20,8,0,0
1637865854062,21,Small,200,OK,true,51511,138,20,20,6,0,0
1637865854063,21,Small,200,OK,true,51510,138,20,20,7,0,0
1637865852764,1321,Large,200,OK,true,1048891,137,20,20,13,0,0
1637865854070,23,Small-Medium,200,OK,true,102713,139,20,20,8,0,0
1637865854083,17,Small,200,OK,true,51510,138,20,20,8,0,0
1637865853123,978,Large,200,OK,true,1048891,137,20,20,10,0,0
1637865854066,50,Medium,200,OK,true,307513,139,20,20,6,0,0
1637865853972,146,Large,200,OK,true,1048891,137,20,20,8,0,0
1637865852855,1302,Large,200,OK,true,1048890,137,20,20,7,0,0
1637865854102,61,Small,200,OK,true,51511,138,20,20,6,0,0
1637865854146,19,Small,200,OK,true,51511,138,20,20,8,0,0
1637865854142,24,Small,200,OK,true,51511,138,20,20,9,0,0
1637865854150,25,Small,200,OK,true,51511,138,20,20,9,0,0
1637865854087,101,Medium-Large,200,OK,true,512313,139,20,20,7,0,0
1637865853985,207,Medium-Large,200,OK,true,512313,139,20,20,8,0,0
1637865853944,257,Large,200,OK,true,1048891,137,20,20,8,0,0
1637865854188,16,Small,200,OK,true,51511,138,20,20,8,0,0
1637865854225,31,Small-Medium,200,OK,true,102713,139,20,20,8,0,0
1637865854193,71,Small-Medium,200,OK,true,102713,139,20,20,9,0,0
1637865854010,267,Large,200,OK,true,1048891,137,20,20,9,0,0
1637865854269,19,Small,200,OK,true,51511,138,20,20,9,0,0
1637865854143,147,Medium,200,OK,true,307512,139,20,20,9,0,0
1637865854226,81,Medium,200,OK,true,307513,139,20,20,6,0,0
1637865854070,241,Medium-Large,200,OK,true,512313,139,20,20,10,0,0
1637865853872,443,Medium-Large,200,OK,true,512313,139,20,20,10,0,0
1637865854278,37,Small-Medium,200,OK,true,102713,139,20,20,11,0,0
1637865854158,160,Small-Medium,200,OK,true,102712,139,20,20,8,0,0
1637865854307,17,Small,200,OK,true,51511,138,20,20,9,0,0
1637865854311,26,Small,200,OK,true,51511,138,20,20,9,0,0
1637865854164,179,Medium-Large,200,OK,true,512312,139,20,20,10,0,0
1637865854118,262,Large,200,OK,true,1048891,137,20,20,8,0,0
1637865854343,44,Small-Medium,200,OK,true,102712,139,20,20,8,0,0
1637865854094,298,Large,200,OK,true,1048890,137,20,20,8,0,0
1637865854102,317,Large,200,OK,true,1048892,137,20,20,17,0,5
1637865854315,105,Small-Medium,200,OK,true,102713,139,20,20,9,0,0
1637865854102,326,Large,200,OK,true,1048891,137,20,20,6,0,0
1637865854134,300,Large,200,OK,true,1048891,137,20,20,8,0,0
1637865854428,50,Small-Medium,200,OK,true,102713,139,20,20,11,0,0
1637865854349,144,Medium-Large,200,OK,true,512313,139,20,20,9,0,0
1637865854392,113,Medium,200,OK,true,307512,139,20,20,12,0,0
1637865854419,88,Medium,200,OK,true,307513,139,20,20,9,0,0
1637865854201,326,Large,200,OK,true,1048891,137,20,20,8,0,0
1637865854507,31,Small-Medium,200,OK,true,102713,139,20,20,10,0,0
1637865854290,250,Medium-Large,200,OK,true,512312,139,20,20,9,0,0
1637865854085,456,Medium,200,OK,true,307513,139,20,20,8,0,0
1637865854434,108,Medium,200,OK,true,307513,139,20,20,10,0,0
1637865854230,319,Large,200,OK,true,1048891,137,20,20,6,0,0
1637865854527,26,Small,200,OK,true,51511,138,20,20,8,0,0
1637865854422,135,Medium,200,OK,true,307512,139,20,20,10,0,0
1637865854542,21,Small,200,OK,true,51511,138,20,20,11,0,0
1637865854388,176,Medium-Large,200,OK,true,512313,139,20,20,11,0,0
1637865854564,27,Small,200,OK,true,51511,138,21,21,10,0,0
1637865854540,60,Small-Medium,200,OK,true,102712,139,21,21,9,0,0
1637865854114,490,Large,200,OK,true,1048891,137,21,21,8,0,0
1637865854273,333,Medium-Large,200,OK,true,512313,139,21,21,10,0,0
1637865854588,22,Small,200,OK,true,51511,138,21,21,14,0,0
1637865854493,140,Medium-Large,200,OK,true,512313,139,21,21,8,0,0
1637865854606,30,Small,200,OK,true,51511,138,21,21,11,0,0
1637865854605,38,Small-Medium,200,OK,true,102713,139,21,21,8,0,0
1637865854381,264,Large,200,OK,true,1048891,137,21,21,8,0,0
1637865854623,28,Small,200,OK,true,51510,138,21,21,11,0,0
1637865854391,272,Medium-Large,200,OK,true,512313,139,21,21,13,0,0
1637865854302,367,Large,200,OK,true,1048891,137,21,21,10,0,0
1637865854508,165,Medium-Large,200,OK,true,512313,139,21,21,11,0,0
1637865854356,338,Large,200,OK,true,1048891,137,21,21,10,0,0
1637865854669,28,Small,200,OK,true,51511,138,21,21,8,0,0
1637865854541,167,Small-Medium,200,OK,true,102713,139,21,21,9,0,0
1637865854646,82,Medium,200,OK,true,307513,139,21,21,8,0,0
1637865854649,114,Medium,200,OK,true,307513,139,21,21,11,0,0
1637865854607,174,Medium-Large,200,OK,true,512313,139,21,21,8,0,0
1637865854633,155,Medium-Large,200,OK,true,512313,139,21,21,9,0,0
1637865854763,34,Small,200,OK,true,51511,138,21,21,18,0,0
1637865854672,143,Medium-Large,200,OK,true,512313,139,21,21,9,0,0
1637865854505,312,Large,200,OK,true,1048890,137,21,21,11,0,0
1637865854574,256,Medium-Large,200,OK,true,512314,139,21,21,18,0,9
1637865854815,27,Small-Medium,200,OK,true,102713,139,21,21,9,0,0
1637865854549,315,Large,200,OK,true,1048891,137,21,21,9,0,0
1637865854788,81,Medium,200,OK,true,307513,139,21,21,9,0,0
1637865854730,149,Medium-Large,200,OK,true,512313,139,21,21,9,0,0
1637865854781,100,Medium,200,OK,true,307513,139,21,21,11,0,0
1637865854830,55,Small-Medium,200,OK,true,102713,139,21,21,10,0,0
1637865854873,18,Small,200,OK,true,51511,138,21,21,10,0,0
1637865854694,200,Medium-Large,200,OK,true,512313,139,21,21,11,0,0
1637865854881,28,Small-Medium,200,OK,true,102713,139,21,21,8,0,0
1637865854899,28,Small,200,OK,true,51511,138,21,21,9,0,0
1637865854753,193,Medium-Large,200,OK,true,512313,139,21,21,9,0,0
1637865854621,327,Large,200,OK,true,1048891,137,21,21,11,0,0
1637865854848,102,Medium,200,OK,true,307513,139,21,21,9,0,0
1637865854557,400,Large,200,OK,true,1048890,137,21,21,9,0,0
1637865854689,287,Medium-Large,200,OK,true,512313,139,21,21,10,0,0
1637865854950,33,Small,200,OK,true,51511,138,21,21,12,0,0
1637865854708,281,Medium-Large,200,OK,true,512312,139,21,21,11,0,0
1637865854976,36,Small,200,OK,true,51511,138,21,21,16,0,0
1637865854879,143,Medium-Large,200,OK,true,512313,139,21,21,12,0,0
1637865854673,353,Large,200,OK,true,1048891,137,21,21,11,0,0
1637865854864,179,Medium-Large,200,OK,true,512313,139,21,21,10,0,0
1637865854690,353,Medium-Large,200,OK,true,512313,139,21,21,11,0,0
1637865854894,160,Medium-Large,200,OK,true,512313,139,21,21,9,0,0
1637865855034,27,Small,200,OK,true,51511,138,21,21,11,0,0
1637865855049,18,Small,200,OK,true,51511,138,21,21,8,0,0
1637865854956,133,Medium-Large,200,OK,true,512313,139,21,21,20,0,0
1637865854983,111,Medium,200,OK,true,307513,139,21,21,12,0,0
1637865854913,194,Medium-Large,200,OK,true,512313,139,21,21,10,0,0
1637865855090,18,Small,200,OK,true,51511,138,21,21,10,0,0
1637865854946,168,Medium-Large,200,OK,true,512313,139,21,21,9,0,0
1637865855107,33,Small,200,OK,true,51511,138,21,21,12,0,0
1637865854976,171,Medium,200,OK,true,307513,139,21,21,17,0,0
1637865854817,334,Large,200,OK,true,1048890,137,21,21,10,0,0
1637865855022,134,Medium-Large,200,OK,true,512313,139,21,21,10,0,0
1637865855118,46,Small-Medium,200,OK,true,102713,139,21,21,12,0,0
1637865855094,96,Medium,200,OK,true,307513,139,21,21,10,0,0
1637865855043,167,Medium-Large,200,OK,true,512313,139,21,21,8,0,0
1637865854664,551,Large,200,OK,true,1048891,137,21,21,8,0,0
1637865855055,182,Medium-Large,200,OK,true,512313,139,21,21,8,0,0
1637865854989,256,Medium-Large,200,OK,true,512312,139,21,21,10,0,0
1637865855211,46,Small-Medium,200,OK,true,102713,139,21,21,9,0,0
1637865855237,22,Small,200,OK,true,51511,138,21,21,10,0,0
1637865854948,337,Large,200,OK,true,1048891,137,21,21,10,0,0
1637865855147,153,Medium,200,OK,true,307513,139,21,21,11,0,0
1637865855191,112,Medium,200,OK,true,307513,139,21,21,11,0,0
1637865855134,176,Medium-Large,200,OK,true,512313,139,21,21,6,0,0
1637865855201,115,Medium,200,OK,true,307513,139,21,21,11,0,0
1637865855174,144,Medium-Large,200,OK,true,512313,139,21,21,10,0,0
1637865855294,27,Small,200,OK,true,51511,138,21,21,9,0,0
1637865855151,173,Medium-Large,200,OK,true,512277,139,21,21,10,0,0
1637865855300,27,Small,200,OK,true,51511,138,21,21,10,0,0
1637865855318,17,Small,200,OK,true,51511,138,21,21,9,0,0
1637865855310,25,Small,200,OK,true,51511,138,21,21,10,0,0
1637865855190,166,Medium-Large,200,OK,true,512313,139,21,21,10,0,0
1637865854958,402,Large,200,OK,true,1048855,137,21,21,18,0,0
1637865855044,318,Medium-Large,200,OK,true,512313,139,21,21,8,0,0
1637865855026,346,Large,200,OK,true,1048891,137,21,21,11,0,0
1637865855285,100,Medium,200,OK,true,307513,139,21,21,11,0,0
1637865855215,174,Medium,200,OK,true,307513,139,21,21,9,0,0
1637865855379,30,Small-Medium,200,OK,true,102713,139,21,21,10,0,0
1637865855321,89,Medium,200,OK,true,307513,139,21,21,8,0,0
1637865855303,111,Medium,200,OK,true,307513,139,21,21,10,0,0
1637865855245,170,Medium,200,OK,true,307477,139,21,21,10,0,0
1637865855385,32,Small,200,OK,true,51511,138,21,21,9,0,0
1637865855402,31,Small-Medium,200,OK,true,102713,139,21,21,10,0,0
1637865855156,285,Large,200,OK,true,1048891,137,21,21,9,0,0
1637865855114,342,Large,200,OK,true,1048891,137,21,21,13,0,0
1637865855441,37,Small-Medium,200,OK,true,102713,139,21,21,11,0,0
1637865855385,110,Medium,200,OK,true,307513,139,21,21,10,0,0
1637865855356,153,Medium-Large,200,OK,true,512313,139,21,21,6,0,0
1637865855394,120,Medium,200,OK,true,307513,139,21,21,11,0,0
1637865855362,164,Medium,200,OK,true,307513,139,21,21,8,0,0
1637865854420,1121,Large,200,OK,true,1048891,137,21,21,12,0,0
1637865855495,46,Small-Medium,200,OK,true,102713,139,21,21,9,0,0
1637865855509,32,Small,200,OK,true,51511,138,21,21,11,0,0
1637865854708,833,Medium-Large,200,OK,true,512313,139,21,21,10,0,0
1637865855372,177,Medium-Large,200,OK,true,512313,139,21,21,8,0,0
1637865855526,24,Small-Medium,200,OK,true,102713,139,21,21,15,0,0
1637865855526,35,Small,200,OK,true,51510,138,21,21,14,0,0
1637865855389,183,Medium,200,OK,true,307513,139,21,21,10,0,0
1637865855456,119,Medium,200,OK,true,307513,139,21,21,11,0,0
1637865855360,218,Medium-Large,200,OK,true,512314,139,21,21,17,0,9
1637865855410,176,Medium-Large,200,OK,true,512313,139,21,21,11,0,0
1637865855573,24,Small,200,OK,true,51511,138,21,21,6,0,0
1637865855575,25,Small-Medium,200,OK,true,102713,139,21,21,6,0,0
1637865855578,25,Small,200,OK,true,51511,138,21,21,14,0,0
1637865855469,134,Medium,200,OK,true,307513,139,21,21,9,0,0
1637865855324,281,Medium-Large,200,OK,true,512314,139,21,21,26,0,10
1637865855579,29,Small,200,OK,true,51511,138,21,21,7,0,0
1637865855487,122,Medium-Large,200,OK,true,512313,139,21,21,9,0,0
1637865855593,18,Small,200,OK,true,51511,138,21,21,9,0,0
1637865855316,311,Large,200,OK,true,1048891,137,21,21,9,0,0
1637865855605,26,Small,200,OK,true,51511,138,21,21,10,0,0
1637865855514,156,Medium-Large,200,OK,true,512313,139,21,21,10,0,0
1637865855586,87,Medium,200,OK,true,307513,139,21,21,10,0,0
1637865855549,146,Medium-Large,200,OK,true,512313,139,21,21,10,0,0
1637865855542,165,Small-Medium,200,OK,true,102713,139,21,21,9,0,0
1637865855671,47,Small-Medium,200,OK,true,102713,139,21,21,9,0,0
1637865855677,42,Small-Medium,200,OK,true,102713,139,21,21,10,0,0
1637865855689,35,Small,200,OK,true,51511,138,21,21,16,0,0
1637865855695,50,Small-Medium,200,OK,true,102713,139,21,21,12,0,0
1637865855463,284,Large,200,OK,true,1048891,137,21,21,10,0,0
1637865855663,115,Medium,200,OK,true,307513,139,21,21,10,0,0
1637865855627,152,Medium-Large,200,OK,true,512313,139,21,21,8,0,0
1637865855673,113,Medium,200,OK,true,307513,139,21,21,10,0,0
1637865855760,28,Small,200,OK,true,51511,138,21,21,10,0,0
1637865855414,376,Large,200,OK,true,1048891,137,21,21,10,0,0
1637865855541,250,Medium,200,OK,true,307513,139,21,21,10,0,0
1637865854182,1644,Large,200,OK,true,1048891,137,21,21,8,0,0
1637865855778,50,Small-Medium,200,OK,true,102713,139,21,21,9,0,0
1637865855774,73,Small-Medium,200,OK,true,102713,139,21,21,10,0,0
1637865855657,195,Medium,200,OK,true,307513,139,21,21,11,0,0
1637865855791,61,Small,200,OK,true,51511,138,21,21,10,0,0
1637865855609,248,Large,200,OK,true,1048891,137,21,21,9,0,0
1637865855609,254,Large,200,OK,true,1048891,137,21,21,8,0,0
1637865855707,173,Small-Medium,200,OK,true,102713,139,21,21,10,0,0
1637865855778,133,Medium,200,OK,true,307513,139,21,21,11,0,0
1637865855862,53,Small,200,OK,true,51511,138,21,21,26,0,0
1637865855863,54,Small-Medium,200,OK,true,102713,139,21,21,28,0,0
1637865855826,92,Small,200,OK,true,51511,138,21,21,9,0,0
1637865854319,1629,Large,200,OK,true,1048890,137,21,21,9,0,0
1637865855779,170,Medium-Large,200,OK,true,512313,139,21,21,9,0,0
1637865855845,118,Medium,200,OK,true,307513,139,21,21,11,0,0
1637865855918,81,Small,200,OK,true,51511,138,21,21,8,0,0
1637865855664,355,Large,200,OK,true,1048891,137,21,21,10,0,0
1637865855948,80,Small,200,OK,true,51510,138,21,21,8,0,0
1637865855790,244,Medium-Large,200,OK,true,512313,139,21,21,10,0,0
1637865855946,95,Medium,200,OK,true,307513,139,21,21,10,0,0
1637865856019,28,Small-Medium,200,OK,true,102713,139,21,21,8,0,0
1637865856041,18,Small,200,OK,true,51511,138,21,21,9,0,0
1637865855659,445,Large,200,OK,true,1048891,137,21,21,12,0,0
1637865856032,78,Small,200,OK,true,51510,138,21,21,10,0,0
1637865855415,700,Large,200,OK,true,1048892,137,21,21,17,0,9
1637865855857,261,Large,200,OK,true,1048891,137,21,21,11,0,0
1637865855604,515,Large,200,OK,true,1048891,137,21,21,8,0,0
1637865855949,171,Medium-Large,200,OK,true,512313,139,21,21,11,0,0
1637865855748,376,Large,200,OK,true,1048891,137,21,21,8,0,0
1637865855963,171,Medium-Large,200,OK,true,512313,139,21,21,11,0,0
1637865856103,35,Small-Medium,200,OK,true,102713,139,21,21,9,0,0
1637865855754,389,Large,200,OK,true,1048891,137,21,21,10,0,0
1637865856120,27,Small,200,OK,true,51511,138,21,21,10,0,0
1637865856104,46,Small-Medium,200,OK,true,102713,139,21,21,10,0,0
1637865856118,33,Small-Medium,200,OK,true,102713,139,21,21,10,0,0
1637865856135,27,Small-Medium,200,OK,true,102713,139,21,21,10,0,0
1637865855852,315,Medium-Large,200,OK,true,512313,139,21,21,9,0,0
1637865855787,403,Large,200,OK,true,1048890,137,21,21,9,0,0
1637865856116,78,Small,200,OK,true,51510,138,21,21,10,0,0
1637865856187,27,Small,200,OK,true,51511,138,21,21,8,0,0
1637865856188,37,Small-Medium,200,OK,true,102713,139,21,21,8,0,0
1637865855911,321,Large,200,OK,true,1048891,137,21,21,7,0,0
1637865856218,25,Small,200,OK,true,51511,138,21,21,9,0,0
1637865856143,107,Medium,200,OK,true,307513,139,21,21,8,0,0
1637865856125,131,Medium-Large,200,OK,true,512313,139,21,21,10,0,0
1637865856232,24,Small,200,OK,true,51511,138,21,21,10,0,0
1637865855610,650,Large,200,OK,true,1048890,137,21,21,9,0,0
1637865856120,146,Medium-Large,200,OK,true,512313,139,21,21,9,0,0
1637865856203,76,Medium,200,OK,true,307513,139,21,21,11,0,0
1637865856251,33,Small-Medium,200,OK,true,102713,139,21,21,8,0,0
1637865856287,39,Small-Medium,200,OK,true,102713,139,21,21,7,0,0
1637865855876,460,Medium-Large,200,OK,true,512313,139,21,21,12,0,0
1637865855946,396,Large,200,OK,true,1048891,137,21,21,13,0,0
1637865856115,256,Medium-Large,200,OK,true,512313,139,21,21,11,0,0
1637865856190,184,Medium-Large,200,OK,true,512312,139,21,21,8,0,0
1637865856336,39,Small,200,OK,true,51511,138,21,21,7,0,0
1637865855857,526,Large,200,OK,true,1048891,137,21,21,13,0,0
1637865856271,115,Medium,200,OK,true,307513,139,21,21,7,0,0
1637865856260,128,Medium,200,OK,true,307512,139,21,21,7,0,0
1637865856271,121,Medium,200,OK,true,307513,139,21,21,7,0,0
1637865856374,22,Small,200,OK,true,51510,138,21,21,7,0,0
1637865856371,28,Small,200,OK,true,51511,138,21,21,9,0,0
1637865856034,372,Large,200,OK,true,1048891,137,21,21,8,0,0
1637865856383,24,Small,200,OK,true,51511,138,21,21,7,0,0
1637865856388,26,Small,200,OK,true,51510,138,21,21,8,0,0
1637865856204,214,Medium-Large,200,OK,true,512313,139,21,21,11,0,0
1637865856256,169,Medium-Large,200,OK,true,512313,139,21,21,7,0,0
1637865856392,45,Small-Medium,200,OK,true,102713,139,21,21,7,0,0
1637865856407,33,Small-Medium,200,OK,true,102713,139,21,21,7,0,0
1637865856335,111,Medium,200,OK,true,307513,139,21,21,7,0,0
1637865856266,184,Medium-Large,200,OK,true,512313,139,21,21,7,0,0
1637865856418,35,Small-Medium,200,OK,true,102713,139,21,21,8,0,0
1637865856124,334,Large,200,OK,true,1048891,137,21,21,9,0,0
1637865856387,87,Medium,200,OK,true,307513,139,21,21,6,0,0
1637865856446,29,Small,200,OK,true,51511,138,21,21,8,0,0
1637865856302,183,Medium-Large,200,OK,true,512313,139,21,21,6,0,0
1637865856475,37,Small-Medium,200,OK,true,102713,139,21,21,8,0,0
1637865856476,50,Small-Medium,200,OK,true,102713,139,21,21,8,0,0
1637865856342,192,Medium-Large,200,OK,true,512313,139,21,21,8,0,0
1637865856485,107,Medium,200,OK,true,307513,139,21,21,10,0,0
1637865856559,38,Small-Medium,200,OK,true,102713,139,21,21,8,0,0
1637865855880,718,Medium-Large,200,OK,true,512313,139,21,21,10,0,0
1637865856559,49,Small-Medium,200,OK,true,102713,139,21,21,9,0,0
1637865856450,172,Medium-Large,200,OK,true,512313,139,21,21,9,0,0
1637865856474,161,Medium,200,OK,true,307513,139,21,21,12,0,0
1637865856592,43,Small-Medium,200,OK,true,102713,139,21,21,9,0,0
1637865856531,114,Medium,200,OK,true,307513,139,21,21,9,0,0
1637865856316,346,Large,200,OK,true,1048891,137,21,21,7,0,0
1637865856474,188,Medium,200,OK,true,307512,139,21,21,11,0,0
1637865856534,131,Medium,200,OK,true,307513,139,21,21,18,0,0
1637865856645,26,Small,200,OK,true,51510,138,21,21,16,0,0
1637865856665,18,Small,200,OK,true,51511,138,21,21,7,0,0
1637865856643,41,Small-Medium,200,OK,true,102713,139,21,21,18,0,0
1637865856425,264,Large,200,OK,true,1048891,137,21,21,8,0,0
1637865856421,272,Medium,200,OK,true,307513,139,21,21,7,0,0
1637865856689,17,Small,200,OK,true,51511,138,21,21,10,0,0
1637865856623,85,Medium,200,OK,true,307513,139,21,21,7,0,0
1637865856167,552,Large,200,OK,true,1048891,137,21,21,10,0,0
1637865856708,15,Small,200,OK,true,51511,138,21,21,7,0,0
1637865856455,277,Large,200,OK,true,1048891,137,21,21,19,0,0
1637865856662,82,Medium,200,OK,true,307513,139,21,21,8,0,0
1637865856733,29,Small-Medium,200,OK,true,102713,139,21,21,9,0,0
1637865856503,264,Medium-Large,200,OK,true,512313,139,21,21,8,0,0
1637865856719,52,Small-Medium,200,OK,true,102713,139,21,21,8,0,0
1637865856458,321,Large,200,OK,true,1048891,137,21,21,21,0,0
1637865856458,331,Large,200,OK,true,1048890,137,21,21,16,0,0
1637865856635,160,Medium,200,OK,true,307513,139,21,21,10,0,0
1637865856779,19,Small,200,OK,true,51511,138,21,21,9,0,0
1637865856662,169,Medium,200,OK,true,307512,139,21,21,9,0,0
1637865856728,108,Medium,200,OK,true,307513,139,21,21,10,0,0
1637865856817,31,Small-Medium,200,OK,true,102713,139,21,21,10,0,0
1637865856746,105,Medium,200,OK,true,307513,139,21,21,9,0,0
1637865856772,82,Medium,200,OK,true,307513,139,21,21,9,0,0
1637865856836,20,Small,200,OK,true,51511,138,21,21,10,0,0
1637865856491,367,Large,200,OK,true,1048891,137,21,21,9,0,0
1637865856851,18,Small,200,OK,true,51511,138,21,21,9,0,0
1637865856857,17,Small,200,OK,true,51511,138,21,21,8,0,0
1637865856729,155,Medium-Large,200,OK,true,512312,139,21,21,9,0,0
1637865856859,25,Small,200,OK,true,51511,138,21,21,7,0,0
1637865856831,69,Small-Medium,200,OK,true,102712,139,21,21,10,0,0
1637865856884,17,Small,200,OK,true,51510,138,21,21,7,0,0
1637865856751,159,Medium-Large,200,OK,true,512313,139,21,21,9,0,0
1637865856901,16,Small,200,OK,true,51511,138,21,21,8,0,0
1637865856789,133,Medium-Large,200,OK,true,512312,139,21,21,8,0,0
1637865856643,292,Large,200,OK,true,1048891,137,21,21,18,0,0
1637865856910,27,Small-Medium,200,OK,true,102713,139,21,21,11,0,0
1637865856864,73,Medium,200,OK,true,307513,139,21,21,10,0,0
1637865856795,142,Medium,200,OK,true,307513,139,21,21,8,0,0
1637865856923,15,Small,200,OK,true,51510,138,21,21,7,0,0
1637865856372,584,Large,200,OK,true,1048891,137,21,21,8,0,0
1637865856935,26,Small-Medium,200,OK,true,102713,139,21,21,7,0,0
1637865856940,27,Small-Medium,200,OK,true,102713,139,21,21,8,0,0
1637865856677,294,Large,200,OK,true,1048891,137,21,21,8,0,0
1637865856943,35,Small-Medium,200,OK,true,102713,139,21,21,9,0,0
1637865856767,214,Medium-Large,200,OK,true,512313,139,21,21,9,0,0
1637865856971,15,Small,200,OK,true,51511,138,21,21,8,0,0
1637865856803,201,Medium-Large,200,OK,true,512313,139,21,21,9,0,0
1637865856984,23,Small-Medium,200,OK,true,102713,139,21,21,8,0,0
1637865856920,88,Medium,200,OK,true,307513,139,21,21,8,0,0
1637865856935,76,Medium,200,OK,true,307513,139,21,21,7,0,0
1637865857007,11,Small,200,OK,true,51510,138,21,21,6,0,0
1637865856982,37,Small-Medium,200,OK,true,102713,139,21,21,7,0,0
1637865857008,13,Small,200,OK,true,51511,138,21,21,6,0,0
1637865857004,19,Small,200,OK,true,51511,138,21,21,6,0,0
1637865857019,16,Small,200,OK,true,51511,138,21,21,8,0,0
1637865856793,251,Large,200,OK,true,1048891,137,21,21,8,0,0
1637865856968,78,Medium,200,OK,true,307512,139,21,21,7,0,0
1637865857064,22,Small-Medium,200,OK,true,102713,139,21,21,6,0,0
1637865857069,33,Small-Medium,200,OK,true,102713,139,21,21,6,0,0
1637865856002,1115,Large,200,OK,true,1048891,137,21,21,10,0,0
1637865856938,181,Medium-Large,200,OK,true,512313,139,21,21,7,0,0
1637865857066,58,Small-Medium,200,OK,true,102713,139,21,21,8,0,0
1637865857102,25,Small-Medium,200,OK,true,102713,139,21,21,8,0,0
1637865856995,142,Medium-Large,200,OK,true,512313,139,21,21,7,0,0
1637865857025,114,Medium-Large,200,OK,true,512313,139,21,21,8,0,0
1637865856916,235,Medium-Large,200,OK,true,512312,139,21,21,7,0,0
1637865857064,87,Medium,200,OK,true,307512,139,21,21,8,0,0
1637865857020,136,Medium-Large,200,OK,true,512313,139,21,21,9,0,0
1637865857139,28,Small-Medium,200,OK,true,102713,139,21,21,10,0,0
1637865857153,20,Small,200,OK,true,51511,138,21,21,8,0,0
1637865857156,25,Small,200,OK,true,51511,138,21,21,10,0,0
1637865857150,34,Small,200,OK,true,51511,138,21,21,9,0,0
1637865857151,36,Small-Medium,200,OK,true,102712,139,21,21,10,0,0
1637865857045,145,Medium-Large,200,OK,true,512313,139,21,21,20,0,0
1637865857027,165,Medium-Large,200,OK,true,512313,139,21,21,8,0,0
1637865857137,83,Medium,200,OK,true,307513,139,21,21,8,0,0
1637865857192,31,Small-Medium,200,OK,true,102713,139,21,21,8,0,0
1637865856948,279,Large,200,OK,true,1048891,137,21,21,9,0,0
1637865857091,143,Medium-Large,200,OK,true,512312,139,21,21,10,0,0
1637865857228,31,Small-Medium,200,OK,true,102713,139,21,21,9,0,0
1637865856957,307,Medium-Large,200,OK,true,512313,139,21,21,9,0,0
1637865857236,29,Small,200,OK,true,51510,138,21,21,9,0,0
1637865857234,40,Small-Medium,200,OK,true,102712,139,21,21,9,0,0
1637865857151,129,Medium,200,OK,true,307512,139,21,21,8,0,0
1637865857242,40,Small-Medium,200,OK,true,102713,139,21,21,10,0,0
1637865857276,36,Small-Medium,200,OK,true,102713,139,21,21,9,0,0
1637865857088,225,Medium-Large,200,OK,true,512313,139,21,21,9,0,0
1637865857264,51,Small-Medium,200,OK,true,102713,139,21,21,8,0,0
1637865857119,225,Medium-Large,200,OK,true,512313,139,21,21,9,0,0
1637865857319,39,Small-Medium,200,OK,true,102677,139,21,21,10,0,0
1637865857237,130,Medium-Large,200,OK,true,512312,139,21,21,9,0,0
1637865857313,61,Small-Medium,200,OK,true,102713,139,21,21,15,0,0
1637865856693,684,Large,200,OK,true,1048891,137,21,21,9,0,0
1637865857378,47,Small,200,OK,true,51511,138,21,21,7,0,0
1637865857312,115,Medium,200,OK,true,307513,139,21,21,15,0,0
1637865856200,1234,Large,200,OK,true,1048890,137,21,21,12,0,0
1637865857139,297,Large,200,OK,true,1048891,137,21,21,9,0,0
1637865857325,121,Medium,200,OK,true,307513,139,21,21,9,0,0
1637865857368,86,Medium,200,OK,true,307512,139,21,21,12,0,0
1637865857190,270,Large,200,OK,true,1048891,137,21,21,8,0,0
1637865857092,369,Large,200,OK,true,1048891,137,21,21,10,0,0
1637865857223,246,Large,200,OK,true,1048891,137,21,21,9,0,0
1637865857187,287,Large,200,OK,true,1048891,137,21,21,8,0,0
1637865857234,243,Medium-Large,200,OK,true,512313,139,21,21,10,0,0
1637865857361,118,Medium,200,OK,true,307513,139,21,21,9,0,0
1637865857447,41,Small-Medium,200,OK,true,102713,139,21,21,10,0,0
1637865857462,41,Small-Medium,200,OK,true,102713,139,21,21,10,0,0
1637865857478,53,Small-Medium,200,OK,true,102713,139,21,21,9,0,0
1637865857461,91,Medium,200,OK,true,307513,139,21,21,11,0,0
1637865857475,95,Medium,200,OK,true,307513,139,21,21,9,0,0
1637865857479,100,Medium,200,OK,true,307513,139,21,21,8,0,0
1637865857553,26,Small,200,OK,true,51511,138,21,21,10,0,0
1637865857435,145,Small-Medium,200,OK,true,102677,139,21,21,9,0,0
1637865857428,155,Medium-Large,200,OK,true,512313,139,21,21,9,0,0
1637865857398,187,Medium,200,OK,true,307513,139,21,21,9,0,0
1637865857437,156,Medium-Large,200,OK,true,512313,139,21,21,9,0,0
1637865857220,375,Large,200,OK,true,1048891,137,21,21,8,0,0
1637865857583,19,Small,200,OK,true,51511,138,21,21,10,0,0
1637865857470,138,Medium-Large,200,OK,true,512313,139,21,21,9,0,0
1637865857579,41,Small-Medium,200,OK,true,102713,139,21,21,8,0,0
1637865857571,83,Medium,200,OK,true,307513,139,21,21,8,0,0
1637865857320,340,Large,200,OK,true,1048890,137,21,21,11,0,0
1637865857532,155,Medium-Large,200,OK,true,512313,139,21,21,9,0,0
1637865857609,81,Medium,200,OK,true,307513,139,21,21,9,0,0
1637865857654,38,Small-Medium,200,OK,true,102713,139,21,21,9,0,0
1637865857348,357,Medium-Large,200,OK,true,512313,139,21,21,11,0,0
1637865857454,288,Large,200,OK,true,1048890,137,21,21,9,0,0
1637865857637,107,Medium,200,OK,true,307513,139,21,21,9,0,0
1637865857585,173,Medium,200,OK,true,307513,139,21,21,9,0,0
1637865857743,35,Small-Medium,200,OK,true,102712,139,21,21,8,0,0
1637865857758,28,Small,200,OK,true,51511,138,21,21,10,0,0
1637865857662,126,Medium,200,OK,true,307512,139,21,21,9,0,0
1637865857404,388,Medium,200,OK,true,307514,139,21,21,17,0,9
1637865857788,26,Small,200,OK,true,51475,138,21,21,8,0,0
1637865857688,131,Medium,200,OK,true,307513,139,21,21,10,0,0
1637865857744,88,Medium,200,OK,true,307513,139,21,21,11,0,0
1637865857117,715,Medium-Large,200,OK,true,512313,139,21,21,9,0,0
1637865857562,271,Medium-Large,200,OK,true,512313,139,21,21,9,0,0
1637865857827,17,Small,200,OK,true,51510,138,21,21,8,0,0
1637865857667,180,Medium-Large,200,OK,true,512313,139,21,21,9,0,0
1637865857819,37,Small-Medium,200,OK,true,102713,139,21,21,10,0,0
1637865857346,520,Large,200,OK,true,1048891,137,21,21,8,0,0
1637865857739,144,Medium-Large,200,OK,true,512313,139,21,21,9,0,0
1637865857547,356,Large,200,OK,true,1048891,137,21,21,8,0,0
1637865857280,627,Large,200,OK,true,1048855,137,21,21,31,0,0
1637865857594,316,Large,200,OK,true,1048891,137,21,21,10,0,0
1637865857847,79,Medium,200,OK,true,307513,139,21,21,9,0,0
1637865857904,50,Small-Medium,200,OK,true,102713,139,21,21,10,0,0
1637865857597,357,Large,200,OK,true,1048891,137,21,21,8,0,0
1637865857932,33,Small-Medium,200,OK,true,102713,139,21,21,9,0,0
1637865857693,277,Large,200,OK,true,1048891,137,21,21,9,0,0
1637865857954,23,Small,200,OK,true,51511,138,21,21,7,0,0
1637865857832,163,Medium-Large,200,OK,true,512313,139,21,21,13,0,0
1637865857866,144,Medium,200,OK,true,307513,139,21,21,7,0,0
1637865857705,315,Medium-Large,200,OK,true,512313,139,21,21,22,0,0
1637865857911,116,Medium-Large,200,OK,true,512312,139,21,21,10,0,0
1637865857995,33,Small-Medium,200,OK,true,102713,139,21,21,9,0,0
1637865857883,145,Medium-Large,200,OK,true,512313,139,21,21,10,0,0
1637865858010,23,Small,200,OK,true,51511,138,21,21,9,0,0
1637865858016,24,Small,200,OK,true,51511,138,21,21,9,0,0
1637865857834,206,Medium-Large,200,OK,true,512313,139,21,21,9,0,0
1637865857664,381,Large,200,OK,true,1048891,137,21,21,9,0,0
1637865857793,275,Medium-Large,200,OK,true,512313,139,21,21,9,0,0
1637865858038,42,Small-Medium,200,OK,true,102713,139,21,21,9,0,0
1637865858041,41,Small-Medium,200,OK,true,102713,139,21,21,8,0,0
1637865857842,242,Medium-Large,200,OK,true,512313,139,21,21,8,0,0
1637865857971,126,Medium-Large,200,OK,true,512313,139,21,21,9,0,0
1637865856598,1499,Large,200,OK,true,1048891,137,21,21,9,0,0
1637865858079,23,Small,200,OK,true,51511,138,21,21,8,0,0
1637865858068,39,Small-Medium,200,OK,true,102713,139,21,21,8,0,0
1637865858097,17,Small,200,OK,true,51511,138,21,21,8,0,0
1637865858095,24,Small,200,OK,true,51511,138,21,21,8,0,0
1637865857988,133,Medium-Large,200,OK,true,512313,139,21,21,9,0,0
1637865858100,24,Small-Medium,200,OK,true,102712,139,21,21,9,0,0
1637865858029,112,Medium-Large,200,OK,true,512313,139,21,21,8,0,0
1637865857910,279,Large,200,OK,true,1048891,137,21,21,10,0,0
1637865858021,170,Medium,200,OK,true,307513,139,21,21,7,0,0
1637865857833,364,Medium,200,OK,true,307513,139,21,21,13,0,0
1637865858181,34,Small-Medium,200,OK,true,102713,139,21,21,16,0,0
1637865858189,46,Small-Medium,200,OK,true,102713,139,21,21,12,0,0
1637865857904,332,Large,200,OK,true,1048891,137,21,21,9,0,0
1637865858028,212,Large,200,OK,true,1048890,137,21,21,7,0,0
1637865858240,19,Small,200,OK,true,51510,138,21,21,9,0,0
1637865858236,29,Small,200,OK,true,51511,138,21,21,10,0,0
1637865858121,155,Medium-Large,200,OK,true,512313,139,21,21,7,0,0
1637865858265,16,Small,200,OK,true,51511,138,21,21,8,0,0
1637865857908,380,Medium-Large,200,OK,true,512314,139,21,21,20,0,9
1637865858184,105,Medium,200,OK,true,307512,139,21,21,16,0,0
1637865858126,173,Medium,200,OK,true,307513,139,21,21,9,0,0
1637865858123,180,Medium-Large,200,OK,true,512313,139,21,21,8,0,0
1637865858163,176,Medium-Large,200,OK,true,512313,139,21,21,8,0,0
1637865858197,145,Small-Medium,200,OK,true,102713,139,21,21,10,0,0
1637865858325,29,Small-Medium,200,OK,true,102712,139,21,21,10,0,0
1637865858153,218,Medium,200,OK,true,307513,139,21,21,10,0,0
1637865858046,349,Large,200,OK,true,1048891,137,21,21,7,0,0
1637865858191,212,Medium,200,OK,true,307513,139,21,21,12,0,0
1637865858372,39,Small,200,OK,true,51511,138,21,21,9,0,0
1637865857871,543,Large,200,OK,true,1048892,137,21,21,18,0,9
1637865858395,26,Small,200,OK,true,51511,138,21,21,9,0,0
1637865858303,131,Medium,200,OK,true,307513,139,21,21,23,0,0
1637865858349,85,Medium,200,OK,true,307513,139,21,21,10,0,0
1637865858273,168,Medium-Large,200,OK,true,512313,139,21,21,9,0,0
1637865858276,166,Medium-Large,200,OK,true,512313,139,21,21,9,0,0
1637865858408,37,Small-Medium,200,OK,true,102677,139,21,21,9,0,0
1637865858403,43,Small,200,OK,true,51511,138,21,21,10,0,0
1637865858289,163,Medium,200,OK,true,307513,139,21,21,8,0,0
1637865858179,275,Medium-Large,200,OK,true,512313,139,21,21,16,0,0
1637865858415,42,Small-Medium,200,OK,true,102713,139,21,21,9,0,0
1637865858441,16,Small,200,OK,true,51511,138,21,21,8,0,0
1637865858289,173,Medium-Large,200,OK,true,512312,139,21,21,9,0,0
1637865858142,323,Large,200,OK,true,1048891,137,21,21,6,0,0
1637865858452,25,Small,200,OK,true,51511,138,21,21,8,0,0
1637865858454,23,Small,200,OK,true,51511,138,21,21,9,0,0
1637865858342,136,Small-Medium,200,OK,true,102713,139,21,21,14,0,0
1637865857581,897,Large,200,OK,true,1048892,137,21,21,17,0,8
1637865858434,91,Medium,200,OK,true,307513,139,21,21,9,0,0
1637865857462,1068,Large,200,OK,true,1048891,137,21,21,11,0,0
1637865858499,46,Small-Medium,200,OK,true,102713,139,21,21,7,0,0
1637865858462,87,Medium,200,OK,true,307512,139,21,21,10,0,0
1637865858525,27,Small-Medium,200,OK,true,102713,139,21,21,8,0,0
1637865858098,465,Medium,200,OK,true,307513,139,21,21,9,0,0
1637865858525,38,Small-Medium,200,OK,true,102713,139,21,21,10,0,0
1637865858300,267,Medium-Large,200,OK,true,512313,139,21,21,26,0,0
1637865858442,136,Medium-Large,200,OK,true,512313,139,21,21,8,0,0
1637865858493,89,Small,200,OK,true,51512,138,21,21,16,0,9
1637865858538,45,Small-Medium,200,OK,true,102713,139,21,21,10,0,0
1637865858084,504,Large,200,OK,true,1048891,137,21,21,10,0,0
1637865858536,53,Small-Medium,200,OK,true,102713,139,21,21,9,0,0
1637865858465,148,Medium-Large,200,OK,true,512312,139,21,21,8,0,0
1637865858582,35,Small-Medium,200,OK,true,102713,139,21,21,9,0,0
1637865858531,87,Small-Medium,200,OK,true,102713,139,21,21,10,0,0
1637865858479,139,Medium,200,OK,true,307513,139,21,21,7,0,0
1637865858340,290,Large,200,OK,true,1048891,137,21,21,10,0,0
1637865858563,79,Small,200,OK,true,51511,138,21,21,9,0,0
1637865858618,30,Small,200,OK,true,51511,138,21,21,10,0,0
1637865858325,328,Large,200,OK,true,1048891,137,21,21,12,0,0
1637865858578,91,Medium,200,OK,true,307513,139,21,21,9,0,0
1637865858669,21,Small,200,OK,true,51511,138,21,21,10,0,0
1637865858434,274,Large,200,OK,true,1048891,137,21,21,10,0,0
1637865858702,29,Small,200,OK,true,51511,138,21,21,10,0,0
1637865858457,296,Medium-Large,200,OK,true,512313,139,21,21,8,0,0
1637865858610,166,Medium-Large,200,OK,true,512313,139,21,21,9,0,0
1637865858613,167,Medium-Large,200,OK,true,512312,139,21,21,9,0,0
1637865858667,113,Medium,200,OK,true,307513,139,21,21,10,0,0
1637865858630,161,Medium-Large,200,OK,true,512313,139,21,21,11,0,0
1637865858480,321,Large,200,OK,true,1048891,137,21,21,9,0,0
1637865858567,244,Medium-Large,200,OK,true,512313,139,21,21,9,0,0
1637865858786,29,Small,200,OK,true,51511,138,21,21,9,0,0
1637865858753,77,Small-Medium,200,OK,true,102713,139,21,21,10,0,0
1637865858653,181,Medium-Large,200,OK,true,512313,139,21,21,13,0,0
1637865858791,51,Small-Medium,200,OK,true,102713,139,21,21,11,0,0
1637865858801,44,Small-Medium,200,OK,true,102713,139,21,21,10,0,0
1637865858811,36,Small,200,OK,true,51511,138,21,21,11,0,0
1637865858549,304,Large,200,OK,true,1048890,137,21,21,10,0,0
1637865858708,149,Medium-Large,200,OK,true,512313,139,21,21,9,0,0
1637865858622,240,Medium-Large,200,OK,true,512313,139,21,21,9,0,0
1637865858620,247,Medium-Large,200,OK,true,512313,139,21,21,9,0,0
1637865858862,22,Small,200,OK,true,51511,138,21,21,6,0,0
1637865858867,25,Small,200,OK,true,51511,138,21,21,6,0,0
1637865858582,327,Medium,200,OK,true,307513,139,21,21,9,0,0
1637865858874,45,Small-Medium,200,OK,true,102713,139,21,21,7,0,0
1637865858780,188,Medium-Large,200,OK,true,512312,139,21,21,8,0,0
1637865858609,363,Large,200,OK,true,1048891,137,21,21,9,0,0
1637865858781,194,Medium-Large,200,OK,true,512313,139,21,21,8,0,0
1637865858837,138,Medium,200,OK,true,307513,139,21,21,9,0,0
1637865858618,371,Medium-Large,200,OK,true,512313,139,21,21,10,0,0
1637865858648,341,Medium,200,OK,true,307513,139,21,21,9,0,0
1637865858478,521,Medium-Large,200,OK,true,512313,139,21,21,7,0,0
1637865858951,51,Small-Medium,200,OK,true,102713,139,21,21,5,0,0
1637865858871,140,Medium,200,OK,true,307513,139,21,21,5,0,0
1637865858958,53,Small-Medium,200,OK,true,102713,139,21,21,7,0,0
1637865858989,41,Small,200,OK,true,51511,138,21,21,5,0,0
1637865858896,142,Medium,200,OK,true,307513,139,21,21,7,0,0
1637865858834,211,Medium-Large,200,OK,true,512313,139,21,21,9,0,0
1637865858487,560,Large,200,OK,true,1048891,137,21,21,10,0,0
1637865858909,140,Medium,200,OK,true,307513,139,21,21,6,0,0
1637865859011,50,Small-Medium,200,OK,true,102713,139,21,21,6,0,0
1637865858857,219,Medium-Large,200,OK,true,512313,139,21,21,6,0,0
1637865859038,47,Small-Medium,200,OK,true,102713,139,21,21,6,0,0
1637865858946,143,Medium,200,OK,true,307513,139,21,21,6,0,0
1637865859049,49,Small-Medium,200,OK,true,102713,139,21,21,6,0,0
1637865858968,134,Medium,200,OK,true,307512,139,21,21,5,0,0
1637865858588,520,Large,200,OK,true,1048891,137,21,21,11,0,0
1637865858884,224,Medium-Large,200,OK,true,512313,139,21,21,6,0,0
1637865858976,142,Medium,200,OK,true,307513,139,21,21,6,0,0
1637865859102,24,Small,200,OK,true,51510,138,21,21,6,0,0
1637865858989,153,Medium,200,OK,true,307513,139,21,21,6,0,0
1637865858999,151,Medium,200,OK,true,307513,139,21,21,6,0,0
1637865859108,47,Small-Medium,200,OK,true,102713,139,21,21,6,0,0
1637865859132,25,Small,200,OK,true,51511,138,21,21,6,0,0
1637865859108,55,Small-Medium,200,OK,true,102713,139,21,21,8,0,0
1637865858752,413,Large,200,OK,true,1048891,137,21,21,9,0,0
1637865859166,19,Small,200,OK,true,51511,138,21,21,6,0,0
1637865858777,409,Large,200,OK,true,1048891,137,21,21,8,0,0
1637865858972,220,Medium-Large,200,OK,true,512313,139,21,21,6,0,0
1637865858975,220,Medium-Large,200,OK,true,512313,139,21,21,6,0,0
1637865859089,131,Medium,200,OK,true,307513,139,21,21,6,0,0
1637865859186,34,Small,200,OK,true,51511,138,21,21,17,0,0
1637865859217,22,Small,200,OK,true,51511,138,21,21,6,0,0
1637865859220,24,Small,200,OK,true,51511,138,21,21,8,0,0
1637865859042,210,Medium-Large,200,OK,true,512313,139,21,21,6,0,0
1637865859047,210,Medium-Large,200,OK,true,512313,139,21,21,6,0,0
1637865859045,213,Medium-Large,200,OK,true,512313,139,21,21,6,0,0
1637865858853,427,Large,200,OK,true,1048890,137,21,21,7,0,0
1637865859094,220,Medium-Large,200,OK,true,512313,139,21,21,6,0,0
1637865859271,48,Small-Medium,200,OK,true,102713,139,21,21,7,0,0
1637865859121,201,Medium-Large,200,OK,true,512313,139,21,21,6,0,0
1637865859195,131,Medium,200,OK,true,307513,139,21,21,12,0,0
1637865859074,271,Medium,200,OK,true,307513,139,21,21,6,0,0
1637865859301,49,Small-Medium,200,OK,true,102713,139,21,21,8,0,0
1637865859305,56,Small-Medium,200,OK,true,102713,139,21,21,10,0,0
1637865859326,48,Small-Medium,200,OK,true,102713,139,21,21,7,0,0
1637865859252,129,Medium,200,OK,true,307513,139,21,21,7,0,0
1637865859192,213,Medium-Large,200,OK,true,512313,139,21,21,12,0,0
1637865859384,27,Small,200,OK,true,51511,138,21,21,8,0,0
1637865859187,225,Medium-Large,200,OK,true,512312,139,21,21,18,0,0
1637865859389,30,Small,200,OK,true,51511,138,21,21,11,0,0
1637865859412,24,Small,200,OK,true,51510,138,21,21,8,0,0
1637865859076,393,Large,200,OK,true,1048891,137,21,21,7,0,0
1637865859035,440,Large,200,OK,true,1048891,137,21,21,5,0,0
1637865859280,209,Medium-Large,200,OK,true,512312,139,21,21,10,0,0
1637865859469,24,Small,200,OK,true,51511,138,21,21,7,0,0
1637865859470,24,Small,200,OK,true,51511,138,21,21,9,0,0
1637865859475,51,Small-Medium,200,OK,true,102713,139,21,21,7,0,0
1637865859150,382,Medium-Large,200,OK,true,512313,139,21,21,6,0,0
1637865859405,131,Medium,200,OK,true,307513,139,21,21,9,0,0
1637865859489,48,Small-Medium,200,OK,true,102712,139,21,21,9,0,0
1637865859118,444,Large,200,OK,true,1048891,137,21,21,6,0,0
1637865859554,22,Small,200,OK,true,51511,138,21,21,7,0,0
1637865859536,53,Small-Medium,200,OK,true,102713,139,21,21,11,0,0
1637865859562,51,Small-Medium,200,OK,true,102713,139,21,21,8,0,0
1637865859473,141,Medium,200,OK,true,307513,139,21,21,7,0,0
1637865859573,46,Small-Medium,200,OK,true,102712,139,21,21,8,0,0
1637865859192,429,Large,200,OK,true,1048891,137,21,21,13,0,0
1637865859496,125,Medium,200,OK,true,307512,139,21,21,8,0,0
1637865859192,446,Large,200,OK,true,1048891,137,21,21,11,0,0
1637865859249,408,Large,200,OK,true,1048891,137,21,21,9,0,0
1637865859258,413,Large,200,OK,true,1048891,137,21,21,9,0,0
1637865859553,128,Medium,200,OK,true,307513,139,21,21,7,0,0
1637865859657,27,Small,200,OK,true,51511,138,21,21,12,0,0
1637865859142,554,Large,200,OK,true,1048891,137,21,21,6,0,0
1637865859560,140,Medium,200,OK,true,307513,139,21,21,6,0,0
1637865859682,22,Small,200,OK,true,51511,138,21,21,7,0,0
1637865859671,53,Small-Medium,200,OK,true,102713,139,21,21,14,0,0
1637865859257,469,Large,200,OK,true,1048891,137,21,21,8,0,0
1637865859615,125,Medium,200,OK,true,307513,139,21,21,7,0,0
1637865859622,122,Medium,200,OK,true,307512,139,21,21,11,0,0
1637865859355,411,Large,200,OK,true,1048891,137,21,21,9,0,0
1637865859314,456,Large,200,OK,true,1048891,137,21,21,7,0,0
1637865859323,449,Large,200,OK,true,1048891,137,21,21,7,0,0
1637865859381,407,Large,200,OK,true,1048891,137,21,21,9,0,0
1637865859741,53,Small-Medium,200,OK,true,102713,139,21,21,7,0,0
1637865859770,26,Small,200,OK,true,51511,138,21,21,8,0,0
1637865859656,140,Medium,200,OK,true,307477,139,21,21,21,0,0
1637865859532,265,Medium,200,OK,true,307513,139,21,21,9,0,0
1637865859756,47,Small-Medium,200,OK,true,102713,139,21,21,7,0,0
1637865859766,49,Small-Medium,200,OK,true,102713,139,21,21,8,0,0
1637865859619,209,Medium-Large,200,OK,true,512313,139,21,21,9,0,0
1637865859638,190,Medium-Large,200,OK,true,512313,139,21,21,7,0,0
1637865859409,422,Large,200,OK,true,1048891,137,21,21,8,0,0
1637865859828,18,Small,200,OK,true,51511,138,21,21,7,0,0
1637865859797,49,Small,200,OK,true,51511,138,21,21,8,0,0
1637865859828,33,Small-Medium,200,OK,true,102713,139,21,21,7,0,0
1637865859831,53,Small-Medium,200,OK,true,102713,139,21,21,12,0,0
1637865859700,210,Medium-Large,200,OK,true,512313,139,21,21,7,0,0
1637865859797,123,Medium,200,OK,true,307514,139,21,21,14,0,7
1637865859744,200,Medium-Large,200,OK,true,512277,139,21,21,7,0,0
1637865859824,125,Medium,200,OK,true,307513,139,21,21,8,0,0
1637865859911,51,Small-Medium,200,OK,true,102713,139,21,21,9,0,0
1637865859881,84,Small-Medium,200,OK,true,102713,139,21,21,7,0,0
1637865859726,240,Medium-Large,200,OK,true,512313,139,21,21,6,0,0
1637865859920,53,Small-Medium,200,OK,true,102713,139,21,21,8,0,0
1637865859850,123,Medium,200,OK,true,307513,139,21,21,7,0,0
1637865859949,25,Small,200,OK,true,51511,138,21,21,7,0,0
1637865859766,211,Medium-Large,200,OK,true,512313,139,21,21,7,0,0
1637865859696,281,Medium-Large,200,OK,true,512313,139,21,21,7,0,0
1637865859788,194,Medium-Large,200,OK,true,512313,139,21,21,8,0,0
1637865859854,140,Medium,200,OK,true,307513,139,21,21,7,0,0
1637865859772,227,Medium-Large,200,OK,true,512313,139,21,21,8,0,0
1637865859621,396,Large,200,OK,true,1048891,137,21,21,8,0,0
1637865859995,25,Small,200,OK,true,51511,138,21,21,7,0,0
1637865859982,45,Small-Medium,200,OK,true,102713,139,21,21,8,0,0
1637865859977,62,Small-Medium,200,OK,true,102713,139,21,21,8,0,0
1637865859910,139,Medium,200,OK,true,307513,139,21,21,8,0,0
1637865859839,211,Medium-Large,200,OK,true,512313,139,21,21,7,0,0
1637865860050,22,Small,200,OK,true,51511,138,21,21,7,0,0
1637865859638,439,Large,200,OK,true,1048891,137,21,21,8,0,0
1637865860049,51,Small-Medium,200,OK,true,102713,139,21,21,7,0,0
1637865859977,125,Medium,200,OK,true,307513,139,21,21,7,0,0
1637865859646,456,Large,200,OK,true,1048891,137,21,21,7,0,0
1637865860102,26,Small,200,OK,true,51511,138,21,21,7,0,0
1637865860102,27,Small,200,OK,true,51511,138,21,21,8,0,0
1637865860080,49,Small-Medium,200,OK,true,102713,139,21,21,7,0,0
1637865859999,131,Medium,200,OK,true,307513,139,21,21,7,0,0
1637865859914,216,Medium-Large,200,OK,true,512313,139,21,21,8,0,0
1637865860017,120,Medium,200,OK,true,307513,139,21,21,7,0,0
1637865860061,82,Small-Medium,200,OK,true,102713,139,21,21,6,0,0
1637865860135,22,Small,200,OK,true,51511,138,21,21,6,0,0
1637865859973,196,Medium-Large,200,OK,true,512313,139,21,21,8,0,0
1637865859740,433,Large,200,OK,true,1048891,137,21,21,7,0,0
1637865860130,45,Small-Medium,200,OK,true,102713,139,21,21,6,0,0
1637865859966,215,Medium-Large,200,OK,true,512313,139,21,21,7,0,0
1637865860005,197,Medium-Large,200,OK,true,512313,139,21,21,7,0,0
1637865860163,43,Small-Medium,200,OK,true,102713,139,21,21,7,0,0
1637865860182,24,Small,200,OK,true,51511,138,21,21,7,0,0
1637865860146,64,Small-Medium,200,OK,true,102713,139,21,21,6,0,0
1637865860033,179,Medium-Large,200,OK,true,512313,139,21,21,7,0,0
1637865859994,220,Medium-Large,200,OK,true,512313,139,21,21,7,0,0
1637865860186,30,Small,200,OK,true,51511,138,21,21,7,0,0
1637865860202,16,Small,200,OK,true,51511,138,21,21,7,0,0
1637865859965,259,Medium,200,OK,true,307513,139,21,21,7,0,0
1637865860214,29,Small,200,OK,true,51511,138,21,21,8,0,0
1637865860066,188,Medium-Large,200,OK,true,512313,139,21,21,8,0,0
1637865860137,117,Medium,200,OK,true,307513,139,21,21,6,0,0
1637865859912,349,Large,200,OK,true,1048891,137,21,21,9,0,0
1637865860224,48,Small,200,OK,true,51510,138,21,21,7,0,0
1637865860254,19,Small,200,OK,true,51511,138,21,21,7,0,0
1637865860247,26,Small,200,OK,true,51511,138,21,21,8,0,0
1637865860169,110,Medium,200,OK,true,307513,139,21,21,8,0,0
1637865860270,24,Small,200,OK,true,51511,138,21,21,7,0,0
1637865860265,29,Small,200,OK,true,51511,138,21,21,7,0,0
1637865860229,69,Small-Medium,200,OK,true,102713,139,21,21,7,0,0
1637865860130,175,Medium-Large,200,OK,true,512313,139,21,21,6,0,0
1637865860219,99,Medium,200,OK,true,307513,139,21,21,7,0,0
1637865859944,377,Large,200,OK,true,1048892,137,21,21,14,0,7
1637865860133,188,Medium-Large,200,OK,true,512313,139,21,21,6,0,0
1637865860305,19,Small,200,OK,true,51511,138,21,21,8,0,0
1637865860321,25,Small,200,OK,true,51511,138,21,21,8,0,0
1637865860332,19,Small,200,OK,true,51511,138,21,21,7,0,0
1637865860186,170,Medium-Large,200,OK,true,512313,139,21,21,7,0,0
1637865860173,187,Medium-Large,200,OK,true,512313,139,21,21,8,0,0
1637865860321,39,Small-Medium,200,OK,true,102713,139,21,21,7,0,0
1637865860254,115,Medium,200,OK,true,307513,139,21,21,11,0,0
1637865860339,37,Small-Medium,200,OK,true,102713,139,21,21,6,0,0
1637865860213,169,Medium-Large,200,OK,true,512313,139,21,21,7,0,0
1637865860279,107,Medium,200,OK,true,307513,139,21,21,7,0,0
1637865860287,106,Medium,200,OK,true,307513,139,21,21,7,0,0
1637865860214,180,Medium-Large,200,OK,true,512313,139,21,21,7,0,0
1637865860308,89,Small-Medium,200,OK,true,102712,139,21,21,7,0,0
1637865860349,56,Small-Medium,200,OK,true,102713,139,21,21,7,0,0
1637865860261,147,Medium-Large,200,OK,true,512313,139,21,21,7,0,0
1637865860394,20,Small,200,OK,true,51511,138,21,21,7,0,0
1637865860299,116,Medium,200,OK,true,307513,139,21,21,7,0,0
1637865860389,38,Small-Medium,200,OK,true,102713,139,21,21,6,0,0
1637865860394,47,Small-Medium,200,OK,true,102713,139,21,21,7,0,0
1637865860415,27,Small,200,OK,true,51511,138,21,21,7,0,0
1637865860408,39,Small-Medium,200,OK,true,102713,139,21,21,9,0,0
1637865860405,45,Small-Medium,200,OK,true,102713,139,21,21,8,0,0
1637865860416,46,Small-Medium,200,OK,true,102713,139,21,21,7,0,0
1637865860356,107,Medium,200,OK,true,307513,139,21,21,8,0,0
1637865860360,105,Medium,200,OK,true,307513,139,21,21,7,0,0
1637865860382,97,Medium,200,OK,true,307513,139,21,21,7,0,0
1637865860387,95,Medium,200,OK,true,307513,139,21,21,6,0,0
1637865860318,166,Medium-Large,200,OK,true,512313,139,21,21,7,0,0
1637865860465,35,Small-Medium,200,OK,true,102713,139,21,21,7,0,0
1637865860077,428,Large,200,OK,true,1048891,137,21,21,7,0,0
1637865860485,23,Small,200,OK,true,51511,138,21,21,6,0,0
1637865860423,86,Medium,200,OK,true,307513,139,21,21,7,0,0
1637865859345,1168,Large,200,OK,true,1048891,137,21,21,7,0,0
1637865860478,39,Small-Medium,200,OK,true,102713,139,21,21,7,0,0
1637865860405,118,Medium,200,OK,true,307513,139,21,21,13,0,0
1637865860482,43,Small-Medium,200,OK,true,102713,139,21,21,7,0,0
1637865860478,48,Small-Medium,200,OK,true,102713,139,21,21,7,0,0
1637865860433,125,Medium,200,OK,true,307513,139,21,21,6,0,0
1637865860463,101,Medium,200,OK,true,307513,139,21,21,7,0,0
1637865860558,24,Small,200,OK,true,51511,138,22,22,7,0,0
1637865860313,279,Medium-Large,200,OK,true,512313,139,22,22,6,0,0
1637865860499,114,Medium,200,OK,true,307513,139,22,22,8,0,0
1637865860564,55,Small-Medium,200,OK,true,102713,139,22,22,7,0,0
1637865860509,114,Medium,200,OK,true,307513,139,22,22,8,0,0
1637865860524,127,Medium,200,OK,true,307513,139,22,22,7,0,0
1637865860397,259,Medium,200,OK,true,307512,139,22,22,8,0,0
1637865860474,204,Medium-Large,200,OK,true,512313,139,22,22,7,0,0
1637865860651,31,Small,200,OK,true,51511,138,22,22,7,0,0
1637865860479,203,Medium-Large,200,OK,true,512313,139,22,22,8,0,0
1637865860562,138,Medium,200,OK,true,307513,139,22,22,8,0,0
1637865860645,55,Small-Medium,200,OK,true,102713,139,22,22,7,0,0
1637865860488,219,Medium-Large,200,OK,true,512313,139,22,22,7,0,0
1637865860574,145,Medium,200,OK,true,307514,139,22,22,13,0,6
1637865860506,219,Medium-Large,200,OK,true,512313,139,22,22,7,0,0
1637865860700,26,Small,200,OK,true,51511,138,22,22,7,0,0
1637865860369,365,Large,200,OK,true,1048891,137,22,22,8,0,0
1637865860719,24,Small,200,OK,true,51511,138,22,22,7,0,0
1637865860565,220,Medium-Large,200,OK,true,512313,139,22,22,7,0,0
1637865860354,434,Large,200,OK,true,1048891,137,22,22,8,0,0
1637865860569,227,Medium-Large,200,OK,true,512313,139,22,22,7,0,0
1637865860678,130,Medium,200,OK,true,307513,139,22,22,7,0,0
1637865860807,28,Small,200,OK,true,51511,138,22,22,6,0,0
1637865860592,278,Medium-Large,200,OK,true,512313,139,22,22,7,0,0
1637865860651,228,Medium-Large,200,OK,true,512313,139,22,22,8,0,0
1637865860733,164,Medium,200,OK,true,307513,139,22,22,7,0,0
1637865860493,405,Large,200,OK,true,1048891,137,22,22,7,0,0
1637865860870,58,Small-Medium,200,OK,true,102713,139,22,22,7,0,0
1637865860707,237,Medium-Large,200,OK,true,512313,139,22,22,7,0,0
1637865860796,150,Medium,200,OK,true,307513,139,22,22,6,0,0
1637865860898,51,Small-Medium,200,OK,true,102712,139,22,22,7,0,0
1637865860500,462,Large,200,OK,true,1048891,137,22,22,8,0,0
1637865860725,238,Medium-Large,200,OK,true,512313,139,22,22,7,0,0
1637865860739,229,Medium-Large,200,OK,true,512313,139,22,22,8,0,0
1637865860944,55,Small-Medium,200,OK,true,102713,139,22,22,8,0,0
1637865860946,53,Small-Medium,200,OK,true,102713,139,22,22,7,0,0
1637865860959,42,Small,200,OK,true,51511,138,22,22,7,0,0
1637865860785,238,Medium-Large,200,OK,true,512313,139,22,22,8,0,0
1637865860879,149,Medium,200,OK,true,307513,139,22,22,7,0,0
1637865860788,246,Medium-Large,200,OK,true,512313,139,22,22,8,0,0
1637865860549,488,Large,200,OK,true,1048891,137,22,22,7,0,0
1637865860562,485,Large,200,OK,true,1048891,137,22,22,6,0,0
1637865860613,455,Large,200,OK,true,1048891,137,22,22,7,0,0
1637865861023,48,Small-Medium,200,OK,true,102713,139,22,22,7,0,0
1637865861047,30,Small,200,OK,true,51511,138,22,22,8,0,0
1637865861028,49,Small-Medium,200,OK,true,102713,139,22,22,7,0,0
1637865860623,457,Large,200,OK,true,1048891,137,22,22,8,0,0
1637865861034,49,Small-Medium,200,OK,true,102713,139,22,22,7,0,0
1637865861047,41,Small,200,OK,true,51511,138,22,22,6,0,0
1637865861080,39,Small-Medium,200,OK,true,102713,139,22,22,7,0,0
1637865860894,226,Medium-Large,200,OK,true,512313,139,22,22,8,0,0
1637865860682,442,Large,200,OK,true,1048891,137,22,22,8,0,0
1637865860897,233,Medium-Large,200,OK,true,512313,139,22,22,7,0,0
1637865861110,47,Small-Medium,200,OK,true,102713,139,22,22,8,0,0
1637865861032,142,Medium,200,OK,true,307513,139,22,22,7,0,0
1637865860985,191,Medium-Large,200,OK,true,512312,139,22,22,8,0,0
1637865860735,444,Large,200,OK,true,1048891,137,22,22,6,0,0
1637865860968,214,Medium-Large,200,OK,true,512313,139,22,22,8,0,0
1637865861130,56,Small-Medium,200,OK,true,102713,139,22,22,7,0,0
1637865860964,222,Medium-Large,200,OK,true,512313,139,22,22,7,0,0
1637865861186,28,Small,200,OK,true,51511,138,22,22,6,0,0
1637865861169,51,Small-Medium,200,OK,true,102713,139,22,22,6,0,0
1637865861174,50,Small-Medium,200,OK,true,102713,139,22,22,5,0,0
1637865861218,28,Small,200,OK,true,51511,138,22,22,5,0,0
1637865860788,460,Large,200,OK,true,1048891,137,22,22,7,0,0
1637865861037,219,Medium-Large,200,OK,true,512313,139,22,22,6,0,0
1637865861122,139,Medium,200,OK,true,307513,139,22,22,7,0,0
1637865860808,453,Large,200,OK,true,1048891,137,22,22,7,0,0
1637865861115,146,Medium,200,OK,true,307513,139,22,22,7,0,0
1637865861034,234,Medium-Large,200,OK,true,512313,139,22,22,7,0,0
1637865861248,25,Small,200,OK,true,51511,138,22,22,6,0,0
1637865861069,213,Medium-Large,200,OK,true,512313,139,22,22,7,0,0
1637865861261,29,Small,200,OK,true,51511,138,22,22,8,0,0
1637865861268,50,Small-Medium,200,OK,true,102713,139,22,22,6,0,0
1637865861182,138,Medium,200,OK,true,307513,139,22,22,7,0,0
1637865861305,28,Small,200,OK,true,51511,138,22,22,6,0,0
1637865861120,221,Medium-Large,200,OK,true,512313,139,22,22,7,0,0
1637865861320,21,Small,200,OK,true,51511,138,22,22,5,0,0
1637865861125,218,Medium-Large,200,OK,true,512313,139,22,22,7,0,0
1637865861136,240,Medium-Large,200,OK,true,512313,139,22,22,7,0,0
1637865860656,723,Large,200,OK,true,1048890,137,22,22,7,0,0
1637865861337,45,Small-Medium,200,OK,true,102713,139,22,22,6,0,0
1637865861343,46,Small-Medium,200,OK,true,102713,139,22,22,5,0,0
1637865861261,131,Medium,200,OK,true,307513,139,22,22,5,0,0
1637865861176,219,Medium-Large,200,OK,true,512312,139,22,22,9,0,0
1637865861348,48,Small-Medium,200,OK,true,102713,139,22,22,6,0,0
1637865861395,23,Small,200,OK,true,51510,138,22,22,6,0,0
1637865860962,458,Large,200,OK,true,1048891,137,22,22,8,0,0
1637865861409,48,Small-Medium,200,OK,true,102713,139,22,22,5,0,0
1637865861430,28,Small,200,OK,true,51511,138,22,22,6,0,0
1637865860513,950,Large,200,OK,true,1048891,137,22,22,7,0,0
1637865861436,27,Small,200,OK,true,51511,138,22,22,6,0,0
1637865861420,49,Small-Medium,200,OK,true,102713,139,22,22,6,0,0
1637865861257,213,Medium-Large,200,OK,true,512313,139,22,22,5,0,0
1637865861261,213,Medium-Large,200,OK,true,512313,139,22,22,5,0,0
1637865861262,218,Medium-Large,200,OK,true,512313,139,22,22,7,0,0
1637865861356,135,Medium,200,OK,true,307513,139,22,22,6,0,0
1637865861470,41,Small-Medium,200,OK,true,102713,139,22,22,6,0,0
1637865861392,126,Medium,200,OK,true,307513,139,22,22,5,0,0
1637865861497,24,Small,200,OK,true,51511,138,22,22,5,0,0
1637865861508,26,Small,200,OK,true,51511,138,22,22,5,0,0
1637865861379,157,Medium,200,OK,true,307512,139,22,22,6,0,0
1637865861135,448,Large,200,OK,true,1048891,137,22,22,7,0,0
1637865861474,132,Medium,200,OK,true,307513,139,22,22,6,0,0
1637865861559,48,Small-Medium,200,OK,true,102713,139,22,22,6,0,0
1637865861480,131,Medium,200,OK,true,307513,139,22,22,6,0,0
1637865861394,219,Medium-Large,200,OK,true,512313,139,22,22,6,0,0
1637865861179,435,Large,200,OK,true,1048891,137,22,22,6,0,0
1637865861483,134,Medium,200,OK,true,307512,139,22,22,6,0,0
1637865861595,24,Small,200,OK,true,51511,138,22,22,6,0,0
1637865861607,21,Small,200,OK,true,51511,138,22,22,5,0,0
1637865861585,49,Small-Medium,200,OK,true,102713,139,22,22,5,0,0
1637865861492,142,Medium,200,OK,true,307513,139,22,22,5,0,0
1637865861198,437,Large,200,OK,true,1048891,137,22,22,6,0,0
1637865861614,22,Small,200,OK,true,51511,138,22,22,6,0,0
1637865861426,215,Medium-Large,200,OK,true,512313,139,22,22,5,0,0
1637865861519,126,Medium,200,OK,true,307513,139,22,22,6,0,0
1637865861641,23,Small,200,OK,true,51511,138,22,22,8,0,0
1637865861646,40,Small-Medium,200,OK,true,102713,139,22,22,6,0,0
1637865861645,44,Small-Medium,200,OK,true,102713,139,22,22,6,0,0
1637865861673,23,Small,200,OK,true,51511,138,22,22,5,0,0
1637865861256,452,Large,200,OK,true,1048891,137,22,22,5,0,0
1637865861274,436,Large,200,OK,true,1048891,137,22,22,6,0,0
1637865861282,430,Large,200,OK,true,1048891,137,22,22,5,0,0
1637865861518,209,Medium-Large,200,OK,true,512313,139,22,22,6,0,0
1637865861617,110,Medium,200,OK,true,307512,139,22,22,6,0,0
1637865861612,118,Medium,200,OK,true,307513,139,22,22,5,0,0
1637865861613,124,Medium,200,OK,true,307513,139,22,22,5,0,0
1637865861708,49,Small-Medium,200,OK,true,102713,139,22,22,5,0,0
1637865861341,421,Large,200,OK,true,1048891,137,22,22,6,0,0
1637865861729,52,Small-Medium,200,OK,true,102713,139,22,22,7,0,0
1637865861760,25,Small,200,OK,true,51511,138,22,22,7,0,0
1637865861762,49,Small-Medium,200,OK,true,102713,139,22,22,6,0,0
1637865861695,134,Medium,200,OK,true,307513,139,22,22,6,0,0
1637865861703,131,Medium,200,OK,true,307513,139,22,22,6,0,0
1637865861636,220,Medium-Large,200,OK,true,512313,139,22,22,14,0,0
1637865861376,497,Large,200,OK,true,1048891,137,22,22,6,0,0
1637865861735,142,Medium,200,OK,true,307513,139,22,22,6,0,0
1637865861737,145,Medium,200,OK,true,307513,139,22,22,5,0,0
1637865861830,56,Small-Medium,200,OK,true,102713,139,22,22,6,0,0
1637865861849,51,Small-Medium,200,OK,true,102713,139,22,22,6,0,0
1637865861464,445,Medium-Large,200,OK,true,512313,139,22,22,5,0,0
1637865861683,232,Medium-Large,200,OK,true,512313,139,22,22,6,0,0
1637865861882,52,Small-Medium,200,OK,true,102713,139,22,22,6,0,0
1637865861712,227,Medium-Large,200,OK,true,512313,139,22,22,6,0,0
1637865861796,145,Medium,200,OK,true,307513,139,22,22,6,0,0
1637865861710,235,Medium-Large,200,OK,true,512313,139,22,22,6,0,0
1637865861728,230,Medium-Large,200,OK,true,512312,139,22,22,5,0,0
1637865861816,142,Medium,200,OK,true,307513,139,22,22,6,0,0
1637865861727,238,Medium-Large,200,OK,true,512313,139,22,22,8,0,0
1637865861917,49,Small-Medium,200,OK,true,102713,139,22,22,5,0,0
1637865861915,52,Small-Medium,200,OK,true,102713,139,22,22,6,0,0
1637865861525,462,Large,200,OK,true,1048891,137,22,22,5,0,0
1637865861959,48,Small-Medium,200,OK,true,102713,139,22,22,5,0,0
1637865861965,48,Small-Medium,200,OK,true,102713,139,22,22,6,0,0
1637865861969,51,Small-Medium,200,OK,true,102713,139,22,22,6,0,0
1637865862003,25,Small,200,OK,true,51511,138,22,22,5,0,0
1637865861988,50,Small-Medium,200,OK,true,102713,139,22,22,5,0,0
1637865861583,463,Large,200,OK,true,1048891,137,22,22,6,0,0
1637865861536,517,Large,200,OK,true,1048890,137,22,22,6,0,0
1637865861939,133,Medium,200,OK,true,307513,139,22,22,6,0,0
1637865861856,225,Medium-Large,200,OK,true,512313,139,22,22,6,0,0
1637865862053,31,Small,200,OK,true,51510,138,22,22,8,0,0
1637865861945,140,Medium,200,OK,true,307513,139,22,22,6,0,0
1637865862072,28,Small,200,OK,true,51511,138,22,22,8,0,0
1637865861635,475,Large,200,OK,true,1048891,137,22,22,12,0,0
1637865861873,240,Medium-Large,200,OK,true,512313,139,22,22,5,0,0
1637865862081,47,Small-Medium,200,OK,true,102713,139,22,22,6,0,0
1637865862005,129,Medium,200,OK,true,307513,139,22,22,5,0,0
1637865862090,49,Small-Medium,200,OK,true,102713,139,22,22,7,0,0
1637865862135,26,Small,200,OK,true,51511,138,22,22,5,0,0
1637865861941,222,Medium-Large,200,OK,true,512313,139,22,22,6,0,0
1637865862113,50,Small-Medium,200,OK,true,102713,139,22,22,6,0,0
1637865862046,132,Medium,200,OK,true,307513,139,22,22,6,0,0
1637865861959,219,Medium-Large,200,OK,true,512312,139,22,22,5,0,0
1637865861733,456,Large,200,OK,true,1048891,137,22,22,7,0,0
1637865861730,466,Large,200,OK,true,1048891,137,22,22,8,0,0
1637865862178,26,Small,200,OK,true,51511,138,22,22,6,0,0
1637865862076,135,Medium,200,OK,true,307513,139,22,22,6,0,0
1637865862178,49,Small-Medium,200,OK,true,102712,139,22,22,5,0,0
1637865862202,30,Small,200,OK,true,51511,138,22,22,5,0,0
1637865862212,23,Small,200,OK,true,51511,138,22,22,5,0,0
1637865862111,135,Medium,200,OK,true,307513,139,22,22,6,0,0
1637865861909,346,Medium-Large,200,OK,true,512313,139,22,22,6,0,0
1637865862046,218,Medium-Large,200,OK,true,512313,139,22,22,6,0,0
1637865862052,215,Medium-Large,200,OK,true,512313,139,22,22,6,0,0
1637865861834,445,Large,200,OK,true,1048891,137,22,22,6,0,0
1637865862057,225,Medium-Large,200,OK,true,512313,139,22,22,6,0,0
1637865862265,25,Small,200,OK,true,51511,138,22,22,5,0,0
1637865862163,131,Medium,200,OK,true,307513,139,22,22,5,0,0
1637865862169,129,Medium,200,OK,true,307513,139,22,22,5,0,0
1637865861848,452,Large,200,OK,true,1048891,137,22,22,6,0,0
1637865862085,217,Medium-Large,200,OK,true,512313,139,22,22,5,0,0
1637865862266,45,Small-Medium,200,OK,true,102713,139,22,22,5,0,0
1637865862267,48,Small-Medium,200,OK,true,102713,139,22,22,5,0,0
1637865861877,442,Large,200,OK,true,1048891,137,22,22,5,0,0
1637865862298,47,Small-Medium,200,OK,true,102713,139,22,22,6,0,0
1637865862302,47,Small-Medium,200,OK,true,102713,139,22,22,6,0,0
1637865861937,440,Large,200,OK,true,1048891,137,22,22,5,0,0
1637865862354,26,Small,200,OK,true,51511,138,22,22,6,0,0
1637865862354,26,Small,200,OK,true,51511,138,22,22,6,0,0
1637865862178,222,Medium-Large,200,OK,true,512313,139,22,22,6,0,0
1637865862189,214,Medium-Large,200,OK,true,512313,139,22,22,5,0,0
1637865862282,136,Medium,200,OK,true,307513,139,22,22,5,0,0
1637865862419,23,Small,200,OK,true,51511,138,22,22,5,0,0
1637865862403,48,Small-Medium,200,OK,true,102713,139,22,22,5,0,0
1637865862246,226,Medium-Large,200,OK,true,512313,139,22,22,5,0,0
1637865862265,222,Medium-Large,200,OK,true,512277,139,22,22,5,0,0
1637865862279,222,Medium-Large,200,OK,true,512313,139,22,22,6,0,0
1637865862378,138,Medium,200,OK,true,307513,139,22,22,5,0,0
1637865862299,223,Medium-Large,200,OK,true,512313,139,22,22,6,0,0
1637865862300,226,Medium-Large,200,OK,true,512313,139,22,22,7,0,0
1637865862290,248,Medium-Large,200,OK,true,512313,139,22,22,5,0,0
1637865862320,227,Medium-Large,200,OK,true,512313,139,22,22,5,0,0
1637865862538,34,Small,200,OK,true,51511,138,22,22,5,0,0
1637865862443,146,Medium,200,OK,true,307513,139,22,22,6,0,0
1637865862353,237,Medium-Large,200,OK,true,512313,139,22,22,5,0,0
1637865862255,337,Medium-Large,200,OK,true,512313,139,22,22,5,0,0
1637865862591,26,Small,200,OK,true,51511,138,22,22,4,0,0
1637865862161,458,Large,200,OK,true,1048891,137,22,22,5,0,0
1637865862141,490,Large,200,OK,true,1048890,137,22,22,5,0,0
1637865862491,149,Medium,200,OK,true,307513,139,22,22,6,0,0
1637865862400,245,Medium-Large,200,OK,true,512313,139,22,22,5,0,0
1637865862502,148,Medium,200,OK,true,307513,139,22,22,6,0,0
1637865862626,33,Small,200,OK,true,51511,138,22,22,6,0,0
1637865862196,470,Large,200,OK,true,1048891,137,22,22,6,0,0
1637865862223,460,Large,200,OK,true,1048891,137,22,22,6,0,0
1637865862666,49,Small-Medium,200,OK,true,102713,139,22,22,6,0,0
1637865862590,142,Medium,200,OK,true,307513,139,22,22,5,0,0
1637865862683,49,Small-Medium,200,OK,true,102713,139,22,22,5,0,0
1637865862487,252,Medium-Large,200,OK,true,512314,139,22,22,12,0,6
1637865862517,237,Medium-Large,200,OK,true,512313,139,22,22,5,0,0
1637865862526,236,Medium-Large,200,OK,true,512313,139,22,22,6,0,0
1637865862739,24,Small,200,OK,true,51511,138,22,22,6,0,0
1637865862294,477,Large,200,OK,true,1048891,137,22,22,6,0,0
1637865862640,135,Medium,200,OK,true,307513,139,22,22,6,0,0
1637865862753,27,Small,200,OK,true,51511,138,22,22,6,0,0
1637865862732,48,Small-Medium,200,OK,true,102712,139,22,22,6,0,0
1637865862645,140,Medium,200,OK,true,307513,139,22,22,6,0,0
1637865862771,24,Small,200,OK,true,51511,138,22,22,5,0,0
1637865862631,166,Medium,200,OK,true,307512,139,22,22,6,0,0
1637865862775,43,Small-Medium,200,OK,true,102713,139,22,22,6,0,0
1637865862785,45,Small-Medium,200,OK,true,102713,139,22,22,6,0,0
1637865862385,463,Large,200,OK,true,1048891,137,22,22,6,0,0
1637865862389,477,Large,200,OK,true,1048891,137,22,22,6,0,0
1637865862754,128,Medium,200,OK,true,307513,139,22,22,5,0,0
1637865862842,49,Small-Medium,200,OK,true,102713,139,22,22,6,0,0
1637865862865,28,Small,200,OK,true,51511,138,22,22,5,0,0
1637865862763,134,Medium,200,OK,true,307513,139,22,22,5,0,0
1637865862442,467,Large,200,OK,true,1048891,137,22,22,6,0,0
1637865862859,50,Small-Medium,200,OK,true,102713,139,22,22,6,0,0
1637865862897,23,Small,200,OK,true,51511,138,22,22,5,0,0
1637865862714,236,Medium-Large,200,OK,true,512313,139,22,22,5,0,0
1637865862472,487,Large,200,OK,true,1048891,137,22,22,6,0,0
1637865862952,23,Small,200,OK,true,51511,138,22,22,5,0,0
1637865862950,29,Small,200,OK,true,51511,138,22,22,5,0,0
1637865862506,474,Large,200,OK,true,1048891,137,22,22,6,0,0
1637865862522,462,Large,200,OK,true,1048891,137,22,22,6,0,0
1637865862592,399,Medium-Large,200,OK,true,512313,139,22,22,5,0,0
1637865862547,457,Large,200,OK,true,1048891,137,22,22,6,0,0
1637865862985,27,Small,200,OK,true,51511,138,22,22,6,0,0
1637865862985,48,Small-Medium,200,OK,true,102713,139,22,22,5,0,0
1637865862798,238,Medium-Large,200,OK,true,512277,139,22,22,5,0,0
1637865862821,220,Medium-Large,200,OK,true,512312,139,22,22,7,0,0
1637865862827,221,Medium-Large,200,OK,true,512313,139,22,22,5,0,0
1637865862619,445,Large,200,OK,true,1048891,137,22,22,6,0,0
1637865863037,29,Small,200,OK,true,51511,138,22,22,6,0,0
1637865862947,138,Medium,200,OK,true,307513,139,22,22,5,0,0
1637865862650,442,Large,200,OK,true,1048891,137,22,22,6,0,0
1637865862959,136,Medium,200,OK,true,307513,139,22,22,5,0,0
1637865862873,226,Medium-Large,200,OK,true,512313,139,22,22,7,0,0
1637865862883,217,Medium-Large,200,OK,true,512313,139,22,22,6,0,0
1637865863085,26,Small,200,OK,true,51511,138,22,22,5,0,0
1637865862679,455,Large,200,OK,true,1048891,137,22,22,6,0,0
1637865863004,138,Medium,200,OK,true,307513,139,22,22,6,0,0
1637865863101,47,Small-Medium,200,OK,true,102713,139,22,22,5,0,0
1637865863100,49,Small-Medium,200,OK,true,102713,139,22,22,6,0,0
1637865863039,134,Medium,200,OK,true,307513,139,22,22,6,0,0
1637865863173,25,Small,200,OK,true,51511,138,22,22,4,0,0
1637865863072,140,Medium,200,OK,true,307513,139,22,22,5,0,0
1637865862980,232,Medium-Large,200,OK,true,512313,139,22,22,5,0,0
1637865863073,141,Medium,200,OK,true,307513,139,22,22,5,0,0
1637865863188,27,Small,200,OK,true,51511,138,22,22,4,0,0
1637865862771,448,Large,200,OK,true,1048891,137,22,22,7,0,0
1637865863173,48,Small-Medium,200,OK,true,102713,139,22,22,5,0,0
1637865863219,23,Small,200,OK,true,51511,138,22,22,3,0,0
1637865863212,46,Small-Medium,200,OK,true,102713,139,22,22,4,0,0
1637865863041,236,Medium-Large,200,OK,true,512312,139,22,22,5,0,0
1637865863260,32,Small,200,OK,true,51511,138,22,22,5,0,0
1637865862848,455,Large,200,OK,true,1048891,137,22,22,5,0,0
1637865863093,228,Medium-Large,200,OK,true,512313,139,22,22,4,0,0
1637865863278,49,Small-Medium,200,OK,true,102712,139,22,22,5,0,0
1637865863261,67,Small-Medium,200,OK,true,102713,139,22,22,23,0,0
1637865863189,140,Medium,200,OK,true,307513,139,22,22,3,0,0
1637865862866,469,Large,200,OK,true,1048891,137,22,22,5,0,0
1637865863304,33,Small,200,OK,true,51511,138,22,22,11,0,0
1637865863214,134,Medium,200,OK,true,307513,139,22,22,3,0,0
1637865863301,48,Small-Medium,200,OK,true,102713,139,22,22,5,0,0
1637865863212,137,Medium,200,OK,true,307513,139,22,22,4,0,0
1637865863335,24,Small,200,OK,true,51511,138,22,22,4,0,0
1637865862909,451,Large,200,OK,true,1048891,137,22,22,6,0,0
1637865863126,239,Medium-Large,200,OK,true,512312,139,22,22,5,0,0
1637865863349,20,Small,200,OK,true,51511,138,22,22,5,0,0
1637865863329,44,Small-Medium,200,OK,true,102713,139,22,22,5,0,0
1637865862929,458,Large,200,OK,true,1048891,137,22,22,5,0,0
1637865863349,42,Small-Medium,200,OK,true,102713,139,22,22,4,0,0
1637865863360,46,Small-Medium,200,OK,true,102713,139,22,22,5,0,0
1637865863277,131,Medium,200,OK,true,307513,139,22,22,6,0,0
1637865863387,23,Small,200,OK,true,51511,138,22,22,6,0,0
1637865863409,22,Small,200,OK,true,51511,138,22,22,5,0,0
1637865863392,41,Small-Medium,200,OK,true,102713,139,22,22,5,0,0
1637865863307,128,Medium,200,OK,true,307513,139,22,22,10,0,0
1637865863424,21,Small,200,OK,true,51511,138,22,22,5,0,0
1637865863322,124,Medium,200,OK,true,307513,139,22,22,11,0,0
1637865863437,22,Small,200,OK,true,51511,138,22,22,5,0,0
1637865863036,449,Large,200,OK,true,1048892,137,22,22,12,0,5
1637865863446,42,Small-Medium,200,OK,true,102713,139,22,22,5,0,0
1637865863449,43,Small-Medium,200,OK,true,102713,139,22,22,4,0,0
1637865863048,446,Large,200,OK,true,1048891,137,22,22,6,0,0
1637865863476,24,Small,200,OK,true,51511,138,22,22,7,0,0
1637865863064,443,Large,200,OK,true,1048891,137,22,22,6,0,0
1637865862991,522,Large,200,OK,true,1048891,137,22,22,5,0,0
1637865863494,24,Small,200,OK,true,51511,138,22,22,4,0,0
1637865863418,116,Medium,200,OK,true,307513,139,22,22,5,0,0
1637865863095,442,Large,200,OK,true,1048891,137,22,22,5,0,0
1637865863512,26,Small,200,OK,true,51511,138,22,22,11,0,0
1637865863496,46,Small-Medium,200,OK,true,102713,139,22,22,7,0,0
1637865863348,197,Medium-Large,200,OK,true,512313,139,22,22,4,0,0
1637865863525,21,Small,200,OK,true,51511,138,22,22,4,0,0
1637865863537,22,Small,200,OK,true,51511,138,22,22,6,0,0
1637865863134,425,Large,200,OK,true,1048891,137,22,22,6,0,0
1637865863534,26,Small,200,OK,true,51511,138,22,22,6,0,0
1637865863545,15,Small,200,OK,true,51511,138,22,22,4,0,0
1637865863536,25,Small,200,OK,true,51511,138,22,22,5,0,0
1637865863438,125,Medium,200,OK,true,307513,139,22,22,5,0,0
1637865863143,426,Large,200,OK,true,1048891,137,22,22,7,0,0
1637865863365,204,Medium-Large,200,OK,true,512312,139,22,22,9,0,0
1637865863365,217,Medium-Large,200,OK,true,512312,139,22,22,4,0,0
1637865863569,17,Small,200,OK,true,51510,138,22,22,6,0,0
1637865863435,160,Medium-Large,200,OK,true,512313,139,22,22,6,0,0
1637865863564,32,Small-Medium,200,OK,true,102713,139,22,22,8,0,0
1637865863388,216,Medium-Large,200,OK,true,512313,139,22,22,4,0,0
1637865863563,41,Small-Medium,200,OK,true,102713,139,22,22,10,0,0
1637865863583,22,Small,200,OK,true,51511,138,22,22,8,0,0
1637865863480,136,Medium-Large,200,OK,true,512313,139,22,22,4,0,0
1637865863600,22,Small,200,OK,true,51511,138,22,22,8,0,0
1637865863569,76,Medium,200,OK,true,307513,139,22,22,7,0,0
1637865863534,121,Medium-Large,200,OK,true,512313,139,22,22,5,0,0
1637865863633,27,Small,200,OK,true,51511,138,22,22,13,0,0
1637865863507,159,Medium-Large,200,OK,true,512313,139,22,22,4,0,0
1637865863485,186,Medium-Large,200,OK,true,512313,139,22,22,4,0,0
1637865863595,82,Medium,200,OK,true,307513,139,22,22,8,0,0
1637865863624,58,Small-Medium,200,OK,true,102713,139,22,22,9,0,0
1637865863666,31,Small,200,OK,true,51511,138,22,22,15,0,0
1637865863613,90,Medium,200,OK,true,307513,139,22,22,10,0,0
1637865863656,47,Small-Medium,200,OK,true,102712,139,22,22,10,0,0
1637865863617,96,Medium,200,OK,true,307513,139,22,22,7,0,0
1637865863684,36,Small-Medium,200,OK,true,102713,139,22,22,8,0,0
1637865863703,19,Small,200,OK,true,51511,138,22,22,8,0,0
1637865863585,150,Medium,200,OK,true,307513,139,22,22,8,0,0
1637865863655,87,Medium,200,OK,true,307513,139,22,22,8,0,0
1637865863657,87,Medium,200,OK,true,307513,139,22,22,10,0,0
1637865863559,187,Medium-Large,200,OK,true,512313,139,22,22,9,0,0
1637865863713,35,Small-Medium,200,OK,true,102713,139,22,22,9,0,0
1637865863349,404,Large,200,OK,true,1048891,137,22,22,5,0,0
1637865863744,17,Small,200,OK,true,51511,138,22,22,9,0,0
1637865863621,151,Medium-Large,200,OK,true,512313,139,22,22,9,0,0
1637865863755,24,Small,200,OK,true,51511,138,22,22,9,0,0
1637865863624,169,Medium-Large,200,OK,true,512313,139,22,22,10,0,0
1637865863652,143,Medium,200,OK,true,307513,139,22,22,7,0,0
1637865863753,43,Small-Medium,200,OK,true,102713,139,22,22,9,0,0
1637865863772,25,Small,200,OK,true,51511,138,22,22,7,0,0
1637865863791,17,Small,200,OK,true,51511,138,22,22,9,0,0
1637865863671,138,Medium,200,OK,true,307513,139,22,22,11,0,0
1637865863795,34,Small-Medium,200,OK,true,102713,139,22,22,8,0,0
1637865863742,88,Medium,200,OK,true,307513,139,22,22,8,0,0
1637865863809,26,Small,200,OK,true,51511,138,22,22,9,0,0
1637865863744,97,Medium,200,OK,true,307512,139,22,22,9,0,0
1637865863832,17,Small,200,OK,true,51511,138,22,22,8,0,0
1637865863831,27,Small-Medium,200,OK,true,102713,139,22,22,8,0,0
1637865863773,88,Medium,200,OK,true,307513,139,22,22,7,0,0
1637865863861,19,Small,200,OK,true,51511,138,22,22,7,0,0
1637865863721,166,Medium-Large,200,OK,true,512313,139,22,22,8,0,0
1637865863671,221,Medium-Large,200,OK,true,512313,139,22,22,9,0,0
1637865863860,32,Small-Medium,200,OK,true,102713,139,22,22,7,0,0
1637865863688,221,Medium-Large,200,OK,true,512313,139,22,22,8,0,0
1637865863921,19,Small,200,OK,true,51511,138,22,22,9,0,0
1637865863843,108,Medium,200,OK,true,307513,139,22,22,9,0,0
1637865863582,370,Medium-Large,200,OK,true,512312,139,22,22,8,0,0
1637865863793,160,Medium-Large,200,OK,true,512313,139,22,22,8,0,0
1637865863880,82,Medium,200,OK,true,307513,139,22,22,9,0,0
1637865863802,162,Medium-Large,200,OK,true,512313,139,22,22,9,0,0
1637865863735,238,Medium-Large,200,OK,true,512313,139,22,22,8,0,0
1637865863953,31,Small,200,OK,true,51511,138,22,22,11,0,0
1637865863841,145,Medium,200,OK,true,307513,139,22,22,10,0,0
1637865863841,155,Medium-Large,200,OK,true,512312,139,22,22,9,0,0
1637865863883,128,Medium,200,OK,true,307513,139,22,22,8,0,0
1637865863712,308,Medium-Large,200,OK,true,512313,139,22,22,9,0,0
1637865863973,52,Small-Medium,200,OK,true,102713,139,22,22,11,0,0
1637865863996,32,Small,200,OK,true,51475,138,22,22,11,0,0
1637865863987,53,Small-Medium,200,OK,true,102713,139,22,22,13,0,0
1637865863896,156,Medium,200,OK,true,307513,139,22,22,9,0,0
1637865863652,400,Large,200,OK,true,1048891,137,22,22,8,0,0
1637865864020,34,Small,200,OK,true,51511,138,22,22,9,0,0
1637865863952,107,Small-Medium,200,OK,true,102712,139,22,22,11,0,0
1637865863948,116,Medium,200,OK,true,307513,139,22,22,10,0,0
1637865863964,115,Medium,200,OK,true,307513,139,22,22,10,0,0
1637865864065,20,Small,200,OK,true,51511,138,22,22,7,0,0
1637865864061,36,Small,200,OK,true,51511,138,22,22,8,0,0
1637865864059,44,Small,200,OK,true,51510,138,22,22,10,0,0
1637865863514,619,Medium-Large,200,OK,true,512313,139,22,22,4,0,0
1637865864041,101,Medium,200,OK,true,307513,139,22,22,9,0,0
1637865863892,251,Medium-Large,200,OK,true,512313,139,22,22,8,0,0
1637865864009,157,Medium-Large,200,OK,true,512313,139,22,22,9,0,0
1637865864108,70,Small-Medium,200,OK,true,102713,139,22,22,10,0,0
1637865864142,45,Small-Medium,200,OK,true,102713,139,22,22,9,0,0
1637865863746,442,Large,200,OK,true,1048891,137,22,22,9,0,0
1637865863604,585,Large,200,OK,true,1048891,137,22,22,8,0,0
1637865864143,67,Small-Medium,200,OK,true,102713,139,22,22,11,0,0
1637865864188,29,Small,200,OK,true,51511,138,22,22,9,0,0
1637865864074,147,Medium,200,OK,true,307513,139,22,22,10,0,0
1637865864167,87,Medium,200,OK,true,307513,139,22,22,8,0,0
1637865863887,380,Large,200,OK,true,1048891,137,22,22,7,0,0
1637865864221,50,Small-Medium,200,OK,true,102713,139,22,22,9,0,0
1637865863919,355,Large,200,OK,true,1048891,137,22,22,8,0,0
1637865864152,126,Medium,200,OK,true,307513,139,22,22,10,0,0
1637865863948,331,Large,200,OK,true,1048891,137,22,22,9,0,0
1637865863968,355,Large,200,OK,true,1048891,137,22,22,16,0,0
1637865864275,49,Small-Medium,200,OK,true,102713,139,22,22,9,0,0
1637865864309,40,Small,200,OK,true,51511,138,22,22,8,0,0
1637865864254,106,Medium,200,OK,true,307513,139,22,22,8,0,0
1637865863951,412,Large,200,OK,true,1048891,137,22,22,10,0,0
1637865864231,140,Medium,200,OK,true,307513,139,22,22,8,0,0
1637865864279,104,Medium,200,OK,true,307513,139,22,22,8,0,0
1637865864195,190,Medium,200,OK,true,307513,139,22,22,10,0,0
1637865864231,155,Medium,200,OK,true,307513,139,22,22,8,0,0
1637865864371,41,Small-Medium,200,OK,true,102713,139,22,22,9,0,0
1637865863909,517,Large,200,OK,true,1048891,137,22,22,9,0,0
1637865864398,34,Small,200,OK,true,51511,138,22,22,9,0,0
1637865864267,193,Medium-Large,200,OK,true,512313,139,22,22,10,0,0
1637865864053,407,Large,200,OK,true,1048891,137,22,22,9,0,0
1637865864011,452,Large,200,OK,true,1048891,137,22,22,10,0,0
1637865864275,188,Medium-Large,200,OK,true,512313,139,22,22,8,0,0
1637865864079,390,Large,200,OK,true,1048891,137,22,22,9,0,0
1637865864463,22,Small,200,OK,true,51511,138,22,22,8,0,0
1637865864363,150,Medium,200,OK,true,307513,139,22,22,10,0,0
1637865864460,54,Small-Medium,200,OK,true,102713,139,22,22,8,0,0
1637865864052,484,Large,200,OK,true,1048891,137,22,22,8,0,0
1637865864360,177,Medium-Large,200,OK,true,512313,139,22,22,10,0,0
1637865864363,197,Medium-Large,200,OK,true,512313,139,22,22,9,0,0
1637865864384,177,Medium-Large,200,OK,true,512313,139,22,22,7,0,0
1637865864469,106,Medium,200,OK,true,307513,139,22,22,10,0,0
1637865864385,193,Medium,200,OK,true,307513,139,22,22,9,0,0
1637865864426,153,Medium,200,OK,true,307513,139,22,22,9,0,0
1637865864561,26,Small,200,OK,true,51511,138,22,22,10,0,0
1637865864460,130,Medium,200,OK,true,307513,139,22,22,9,0,0
1637865864463,137,Medium,200,OK,true,307513,139,22,22,7,0,0
1637865864148,474,Medium-Large,200,OK,true,512312,139,22,22,13,0,0
1637865864386,243,Medium-Large,200,OK,true,512313,139,22,22,9,0,0
1637865864600,33,Small,200,OK,true,51511,138,22,22,9,0,0
1637865864150,510,Large,200,OK,true,1048891,137,22,22,8,0,0
1637865864513,152,Medium,200,OK,true,307513,139,22,22,9,0,0
1637865864278,392,Large,200,OK,true,1048891,137,22,22,9,0,0
1637865864323,359,Large,200,OK,true,1048891,137,22,22,18,0,0
1637865864660,29,Small,200,OK,true,51511,138,22,22,9,0,0
1637865864665,28,Small,200,OK,true,51511,138,22,22,10,0,0
1637865864084,610,Medium-Large,200,OK,true,512314,139,22,22,17,0,8
1637865864537,166,Medium-Large,200,OK,true,512313,139,22,22,10,0,0
1637865864682,33,Small-Medium,200,OK,true,102713,139,22,22,10,0,0
1637865864689,27,Small,200,OK,true,51511,138,22,22,9,0,0
1637865864485,234,Medium-Large,200,OK,true,512313,139,22,22,10,0,0
1637865864703,37,Small-Medium,200,OK,true,102713,139,22,22,9,0,0
1637865864694,60,Small,200,OK,true,51511,138,22,22,10,0,0
1637865864719,48,Small-Medium,200,OK,true,102713,139,22,22,8,0,0
1637865864575,192,Medium-Large,200,OK,true,512313,139,22,22,9,0,0
1637865864670,102,Medium,200,OK,true,307513,139,22,22,8,0,0
1637865864629,145,Medium,200,OK,true,307513,139,22,22,8,0,0
1637865864537,242,Medium-Large,200,OK,true,512313,139,22,22,7,0,0
1637865864189,611,Large,200,OK,true,1048891,137,22,22,9,0,0
1637865864771,31,Small,200,OK,true,51511,138,22,22,12,0,0
1637865864753,51,Small-Medium,200,OK,true,102713,139,22,22,8,0,0
1637865864773,39,Small-Medium,200,OK,true,102713,139,22,22,7,0,0
1637865864460,353,Large,200,OK,true,1048891,137,22,22,12,0,0
1637865864640,179,Medium-Large,200,OK,true,512313,139,22,22,11,0,0
1637865864806,34,Small,200,OK,true,51511,138,22,22,7,0,0
1637865864819,37,Small-Medium,200,OK,true,102713,139,22,22,10,0,0
1637865864133,727,Medium-Large,200,OK,true,512313,139,22,22,8,0,0
1637865864781,86,Small-Medium,200,OK,true,102713,139,22,22,10,0,0
1637865864748,141,Medium,200,OK,true,307513,139,22,22,7,0,0
1637865864561,333,Large,200,OK,true,1048891,137,22,22,11,0,0
1637865864775,137,Medium,200,OK,true,307513,139,22,22,7,0,0
1637865864548,365,Large,200,OK,true,1048891,137,22,22,12,0,0
1637865864861,53,Small-Medium,200,OK,true,102713,139,22,22,9,0,0
1637865864622,302,Medium,200,OK,true,307512,139,22,22,9,0,0
1637865864560,391,Large,200,OK,true,1048891,137,22,22,10,0,0
1637865864792,160,Medium-Large,200,OK,true,512313,139,22,22,8,0,0
1637865864768,190,Medium-Large,200,OK,true,512313,139,22,22,9,0,0
1637865864894,65,Small-Medium,200,OK,true,102713,139,22,22,18,0,0
1637865864948,32,Small,200,OK,true,51511,138,22,22,9,0,0
1637865864958,26,Small,200,OK,true,51511,138,22,22,9,0,0
1637865864800,193,Medium,200,OK,true,307513,139,22,22,8,0,0
1637865864813,185,Medium-Large,200,OK,true,512313,139,22,22,9,0,0
1637865864590,413,Large,200,OK,true,1048891,137,22,22,9,0,0
1637865864841,175,Medium,200,OK,true,307513,139,22,22,8,0,0
1637865864998,19,Small,200,OK,true,51511,138,22,22,8,0,0
1637865864982,36,Small,200,OK,true,51511,138,22,22,9,0,0
1637865864924,95,Small-Medium,200,OK,true,102712,139,22,22,9,0,0
1637865864779,240,Medium-Large,200,OK,true,512313,139,22,22,9,0,0
1637865864913,110,Medium,200,OK,true,307513,139,22,22,11,0,0
1637865865016,38,Small-Medium,200,OK,true,102713,139,22,22,8,0,0
1637865864579,477,Large,200,OK,true,1048891,137,22,22,9,0,0
1637865865023,35,Small-Medium,200,OK,true,102713,139,22,22,7,0,0
1637865864894,165,Medium-Large,200,OK,true,512313,139,22,22,18,0,0
1637865865037,24,Small,200,OK,true,51511,138,22,22,9,0,0
1637865865047,31,Small-Medium,200,OK,true,102713,139,22,22,9,0,0
1637865865059,27,Small-Medium,200,OK,true,102713,139,22,22,8,0,0
1637865865056,45,Small-Medium,200,OK,true,102713,139,22,22,9,0,0
1637865865003,99,Medium,200,OK,true,307513,139,22,22,10,0,0
1637865865019,90,Small-Medium,200,OK,true,102712,139,22,22,8,0,0
1637865864912,226,Medium-Large,200,OK,true,512313,139,22,22,9,0,0
1637865864890,251,Medium-Large,200,OK,true,512313,139,22,22,8,0,0
1637865865138,26,Small,200,OK,true,51511,138,22,22,8,0,0
1637865864578,587,Large,200,OK,true,1048891,137,22,22,9,0,0
1637865865147,28,Small,200,OK,true,51511,138,22,22,9,0,0
1637865864858,342,Large,200,OK,true,1048891,137,22,22,10,0,0
1637865865086,120,Medium,200,OK,true,307513,139,22,22,6,0,0
1637865865070,146,Medium,200,OK,true,307513,139,22,22,10,0,0
1637865864776,446,Large,200,OK,true,1048891,137,22,22,8,0,0
1637865864912,320,Large,200,OK,true,1048891,137,22,22,7,0,0
1637865865125,120,Medium,200,OK,true,307513,139,22,22,9,0,0
1637865865019,233,Medium-Large,200,OK,true,512313,139,22,22,9,0,0
1637865864952,305,Large,200,OK,true,1048891,137,22,22,10,0,0
1637865865216,62,Small-Medium,200,OK,true,102713,139,22,22,9,0,0
1637865865235,47,Small-Medium,200,OK,true,102713,139,22,22,8,0,0
1637865865141,148,Medium,200,OK,true,307513,139,22,22,9,0,0
1637865865257,37,Small-Medium,200,OK,true,102713,139,22,22,8,0,0
1637865865102,209,Medium-Large,200,OK,true,512313,139,22,22,8,0,0
1637865865252,60,Small-Medium,200,OK,true,102713,139,22,22,9,0,0
1637865865111,201,Medium-Large,200,OK,true,512313,139,22,22,9,0,0
1637865865289,26,Small,200,OK,true,51511,138,22,22,8,0,0
1637865865201,118,Medium,200,OK,true,307513,139,22,22,8,0,0
1637865865135,189,Medium-Large,200,OK,true,512313,139,22,22,9,0,0
1637865864951,383,Large,200,OK,true,1048891,137,22,22,9,0,0
1637865865311,37,Small-Medium,200,OK,true,102713,139,22,22,8,0,0
1637865865232,124,Medium,200,OK,true,307513,139,22,22,9,0,0
1637865865356,19,Small,200,OK,true,51511,138,22,22,9,0,0
1637865864870,507,Large,200,OK,true,1048891,137,22,22,9,0,0
1637865865144,242,Medium-Large,200,OK,true,512313,139,22,22,9,0,0
1637865865206,190,Medium-Large,200,OK,true,512313,139,22,22,8,0,0
1637865865378,27,Small,200,OK,true,51511,138,22,22,9,0,0
1637865865319,100,Medium,200,OK,true,307513,139,22,22,9,0,0
1637865865396,24,Small,200,OK,true,51511,138,22,22,8,0,0
1637865865386,47,Small-Medium,200,OK,true,102713,139,22,22,9,0,0
1637865865324,118,Medium,200,OK,true,307513,139,22,22,10,0,0
1637865865222,235,Medium-Large,200,OK,true,512313,139,22,22,9,0,0
1637865865225,238,Medium-Large,200,OK,true,512313,139,22,22,9,0,0
1637865865165,304,Medium-Large,200,OK,true,512313,139,22,22,9,0,0
1637865865322,150,Medium-Large,200,OK,true,512313,139,22,22,9,0,0
1637865865312,168,Medium-Large,200,OK,true,512313,139,22,22,9,0,0
1637865865457,34,Small,200,OK,true,51511,138,22,22,9,0,0
1637865865346,145,Medium-Large,200,OK,true,512313,139,22,22,7,0,0
1637865865480,19,Small,200,OK,true,51511,138,22,22,9,0,0
1637865865492,19,Small,200,OK,true,51511,138,22,22,8,0,0
1637865865469,42,Small,200,OK,true,51511,138,22,22,8,0,0
1637865865419,108,Medium,200,OK,true,307513,139,22,22,8,0,0
1637865865464,63,Small-Medium,200,OK,true,102713,139,22,22,8,0,0
1637865865484,48,Small-Medium,200,OK,true,102713,139,22,22,10,0,0
1637865865400,141,Medium,200,OK,true,307513,139,22,22,8,0,0
1637865865527,15,Small,200,OK,true,51511,138,22,22,7,0,0
1637865865442,103,Medium,200,OK,true,307513,139,22,22,8,0,0
1637865865245,319,Large,200,OK,true,1048891,137,22,22,9,0,0
1637865865557,33,Small,200,OK,true,51511,138,22,22,9,0,0
1637865864993,598,Large,200,OK,true,1048891,137,22,22,9,0,0
1637865865568,23,Small,200,OK,true,51511,138,22,22,8,0,0
1637865865109,494,Medium-Large,200,OK,true,512277,139,22,22,8,0,0
1637865865551,56,Small-Medium,200,OK,true,102713,139,22,22,12,0,0
1637865865104,508,Large,200,OK,true,1048891,137,22,22,8,0,0
1637865865541,112,Medium,200,OK,true,307513,139,22,22,7,0,0
1637865865545,109,Medium,200,OK,true,307513,139,22,22,8,0,0
1637865865612,44,Small-Medium,200,OK,true,102713,139,22,22,7,0,0
1637865865615,46,Small-Medium,200,OK,true,102713,139,22,22,7,0,0
1637865865546,122,Medium,200,OK,true,307513,139,22,22,8,0,0
1637865865603,65,Small,200,OK,true,51512,138,22,22,14,0,7
1637865865656,27,Small,200,OK,true,51511,138,22,22,8,0,0
1637865865638,55,Small-Medium,200,OK,true,102713,139,22,22,8,0,0
1637865865571,126,Medium,200,OK,true,307513,139,22,22,7,0,0
1637865865580,124,Medium,200,OK,true,307513,139,22,22,7,0,0
1637865865591,143,Medium,200,OK,true,307513,139,22,22,7,0,0
1637865865334,408,Large,200,OK,true,1048891,137,22,22,10,0,0
1637865865702,49,Small-Medium,200,OK,true,102713,139,22,22,7,0,0
1637865865726,33,Small,200,OK,true,51511,138,22,22,7,0,0
1637865865734,27,Small,200,OK,true,51511,138,22,22,8,0,0
1637865865304,472,Large,200,OK,true,1048891,137,22,22,9,0,0
1637865865340,439,Large,200,OK,true,1048891,137,22,22,8,0,0
1637865865655,126,Medium,200,OK,true,307513,139,22,22,7,0,0
1637865865668,127,Medium,200,OK,true,307513,139,22,22,7,0,0
1637865865776,30,Small,200,OK,true,51511,138,22,22,8,0,0
1637865865445,374,Large,200,OK,true,1048891,137,22,22,10,0,0
1637865865781,48,Small-Medium,200,OK,true,102713,139,22,22,7,0,0
1637865865700,140,Medium,200,OK,true,307513,139,22,22,7,0,0
1637865865472,375,Large,200,OK,true,1048891,137,22,22,9,0,0
1637865865378,471,Large,200,OK,true,1048891,137,22,22,9,0,0
1637865865645,215,Medium-Large,200,OK,true,512313,139,22,22,8,0,0
1637865865822,51,Small-Medium,200,OK,true,102713,139,22,22,8,0,0
1637865865697,223,Medium-Large,200,OK,true,512313,139,22,22,8,0,0
1637865865465,470,Large,200,OK,true,1048891,137,22,22,9,0,0
1637865865795,146,Medium,200,OK,true,307513,139,22,22,6,0,0
1637865865910,33,Small,200,OK,true,51511,138,22,22,7,0,0
1637865865473,479,Large,200,OK,true,1048891,137,22,22,9,0,0
1637865865820,135,Medium,200,OK,true,307513,139,22,22,7,0,0
1637865865744,222,Medium-Large,200,OK,true,512313,139,22,22,7,0,0
1637865865847,138,Medium,200,OK,true,307513,139,22,22,8,0,0
1637865865952,34,Small,200,OK,true,51511,138,22,22,7,0,0
1637865865941,53,Small-Medium,200,OK,true,102713,139,22,22,9,0,0
1637865865564,432,Large,200,OK,true,1048891,137,22,22,9,0,0
1637865865864,142,Medium,200,OK,true,307513,139,22,22,7,0,0
1637865865791,226,Medium-Large,200,OK,true,512313,139,22,22,7,0,0
1637865865986,42,Small-Medium,200,OK,true,102713,139,22,22,8,0,0
1637865866007,49,Small-Medium,200,OK,true,102713,139,22,22,7,0,0
1637865865815,241,Medium-Large,200,OK,true,512313,139,22,22,8,0,0
1637865865935,141,Medium,200,OK,true,307513,139,22,22,7,0,0
1637865865849,233,Medium-Large,200,OK,true,512313,139,22,22,8,0,0
1637865865691,415,Large,200,OK,true,1048891,137,22,22,8,0,0
1637865865860,253,Medium-Large,200,OK,true,512313,139,22,22,7,0,0
1637865865654,463,Large,200,OK,true,1048891,137,22,22,7,0,0
1637865865996,134,Medium,200,OK,true,307513,139,22,22,8,0,0
1637865866082,55,Small-Medium,200,OK,true,102713,139,22,22,8,0,0
1637865865704,435,Large,200,OK,true,1048890,137,22,22,7,0,0
1637865866113,27,Small,200,OK,true,51511,138,22,22,8,0,0
1637865866030,145,Medium,200,OK,true,307513,139,22,22,8,0,0
1637865865742,446,Large,200,OK,true,1048891,137,22,22,7,0,0
1637865864860,1344,Large,200,OK,true,1048891,137,22,22,8,0,0
1637865866175,35,Small,200,OK,true,51511,138,22,22,9,0,0
1637865866170,57,Small-Medium,200,OK,true,102713,139,22,22,6,0,0
1637865866017,212,Medium-Large,200,OK,true,512313,139,22,22,8,0,0
1637865866076,163,Medium,200,OK,true,307513,139,22,22,7,0,0
1637865866094,148,Medium,200,OK,true,307513,139,22,22,9,0,0
1637865866140,118,Medium,200,OK,true,307512,139,22,22,7,0,0
1637865866202,57,Small-Medium,200,OK,true,102713,139,22,22,9,0,0
1637865866239,33,Small,200,OK,true,51511,138,22,22,9,0,0
1637865866204,71,Small,200,OK,true,51511,138,22,22,9,0,0
1637865866040,241,Medium-Large,200,OK,true,512313,139,22,22,8,0,0
1637865865779,507,Large,200,OK,true,1048891,137,22,22,7,0,0
1637865866242,55,Small-Medium,200,OK,true,102713,139,22,22,8,0,0
1637865866281,28,Small,200,OK,true,51511,138,22,22,9,0,0
1637865865869,444,Large,200,OK,true,1048891,137,22,22,7,0,0
1637865866130,210,Medium-Large,200,OK,true,512313,139,22,22,7,0,0
1637865865840,505,Large,200,OK,true,1048891,137,22,22,8,0,0
1637865865921,449,Large,200,OK,true,1048891,137,22,22,8,0,0
1637865866258,125,Medium,200,OK,true,307512,139,22,22,8,0,0
1637865866340,47,Small-Medium,200,OK,true,102713,139,22,22,8,0,0
1637865865955,433,Large,200,OK,true,1048891,137,22,22,8,0,0
1637865865966,423,Large,200,OK,true,1048891,137,22,22,8,0,0
1637865866383,20,Small,200,OK,true,51510,138,22,22,8,0,0
1637865866189,220,Medium-Large,200,OK,true,512313,139,22,22,7,0,0
1637865866389,29,Small,200,OK,true,51511,138,22,22,9,0,0
1637865866229,191,Medium-Large,200,OK,true,512313,139,22,22,7,0,0
1637865866410,23,Small,200,OK,true,51511,138,22,22,8,0,0
1637865866420,39,Small-Medium,200,OK,true,102713,139,22,22,9,0,0
1637865866074,401,Large,200,OK,true,1048891,137,22,22,7,0,0
1637865866106,390,Large,200,OK,true,1048891,137,22,22,8,0,0
1637865866257,240,Medium-Large,200,OK,true,512313,139,22,22,9,0,0
1637865866328,171,Medium,200,OK,true,307513,139,22,22,9,0,0
1637865866478,25,Small,200,OK,true,51511,138,22,22,9,0,0
1637865866388,115,Medium,200,OK,true,307513,139,22,22,9,0,0
1637865866313,200,Medium-Large,200,OK,true,512313,139,22,22,9,0,0
1637865866370,158,Medium,200,OK,true,307513,139,22,22,9,0,0
1637865866287,248,Medium-Large,200,OK,true,512313,139,22,22,8,0,0
1637865866497,50,Small-Medium,200,OK,true,102713,139,22,22,8,0,0
1637865866503,45,Small-Medium,200,OK,true,102713,139,22,22,9,0,0
1637865866057,493,Large,200,OK,true,1048891,137,22,22,8,0,0
1637865866499,68,Small-Medium,200,OK,true,102713,139,23,23,9,0,0
1637865866370,202,Medium-Large,200,OK,true,512313,139,23,23,8,0,0
1637865866470,105,Medium,200,OK,true,307512,139,23,23,9,0,0
1637865866330,251,Medium-Large,200,OK,true,512313,139,23,23,8,0,0
1637865866290,303,Medium-Large,200,OK,true,512313,139,23,23,8,0,0
1637865866118,476,Large,200,OK,true,1048891,137,23,23,7,0,0
1637865865998,597,Large,200,OK,true,1048891,137,23,23,7,0,0
1637865866427,194,Medium-Large,200,OK,true,512313,139,23,23,9,0,0
1637865866594,51,Small-Medium,200,OK,true,102713,139,23,23,11,0,0
1637865866475,182,Medium-Large,200,OK,true,512313,139,23,23,9,0,0
1637865866621,52,Small-Medium,200,OK,true,102713,139,23,23,9,0,0
1637865866535,158,Medium,200,OK,true,307513,139,23,23,8,0,0
1637865866553,155,Small-Medium,200,OK,true,102714,139,23,23,18,0,9
1637865866292,421,Medium,200,OK,true,307513,139,23,23,7,0,0
1637865866497,246,Medium-Large,200,OK,true,512313,139,23,23,9,0,0
1637865866693,51,Small-Medium,200,OK,true,102713,139,23,23,9,0,0
1637865866263,493,Large,200,OK,true,1048891,137,23,23,9,0,0
1637865866743,32,Small,200,OK,true,51511,138,23,23,8,0,0
1637865866593,188,Medium,200,OK,true,307513,139,23,23,10,0,0
1637865866572,217,Medium-Large,200,OK,true,512313,139,23,23,9,0,0
1637865866529,263,Medium-Large,200,OK,true,512313,139,23,23,8,0,0
1637865866566,228,Medium-Large,200,OK,true,512313,139,23,23,8,0,0
1637865866550,249,Medium-Large,200,OK,true,512313,139,23,23,9,0,0
1637865866756,48,Small-Medium,200,OK,true,102713,139,23,23,8,0,0
1637865866781,33,Small,200,OK,true,51511,138,23,23,9,0,0
1637865866581,247,Medium-Large,200,OK,true,512313,139,23,23,9,0,0
1637865866345,500,Large,200,OK,true,1048891,137,23,23,8,0,0
1637865866789,56,Small-Medium,200,OK,true,102713,139,23,23,10,0,0
1637865866792,56,Small-Medium,200,OK,true,102713,139,23,23,8,0,0
1637865866496,424,Large,200,OK,true,1048891,137,23,23,8,0,0
1637865866508,431,Large,200,OK,true,1048891,137,23,23,9,0,0
1637865866873,73,Small-Medium,200,OK,true,102713,139,23,23,11,0,0
1637865866712,234,Medium-Large,200,OK,true,512313,139,23,23,10,0,0
1637865866708,245,Medium-Large,200,OK,true,512313,139,23,23,8,0,0
1637865866800,165,Medium,200,OK,true,307513,139,23,23,8,0,0
1637865866513,456,Large,200,OK,true,1048891,137,23,23,9,0,0
1637865866576,428,Large,200,OK,true,1048890,137,23,23,9,0,0
1637865866591,436,Large,200,OK,true,1048891,137,23,23,9,0,0
1637865866921,122,Medium,200,OK,true,307513,139,23,23,10,0,0
1637865866794,258,Medium-Large,200,OK,true,512313,139,23,23,9,0,0
1637865866965,90,Small-Medium,200,OK,true,102713,139,23,23,11,0,0
1637865866657,401,Large,200,OK,true,1048891,137,23,23,9,0,0
1637865866585,479,Large,200,OK,true,1048891,137,23,23,8,0,0
1637865866787,278,Medium-Large,200,OK,true,512313,139,23,23,9,0,0
1637865866969,132,Medium,200,OK,true,307512,139,23,23,11,0,0
1637865867057,49,Small,200,OK,true,51511,138,23,23,10,0,0
1637865867064,56,Small-Medium,200,OK,true,102713,139,23,23,9,0,0
1637865867004,116,Medium,200,OK,true,307512,139,23,23,10,0,0
1637865867027,114,Medium,200,OK,true,307513,139,23,23,10,0,0
1637865867043,113,Medium,200,OK,true,307513,139,23,23,9,0,0
1637865867121,41,Small-Medium,200,OK,true,102712,139,23,23,10,0,0
1637865867141,22,Small,200,OK,true,51511,138,23,23,10,0,0
1637865866946,229,Medium-Large,200,OK,true,512313,139,23,23,10,0,0
1637865866883,318,Medium-Large,200,OK,true,512313,139,23,23,8,0,0
1637865866685,533,Large,200,OK,true,1048891,137,23,23,9,0,0
1637865867175,45,Small-Medium,200,OK,true,102713,139,23,23,10,0,0
1637865867149,78,Small-Medium,200,OK,true,102713,139,23,23,10,0,0
1637865867066,161,Medium,200,OK,true,307513,139,23,23,9,0,0
1637865866590,650,Large,200,OK,true,1048891,137,23,23,9,0,0
1637865867058,186,Medium-Large,200,OK,true,512313,139,23,23,10,0,0
1637865867218,28,Small,200,OK,true,51511,138,23,23,9,0,0
1637865867052,199,Medium-Large,200,OK,true,512313,139,23,23,9,0,0
1637865867228,29,Small,200,OK,true,51511,138,23,23,9,0,0
1637865867244,20,Small,200,OK,true,51511,138,23,23,9,0,0
1637865867233,39,Small-Medium,200,OK,true,102713,139,23,23,9,0,0
1637865867102,196,Medium-Large,200,OK,true,512312,139,23,23,11,0,0
1637865866880,431,Large,200,OK,true,1048891,137,23,23,9,0,0
1637865866940,378,Large,200,OK,true,1048891,137,23,23,10,0,0
1637865866596,727,Large,200,OK,true,1048891,137,23,23,10,0,0
1637865866953,379,Large,200,OK,true,1048891,137,23,23,10,0,0
1637865867156,177,Medium-Large,200,OK,true,512313,139,23,23,10,0,0
1637865866845,520,Large,200,OK,true,1048891,137,23,23,8,0,0
1637865867252,116,Medium,200,OK,true,307513,139,23,23,10,0,0
1637865866848,532,Large,200,OK,true,1048891,137,23,23,8,0,0
1637865867201,195,Medium,200,OK,true,307513,139,23,23,10,0,0
1637865867368,47,Small-Medium,200,OK,true,102713,139,23,23,10,0,0
1637865866828,590,Large,200,OK,true,1048891,137,23,23,9,0,0
1637865867298,127,Medium,200,OK,true,307512,139,23,23,9,0,0
1637865867311,131,Medium,200,OK,true,307513,139,23,23,10,0,0
1637865866834,609,Large,200,OK,true,1048891,137,23,23,10,0,0
1637865867335,117,Medium,200,OK,true,307513,139,23,23,10,0,0
1637865867332,121,Medium,200,OK,true,307513,139,23,23,10,0,0
1637865867452,24,Small,200,OK,true,51511,138,23,23,10,0,0
1637865867320,168,Medium,200,OK,true,307513,139,23,23,10,0,0
1637865867310,178,Medium,200,OK,true,307513,139,23,23,9,0,0
1637865866713,782,Medium-Large,200,OK,true,512313,139,23,23,9,0,0
1637865867443,75,Small-Medium,200,OK,true,102713,139,23,23,11,0,0
1637865867325,210,Medium-Large,200,OK,true,512313,139,23,23,11,0,0
1637865867535,22,Small,200,OK,true,51511,138,23,23,9,0,0
1637865867534,43,Small,200,OK,true,51511,138,23,23,9,0,0
1637865867213,375,Large,200,OK,true,1048890,137,23,23,9,0,0
1637865867543,48,Small-Medium,200,OK,true,102713,139,23,23,11,0,0
1637865867241,354,Medium-Large,200,OK,true,512313,139,23,23,9,0,0
1637865867425,172,Medium-Large,200,OK,true,512312,139,23,23,10,0,0
1637865867588,27,Small,200,OK,true,51475,138,23,23,10,0,0
1637865867365,252,Medium-Large,200,OK,true,512313,139,23,23,9,0,0
1637865867156,464,Large,200,OK,true,1048891,137,23,23,10,0,0
1637865866965,657,Large,200,OK,true,1048891,137,23,23,10,0,0
1637865867460,198,Medium-Large,200,OK,true,512313,139,23,23,10,0,0
1637865867627,37,Small,200,OK,true,51511,138,23,23,10,0,0
1637865867380,285,Medium-Large,200,OK,true,512313,139,23,23,11,0,0
1637865867323,355,Medium-Large,200,OK,true,512313,139,23,23,11,0,0
1637865867318,370,Large,200,OK,true,1048891,137,23,23,9,0,0
1637865867268,432,Large,200,OK,true,1048891,137,23,23,8,0,0
1637865867397,310,Medium-Large,200,OK,true,512313,139,23,23,9,0,0
1637865867597,112,Medium,200,OK,true,307512,139,23,23,9,0,0
1637865867333,394,Large,200,OK,true,1048891,137,23,23,12,0,0
1637865867626,117,Medium,200,OK,true,307513,139,23,23,9,0,0
1637865867636,110,Medium,200,OK,true,307513,139,23,23,10,0,0
1637865867707,44,Small,200,OK,true,51511,138,23,23,12,0,0
1637865867658,121,Medium,200,OK,true,307513,139,23,23,9,0,0
1637865867488,299,Medium-Large,200,OK,true,512313,139,23,23,11,0,0
1637865867617,178,Medium,200,OK,true,307513,139,23,23,9,0,0
1637865867688,108,Medium,200,OK,true,307513,139,23,23,10,0,0
1637865867622,188,Medium,200,OK,true,307513,139,23,23,9,0,0
1637865867797,23,Small,200,OK,true,51511,138,23,23,9,0,0
1637865867443,391,Large,200,OK,true,1048891,137,23,23,8,0,0
1637865867620,217,Medium-Large,200,OK,true,512313,139,23,23,8,0,0
1637865867727,117,Medium,200,OK,true,307513,139,23,23,12,0,0
1637865867787,61,Small-Medium,200,OK,true,102713,139,23,23,10,0,0
1637865867453,397,Large,200,OK,true,1048891,137,23,23,11,0,0
1637865867681,187,Small-Medium,200,OK,true,102714,139,23,23,19,0,9
1637865867701,189,Medium-Large,200,OK,true,512313,139,23,23,9,0,0
1637865867678,223,Medium,200,OK,true,307513,139,23,23,9,0,0
1637865867709,208,Medium-Large,200,OK,true,512312,139,23,23,11,0,0
1637865867719,201,Medium,200,OK,true,307513,139,23,23,9,0,0
1637865867743,185,Medium-Large,200,OK,true,512313,139,23,23,10,0,0
1637865867746,194,Medium-Large,200,OK,true,512313,139,23,23,10,0,0
1637865867595,347,Medium-Large,200,OK,true,512313,139,23,23,11,0,0
1637865867835,124,Medium,200,OK,true,307513,139,23,23,9,0,0
1637865867240,723,Large,200,OK,true,1048891,137,23,23,10,0,0
1637865867837,127,Medium,200,OK,true,307513,139,23,23,10,0,0
1637865867844,123,Medium,200,OK,true,307513,139,23,23,10,0,0
1637865867850,118,Medium,200,OK,true,307513,139,23,23,10,0,0
1637865867779,192,Medium-Large,200,OK,true,512313,139,23,23,10,0,0
1637865867959,45,Small-Medium,200,OK,true,102713,139,23,23,11,0,0
1637865867799,212,Medium,200,OK,true,307513,139,23,23,10,0,0
1637865867419,596,Large,200,OK,true,1048891,137,23,23,10,0,0
1637865867795,252,Medium-Large,200,OK,true,512313,139,23,23,8,0,0
1637865867488,574,Large,200,OK,true,1048891,137,23,23,11,0,0
1637865867968,131,Medium,200,OK,true,307513,139,23,23,10,0,0
1637865867967,205,Medium-Large,200,OK,true,512313,139,23,23,10,0,0
1637865867665,547,Large,200,OK,true,1048891,137,23,23,9,0,0
1637865868062,164,Medium,200,OK,true,307513,139,23,23,11,0,0
1637865868099,141,Medium,200,OK,true,307513,139,23,23,10,0,0
1637865868011,233,Medium,200,OK,true,307513,139,23,23,9,0,0
1637865868241,29,Small,200,OK,true,51511,138,23,23,10,0,0
1637865867889,385,Large,200,OK,true,1048891,137,23,23,11,0,0
1637865868244,40,Small,200,OK,true,51511,138,23,23,11,0,0
1637865868227,70,Small-Medium,200,OK,true,102713,139,23,23,11,0,0
1637865868047,259,Medium-Large,200,OK,true,512313,139,23,23,11,0,0
1637865867942,367,Medium-Large,200,OK,true,512313,139,23,23,10,0,0
1637865867928,394,Large,200,OK,true,1048891,137,23,23,11,0,0
1637865868274,49,Small-Medium,200,OK,true,102713,139,23,23,13,0,0
1637865867940,386,Large,200,OK,true,1048891,137,23,23,9,0,0
1637865867891,442,Large,200,OK,true,1048891,137,23,23,10,0,0
1637865867963,392,Medium-Large,200,OK,true,512313,139,23,23,10,0,0
1637865867917,444,Large,200,OK,true,1048890,137,23,23,10,0,0
1637865867869,493,Medium,200,OK,true,307513,139,23,23,10,0,0
1637865868327,42,Small-Medium,200,OK,true,102713,139,23,23,11,0,0
1637865868333,43,Small-Medium,200,OK,true,102713,139,23,23,11,0,0
1637865867971,406,Large,200,OK,true,1048891,137,23,23,9,0,0
1637865867964,415,Large,200,OK,true,1048891,137,23,23,10,0,0
1637865868337,79,Small-Medium,200,OK,true,102713,139,23,23,11,0,0
1637865867878,543,Large,200,OK,true,1048891,137,23,23,9,0,0
1637865868377,48,Small-Medium,200,OK,true,102713,139,23,23,11,0,0
1637865868322,105,Medium,200,OK,true,307513,139,23,23,9,0,0
1637865867921,514,Large,200,OK,true,1048891,137,23,23,9,0,0
1637865867810,629,Large,200,OK,true,1048891,137,23,23,11,0,0
1637865868419,28,Small,200,OK,true,51511,138,23,23,9,0,0
1637865868427,26,Small,200,OK,true,51511,138,23,23,14,0,0
1637865868361,99,Medium,200,OK,true,307512,139,23,23,8,0,0
1637865868317,153,Medium,200,OK,true,307513,139,23,23,10,0,0
1637865868051,425,Large,200,OK,true,1048891,137,23,23,10,0,0
1637865868366,115,Medium,200,OK,true,307513,139,23,23,9,0,0
1637865868334,157,Medium-Large,200,OK,true,512313,139,23,23,8,0,0
1637865868439,65,Small-Medium,200,OK,true,102713,139,23,23,10,0,0
1637865868477,27,Small,200,OK,true,51511,138,23,23,8,0,0
1637865868471,38,Small,200,OK,true,51511,138,23,23,9,0,0
1637865868172,355,Large,200,OK,true,1048891,137,23,23,11,0,0
1637865868511,20,Small,200,OK,true,51511,138,23,23,9,0,0
1637865868015,518,Large,200,OK,true,1048891,137,23,23,9,0,0
1637865868306,239,Medium-Large,200,OK,true,512313,139,23,23,9,0,0
1637865868379,172,Medium-Large,200,OK,true,512313,139,23,23,11,0,0
1637865868528,37,Small-Medium,200,OK,true,102713,139,23,23,9,0,0
1637865868461,105,Medium,200,OK,true,307512,139,23,23,9,0,0
1637865868519,47,Small-Medium,200,OK,true,102713,139,23,23,9,0,0
1637865868422,147,Medium,200,OK,true,307513,139,23,23,12,0,0
1637865868470,105,Medium,200,OK,true,307513,139,23,23,9,0,0
1637865868429,154,Medium,200,OK,true,307513,139,23,23,9,0,0
1637865868530,55,Small-Medium,200,OK,true,102713,139,23,23,9,0,0
1637865868566,26,Small,200,OK,true,51475,138,23,23,8,0,0
1637865868575,19,Small,200,OK,true,51511,138,23,23,10,0,0
1637865868425,169,Medium-Large,200,OK,true,512313,139,23,23,10,0,0
1637865868551,44,Small-Medium,200,OK,true,102713,139,23,23,10,0,0
1637865867901,698,Large,200,OK,true,1048891,137,23,23,9,0,0
1637865868569,33,Small,200,OK,true,51511,138,23,23,10,0,0
1637865868584,23,Small,200,OK,true,51511,138,23,23,8,0,0
1637865868594,15,Small,200,OK,true,51511,138,23,23,7,0,0
1637865868611,26,Small,200,OK,true,51511,138,23,23,10,0,0
1637865868481,158,Medium-Large,200,OK,true,512313,139,23,23,8,0,0
1637865868355,289,Medium-Large,200,OK,true,512313,139,23,23,9,0,0
1637865868622,32,Small,200,OK,true,51511,138,23,23,10,0,0
1637865868568,88,Medium,200,OK,true,307513,139,23,23,8,0,0
1637865868533,126,Medium,200,OK,true,307513,139,23,23,10,0,0
1637865868545,118,Medium,200,OK,true,307513,139,23,23,10,0,0
1637865868562,116,Medium,200,OK,true,307513,139,23,23,9,0,0
1637865868212,488,Large,200,OK,true,1048891,137,23,23,10,0,0
1637865868661,46,Small-Medium,200,OK,true,102713,139,23,23,9,0,0
1637865868668,48,Small-Medium,200,OK,true,102713,139,23,23,10,0,0
1637865868620,103,Medium,200,OK,true,307513,139,23,23,10,0,0
1637865868645,97,Medium,200,OK,true,307513,139,23,23,8,0,0
1637865868724,37,Small-Medium,200,OK,true,102713,139,23,23,8,0,0
1637865868743,25,Small,200,OK,true,51511,138,23,23,9,0,0
1637865868600,172,Medium,200,OK,true,307513,139,23,23,7,0,0
1637865868491,312,Large,200,OK,true,1048891,137,23,23,10,0,0
1637865868659,157,Medium,200,OK,true,307513,139,23,23,9,0,0
1637865868803,19,Small,200,OK,true,51511,138,23,23,9,0,0
1637865868700,171,Medium,200,OK,true,307513,139,23,23,9,0,0
1637865868816,68,Small-Medium,200,OK,true,102713,139,23,23,11,0,0
1637865868662,239,Medium-Large,200,OK,true,512313,139,23,23,10,0,0
1637865868603,304,Large,200,OK,true,1048891,137,23,23,8,0,0
1637865868663,251,Medium-Large,200,OK,true,512313,139,23,23,12,0,0
1637865868907,21,Small,200,OK,true,51511,138,23,23,10,0,0
1637865868753,185,Medium-Large,200,OK,true,512313,139,23,23,8,0,0
1637865868908,30,Small,200,OK,true,51511,138,23,23,9,0,0
1637865868678,267,Medium-Large,200,OK,true,512313,139,23,23,11,0,0
1637865868901,50,Small-Medium,200,OK,true,102713,139,23,23,10,0,0
1637865868835,118,Medium,200,OK,true,307513,139,23,23,10,0,0
1637865868436,529,Large,200,OK,true,1048891,137,23,23,13,0,0
1637865868640,329,Large,200,OK,true,1048891,137,23,23,6,0,0
1637865868310,666,Large,200,OK,true,1048891,137,23,23,10,0,0
1637865868715,261,Medium-Large,200,OK,true,512313,139,23,23,10,0,0
1637865868676,303,Medium-Large,200,OK,true,512313,139,23,23,10,0,0
1637865868815,190,Medium-Large,200,OK,true,512313,139,23,23,12,0,0
1637865868362,644,Medium-Large,200,OK,true,512313,139,23,23,12,0,0
1637865869006,26,Small,200,OK,true,51511,138,23,23,10,0,0
1637865868686,352,Large,200,OK,true,1048891,137,23,23,8,0,0
1637865868703,349,Large,200,OK,true,1048891,137,23,23,9,0,0
1637865868993,60,Small-Medium,200,OK,true,102713,139,23,23,10,0,0
1637865869006,49,Small,200,OK,true,51511,138,23,23,9,0,0
1637865869038,28,Small,200,OK,true,51511,138,23,23,10,0,0
1637865868914,165,Medium,200,OK,true,307513,139,23,23,10,0,0
1637865868760,345,Large,200,OK,true,1048891,137,23,23,8,0,0
1637865868938,178,Medium-Large,200,OK,true,512313,139,23,23,10,0,0
1637865868976,146,Medium,200,OK,true,307513,139,23,23,9,0,0
1637865868965,163,Medium,200,OK,true,307513,139,23,23,8,0,0
1637865869105,26,Small,200,OK,true,51511,138,23,23,9,0,0
1637865867495,1642,Large,200,OK,true,1048891,137,23,23,10,0,0
1637865868969,169,Medium-Large,200,OK,true,512313,139,23,23,9,0,0
1637865868953,187,Medium-Large,200,OK,true,512313,139,23,23,10,0,0
1637865869085,57,Small-Medium,200,OK,true,102713,139,23,23,9,0,0
1637865868999,153,Medium-Large,200,OK,true,512313,139,23,23,9,0,0
1637865869052,107,Medium,200,OK,true,307513,139,23,23,10,0,0
1637865868979,197,Medium,200,OK,true,307513,139,23,23,10,0,0
1637865869140,37,Small-Medium,200,OK,true,102713,139,23,23,9,0,0
1637865869152,27,Small,200,OK,true,51511,138,23,23,10,0,0
1637865868976,219,Medium,200,OK,true,307513,139,23,23,9,0,0
1637865869176,27,Small,200,OK,true,51511,138,23,23,9,0,0
1637865869098,106,Medium,200,OK,true,307513,139,23,23,9,0,0
1637865868945,264,Medium-Large,200,OK,true,512313,139,23,23,9,0,0
1637865869137,76,Small,200,OK,true,51511,138,23,23,8,0,0
1637865869204,19,Small,200,OK,true,51511,138,23,23,10,0,0
1637865869000,232,Medium-Large,200,OK,true,512313,139,23,23,9,0,0
1637865868645,592,Large,200,OK,true,1048891,137,23,23,9,0,0
1637865868895,352,Large,200,OK,true,1048891,137,23,23,10,0,0
1637865869232,31,Small,200,OK,true,51511,138,23,23,12,0,0
1637865869245,37,Small-Medium,200,OK,true,102713,139,23,23,9,0,0
1637865869267,37,Small,200,OK,true,51511,138,23,23,10,0,0
1637865869324,51,Small-Medium,200,OK,true,102713,139,23,23,10,0,0
1637865869122,262,Medium-Large,200,OK,true,512313,139,23,23,9,0,0
1637865869195,191,Medium,200,OK,true,307513,139,23,23,8,0,0
1637865869360,29,Small,200,OK,true,51511,138,23,23,10,0,0
1637865868871,520,Large,200,OK,true,1048891,137,23,23,10,0,0
1637865869297,106,Medium,200,OK,true,307513,139,23,23,8,0,0
1637865869177,246,Medium-Large,200,OK,true,512313,139,23,23,10,0,0
1637865869238,196,Medium,200,OK,true,307513,139,23,23,10,0,0
1637865869392,69,Small-Medium,200,OK,true,102713,139,23,23,11,0,0
1637865869116,348,Large,200,OK,true,1048891,137,23,23,9,0,0
1637865869387,83,Small-Medium,200,OK,true,102713,139,23,23,9,0,0
1637865869131,346,Large,200,OK,true,1048891,137,23,23,10,0,0
1637865869138,349,Large,200,OK,true,1048891,137,23,23,9,0,0
1637865869159,330,Large,200,OK,true,1048891,137,23,23,9,0,0
1637865869464,27,Small,200,OK,true,51511,138,23,23,9,0,0
1637865868772,737,Large,200,OK,true,1048891,137,23,23,10,0,0
1637865869197,347,Large,200,OK,true,1048891,137,23,23,9,0,0
1637865869509,38,Small,200,OK,true,51511,138,23,23,8,0,0
1637865869555,30,Small,200,OK,true,51511,138,23,23,11,0,0
1637865869079,519,Large,200,OK,true,1048891,137,23,23,10,0,0
1637865869487,111,Medium,200,OK,true,307513,139,23,23,11,0,0
1637865869384,251,Medium-Large,200,OK,true,512313,139,23,23,10,0,0
1637865868657,992,Large,200,OK,true,1048892,137,23,23,19,0,9
1637865869477,172,Medium-Large,200,OK,true,512313,139,23,23,9,0,0
1637865869601,52,Small,200,OK,true,51511,138,23,23,11,0,0
1637865869247,408,Large,200,OK,true,1048891,137,23,23,10,0,0
1637865869598,67,Small-Medium,200,OK,true,102713,139,23,23,11,0,0
1637865869489,181,Medium-Large,200,OK,true,512313,139,23,23,11,0,0
1637865869337,344,Large,200,OK,true,1048891,137,23,23,10,0,0
1637865869635,68,Small-Medium,200,OK,true,102713,139,23,23,14,0,0
1637865869210,501,Large,200,OK,true,1048891,137,23,23,10,0,0
1637865869232,508,Large,200,OK,true,1048891,137,23,23,10,0,0
1637865869128,623,Large,200,OK,true,1048891,137,23,23,10,0,0
1637865869689,66,Small-Medium,200,OK,true,102713,139,23,23,9,0,0
1637865869452,306,Medium-Large,200,OK,true,512313,139,23,23,10,0,0
1637865869649,120,Medium,200,OK,true,307513,139,23,23,12,0,0
1637865869655,115,Medium,200,OK,true,307513,139,23,23,8,0,0
1637865869403,373,Large,200,OK,true,1048891,137,23,23,9,0,0
1637865869484,296,Medium-Large,200,OK,true,512313,139,23,23,11,0,0
1637865869599,194,Medium-Large,200,OK,true,512313,139,23,23,9,0,0
1637865869758,39,Small,200,OK,true,51511,138,23,23,10,0,0
1637865869770,28,Small,200,OK,true,51511,138,23,23,9,0,0
1637865869649,163,Medium,200,OK,true,307513,139,23,23,10,0,0
1637865869794,37,Small-Medium,200,OK,true,102713,139,23,23,8,0,0
1637865869479,363,Medium-Large,200,OK,true,512313,139,23,23,9,0,0
1637865869670,187,Medium-Large,200,OK,true,512313,139,23,23,10,0,0
1637865869711,150,Medium,200,OK,true,307513,139,23,23,9,0,0
1637865869681,182,Medium-Large,200,OK,true,512313,139,23,23,9,0,0
1637865869415,459,Large,200,OK,true,1048891,137,23,23,9,0,0
1637865869776,99,Medium,200,OK,true,307513,139,23,23,10,0,0
1637865869099,793,Medium-Large,200,OK,true,512313,139,23,23,10,0,0
1637865869692,211,Medium,200,OK,true,307513,139,23,23,11,0,0
1637865869726,179,Medium,200,OK,true,307513,139,23,23,11,0,0
1637865869752,161,Medium,200,OK,true,307513,139,23,23,9,0,0
1637865869850,72,Small-Medium,200,OK,true,102713,139,23,23,9,0,0
1637865869544,389,Large,200,OK,true,1048891,137,23,23,10,0,0
1637865869780,165,Medium,200,OK,true,307513,139,23,23,10,0,0
1637865869875,114,Medium,200,OK,true,307513,139,23,23,10,0,0
1637865869423,574,Large,200,OK,true,1048891,137,23,23,20,0,0
1637865869885,113,Medium,200,OK,true,307512,139,23,23,10,0,0
1637865869946,57,Small-Medium,200,OK,true,102713,139,23,23,9,0,0
1637865869649,366,Large,200,OK,true,1048891,137,23,23,9,0,0
1637865869229,804,Medium-Large,200,OK,true,512313,139,23,23,9,0,0
1637865870015,27,Small,200,OK,true,51511,138,23,23,10,0,0
1637865869857,191,Medium-Large,200,OK,true,512313,139,23,23,9,0,0
1637865869874,186,Medium-Large,200,OK,true,512313,139,23,23,11,0,0
1637865869813,285,Medium-Large,200,OK,true,512313,139,23,23,9,0,0
1637865869434,702,Large,200,OK,true,1048891,137,23,23,14,0,0
1637865870107,31,Small,200,OK,true,51511,138,23,23,9,0,0
1637865869933,209,Medium-Large,200,OK,true,512313,139,23,23,9,0,0
1637865869770,384,Large,200,OK,true,1048891,137,23,23,10,0,0
1637865870142,29,Small,200,OK,true,51511,138,23,23,10,0,0
1637865869998,189,Medium-Large,200,OK,true,512312,139,23,23,9,0,0
1637865870154,46,Small-Medium,200,OK,true,102713,139,23,23,10,0,0
1637865870038,175,Medium,200,OK,true,307513,139,23,23,9,0,0
1637865870048,170,Medium-Large,200,OK,true,512313,139,23,23,11,0,0
1637865870187,37,Small-Medium,200,OK,true,102712,139,23,23,8,0,0
1637865869862,374,Large,200,OK,true,1048891,137,23,23,10,0,0
1637865870199,38,Small-Medium,200,OK,true,102713,139,23,23,9,0,0
1637865869863,378,Large,200,OK,true,1048891,137,23,23,11,0,0
1637865869942,304,Medium-Large,200,OK,true,512313,139,23,23,11,0,0
1637865870218,34,Small-Medium,200,OK,true,102713,139,23,23,9,0,0
1637865870247,27,Small,200,OK,true,51511,138,23,23,10,0,0
1637865869903,373,Medium-Large,200,OK,true,512313,139,23,23,10,0,0
1637865869740,552,Large,200,OK,true,1048891,137,23,23,10,0,0
1637865870246,57,Small-Medium,200,OK,true,102713,139,23,23,10,0,0
1637865869782,523,Large,200,OK,true,1048891,137,23,23,10,0,0
1637865870276,46,Small,200,OK,true,51511,138,23,23,8,0,0
1637865869990,345,Large,200,OK,true,1048891,137,23,23,10,0,0
1637865870237,108,Medium,200,OK,true,307513,139,23,23,8,0,0
1637865870241,109,Medium,200,OK,true,307513,139,23,23,9,0,0
1637865869862,494,Large,200,OK,true,1048891,137,23,23,10,0,0
1637865870293,67,Small-Medium,200,OK,true,102713,139,23,23,9,0,0
1637865870339,42,Small-Medium,200,OK,true,102713,139,23,23,10,0,0
1637865870060,361,Large,200,OK,true,1048891,137,23,23,10,0,0
1637865870235,188,Medium-Large,200,OK,true,512313,139,23,23,8,0,0
1637865870291,137,Medium,200,OK,true,307513,139,23,23,8,0,0
1637865869913,530,Large,200,OK,true,1048891,137,23,23,10,0,0
1637865870279,164,Medium-Large,200,OK,true,512312,139,23,23,9,0,0
1637865870335,109,Medium,200,OK,true,307513,139,23,23,10,0,0
1637865870369,75,Small-Medium,200,OK,true,102713,139,23,23,8,0,0
1637865870136,309,Medium-Large,200,OK,true,512313,139,23,23,9,0,0
1637865869905,542,Large,200,OK,true,1048891,137,23,23,11,0,0
1637865870421,27,Small,200,OK,true,51511,138,23,23,10,0,0
1637865870350,111,Medium,200,OK,true,307512,139,23,23,10,0,0
1637865870443,21,Small,200,OK,true,51510,138,23,23,9,0,0
1637865870446,38,Small,200,OK,true,51511,138,23,23,8,0,0
1637865870431,53,Small-Medium,200,OK,true,102713,139,23,23,9,0,0
1637865870461,26,Small,200,OK,true,51510,138,23,23,10,0,0
1637865870310,181,Medium-Large,200,OK,true,512313,139,23,23,10,0,0
1637865869997,500,Large,200,OK,true,1048891,137,23,23,9,0,0
1637865870346,177,Medium-Large,200,OK,true,512313,139,23,23,12,0,0
1637865870461,68,Small-Medium,200,OK,true,102713,139,23,23,9,0,0
1637865870423,112,Medium,200,OK,true,307513,139,23,23,10,0,0
1637865870444,92,Medium,200,OK,true,307513,139,23,23,10,0,0
1637865870098,438,Large,200,OK,true,1048891,137,23,23,9,0,0
1637865870429,111,Medium,200,OK,true,307513,139,23,23,9,0,0
1637865870522,26,Small,200,OK,true,51511,138,23,23,9,0,0
1637865870536,20,Small,200,OK,true,51511,138,23,23,8,0,0
1637865870523,34,Small-Medium,200,OK,true,102713,139,23,23,8,0,0
1637865870491,88,Medium,200,OK,true,307513,139,23,23,8,0,0
1637865870447,142,Medium,200,OK,true,307513,139,23,23,10,0,0
1637865869843,754,Large,200,OK,true,1048891,137,23,23,9,0,0
1637865870535,96,Medium,200,OK,true,307512,139,23,23,8,0,0
1637865870552,96,Medium,200,OK,true,307512,139,23,23,10,0,0
1637865870628,40,Small-Medium,200,OK,true,102713,139,23,23,9,0,0
1637865870443,241,Medium-Large,200,OK,true,512313,139,23,23,8,0,0
1637865870535,169,Medium-Large,200,OK,true,512313,139,23,23,8,0,0
1637865870213,502,Large,200,OK,true,1048891,137,23,23,9,0,0
1637865870512,209,Medium-Large,200,OK,true,512313,139,23,23,10,0,0
1637865870541,187,Medium-Large,200,OK,true,512313,139,23,23,8,0,0
1637865870685,60,Small-Medium,200,OK,true,102713,139,23,23,10,0,0
1637865870648,100,Medium,200,OK,true,307512,139,23,23,8,0,0
1637865870537,215,Medium-Large,200,OK,true,512313,139,23,23,13,0,0
1637865870552,201,Medium,200,OK,true,307513,139,23,23,10,0,0
1637865870729,28,Small,200,OK,true,51511,138,23,23,10,0,0
1637865870584,175,Medium-Large,200,OK,true,512313,139,23,23,7,0,0
1637865870720,49,Small-Medium,200,OK,true,102713,139,23,23,11,0,0
1637865870615,171,Medium-Large,200,OK,true,512313,139,23,23,8,0,0
1637865870305,488,Large,200,OK,true,1048891,137,23,23,9,0,0
1637865870760,38,Small-Medium,200,OK,true,102713,139,23,23,10,0,0
1637865870033,783,Medium-Large,200,OK,true,512313,139,23,23,10,0,0
1637865870631,195,Medium-Large,200,OK,true,512312,139,23,23,11,0,0
1637865870793,36,Small,200,OK,true,51511,138,23,23,9,0,0
1637865870812,41,Small-Medium,200,OK,true,102713,139,23,23,10,0,0
1637865870589,267,Medium-Large,200,OK,true,512313,139,23,23,10,0,0
1637865870827,35,Small-Medium,200,OK,true,102712,139,23,23,9,0,0
1637865870715,160,Medium,200,OK,true,307513,139,23,23,9,0,0
1637865870538,340,Medium-Large,200,OK,true,512313,139,23,23,8,0,0
1637865870356,527,Large,200,OK,true,1048891,137,23,23,9,0,0
1637865870748,136,Medium-Large,200,OK,true,512312,139,23,23,9,0,0
1637865870787,102,Medium,200,OK,true,307513,139,23,23,9,0,0
1637865870383,540,Large,200,OK,true,1048891,137,23,23,10,0,0
1637865870752,181,Medium,200,OK,true,307513,139,23,23,9,0,0
1637865870338,599,Large,200,OK,true,1048891,137,23,23,9,0,0
1637865870904,43,Small-Medium,200,OK,true,102713,139,23,23,18,0,0
1637865870922,27,Small,200,OK,true,51510,138,23,23,9,0,0
1637865870883,68,Small-Medium,200,OK,true,102713,139,23,23,8,0,0
1637865870885,70,Small-Medium,200,OK,true,102713,139,23,23,9,0,0
1637865870615,349,Large,200,OK,true,1048891,137,23,23,11,0,0
1637865870852,115,Medium,200,OK,true,307513,139,23,23,9,0,0
1637865870597,376,Medium-Large,200,OK,true,512313,139,23,23,10,0,0
1637865870497,481,Large,200,OK,true,1048891,137,23,23,9,0,0
1637865870817,168,Small-Medium,200,OK,true,102713,139,23,23,8,0,0
1637865870967,36,Small-Medium,200,OK,true,102713,139,23,23,8,0,0
1637865870978,26,Small,200,OK,true,51511,138,23,23,9,0,0
1637865870937,69,Small-Medium,200,OK,true,102713,139,23,23,10,0,0
1637865870821,185,Medium-Large,200,OK,true,512313,139,23,23,9,0,0
1637865870997,27,Small,200,OK,true,51511,138,23,23,9,0,0
1637865871006,19,Small,200,OK,true,51511,138,23,23,9,0,0
1637865870777,257,Medium-Large,200,OK,true,512313,139,23,23,10,0,0
1637865870704,339,Large,200,OK,true,1048891,137,23,23,9,0,0
1637865870923,133,Medium,200,OK,true,307513,139,23,23,9,0,0
1637865870964,102,Medium,200,OK,true,307513,139,23,23,8,0,0
1637865870721,351,Large,200,OK,true,1048891,137,23,23,10,0,0
1637865871035,52,Small-Medium,200,OK,true,102713,139,23,23,7,0,0
1637865870875,227,Medium-Large,200,OK,true,512313,139,23,23,9,0,0
1637865871067,41,Small-Medium,200,OK,true,102713,139,23,23,8,0,0
1637865871087,27,Small,200,OK,true,51511,138,23,23,10,0,0
1637865871056,63,Small-Medium,200,OK,true,102713,139,23,23,9,0,0
1637865870985,160,Small-Medium,200,OK,true,102713,139,23,23,9,0,0
1637865871125,70,Small-Medium,200,OK,true,102713,139,23,23,15,0,0
1637865870977,249,Medium-Large,200,OK,true,512312,139,23,23,10,0,0
1637865870890,337,Large,200,OK,true,1048891,137,23,23,9,0,0
1637865869892,1346,Large,200,OK,true,1048891,137,23,23,10,0,0
1637865870884,358,Large,200,OK,true,1048890,137,23,23,8,0,0
1637865871226,30,Small,200,OK,true,51510,138,23,23,10,0,0
1637865871072,193,Medium-Large,200,OK,true,512313,139,23,23,9,0,0
1637865871218,48,Small,200,OK,true,51511,138,23,23,10,0,0
1637865871103,163,Medium,200,OK,true,307513,139,23,23,11,0,0
1637865871265,27,Small,200,OK,true,51511,138,23,23,9,0,0
1637865870973,321,Medium-Large,200,OK,true,512313,139,23,23,10,0,0
1637865871267,27,Small,200,OK,true,51511,138,23,23,8,0,0
1637865871070,260,Medium-Large,200,OK,true,512313,139,23,23,10,0,0
1637865871242,102,Medium,200,OK,true,307512,139,23,23,8,0,0
1637865871310,35,Small,200,OK,true,51511,138,23,23,9,0,0
1637865871010,342,Large,200,OK,true,1048855,137,23,23,10,0,0
1637865871319,34,Small,200,OK,true,51510,138,23,23,8,0,0
1637865870856,506,Large,200,OK,true,1048891,137,23,23,9,0,0
1637865870933,447,Large,200,OK,true,1048891,137,23,23,9,0,0
1637865871227,165,Medium-Large,200,OK,true,512313,139,23,23,9,0,0
1637865871043,351,Large,200,OK,true,1048891,137,23,23,9,0,0
1637865871149,260,Medium-Large,200,OK,true,512313,139,23,23,10,0,0
1637865871059,351,Large,200,OK,true,1048891,137,23,23,8,0,0
1637865871344,97,Medium,200,OK,true,307512,139,23,23,9,0,0
1637865871441,21,Small,200,OK,true,51510,138,23,23,10,0,0
1637865871411,51,Small-Medium,200,OK,true,102712,139,23,23,9,0,0
1637865871402,66,Small-Medium,200,OK,true,102713,139,23,23,10,0,0
1637865871097,387,Large,200,OK,true,1048891,137,23,23,12,0,0
1637865870976,508,Large,200,OK,true,1048891,137,23,23,8,0,0
1637865870753,731,Large,200,OK,true,1048891,137,23,23,9,0,0
1637865870879,626,Large,200,OK,true,1048891,137,23,23,9,0,0
1637865871484,38,Small,200,OK,true,51511,138,23,23,10,0,0
1637865871410,115,Medium,200,OK,true,307513,139,23,23,9,0,0
1637865871180,349,Large,200,OK,true,1048891,137,23,23,10,0,0
1637865871353,182,Small-Medium,200,OK,true,102714,139,23,23,17,0,8
1637865871502,36,Small,200,OK,true,51510,138,23,23,10,0,0
1637865871159,385,Large,200,OK,true,1048891,137,23,23,15,0,0
1637865871331,214,Medium-Large,200,OK,true,512313,139,23,23,8,0,0
1637865871358,195,Medium-Large,200,OK,true,512313,139,23,23,9,0,0
1637865871494,63,Small-Medium,200,OK,true,102713,139,23,23,8,0,0
1637865871409,168,Medium,200,OK,true,307513,139,23,23,9,0,0
1637865871553,25,Small,200,OK,true,51511,138,23,23,9,0,0
1637865871392,188,Medium-Large,200,OK,true,512313,139,23,23,10,0,0
1637865871395,191,Medium-Large,200,OK,true,512313,139,23,23,9,0,0
1637865871030,581,Large,200,OK,true,1048891,137,23,23,8,0,0
1637865871586,27,Small,200,OK,true,51511,138,23,23,10,0,0
1637865871529,90,Medium,200,OK,true,307513,139,23,23,9,0,0
1637865871525,99,Medium,200,OK,true,307513,139,23,23,7,0,0
1637865871577,56,Small-Medium,200,OK,true,102713,139,23,23,8,0,0
1637865871145,489,Medium,200,OK,true,307513,139,23,23,8,0,0
1637865871624,34,Small-Medium,200,OK,true,102713,139,23,23,9,0,0
1637865871484,177,Medium-Large,200,OK,true,512313,139,23,23,10,0,0
1637865871545,134,Medium,200,OK,true,307513,139,23,23,10,0,0
1637865871646,43,Small-Medium,200,OK,true,102713,139,23,23,8,0,0
1637865871661,28,Small,200,OK,true,51511,138,23,23,17,0,0
1637865871535,166,Small-Medium,200,OK,true,102713,139,23,23,9,0,0
1637865871667,35,Small,200,OK,true,51511,138,23,23,10,0,0
1637865871634,81,Small,200,OK,true,51511,138,23,23,9,0,0
1637865871595,136,Medium,200,OK,true,307512,139,23,23,9,0,0
1637865871716,27,Small,200,OK,true,51511,138,23,23,8,0,0
1637865871611,141,Medium,200,OK,true,307513,139,23,23,10,0,0
1637865871739,25,Small,200,OK,true,51511,138,23,23,8,0,0
1637865871380,402,Large,200,OK,true,1048891,137,23,23,9,0,0
1637865871679,104,Medium,200,OK,true,307513,139,23,23,11,0,0
1637865871621,166,Medium-Large,200,OK,true,512313,139,23,23,10,0,0
1637865871505,314,Medium-Large,200,OK,true,512313,139,23,23,11,0,0
1637865871784,38,Small-Medium,200,OK,true,102713,139,23,23,10,0,0
1637865871484,345,Medium-Large,200,OK,true,512313,139,23,23,11,0,0
1637865871678,167,Medium-Large,200,OK,true,512313,139,23,23,12,0,0
1637865871533,312,Large,200,OK,true,1048855,137,23,23,9,0,0
1637865871362,489,Large,200,OK,true,1048891,137,23,23,9,0,0
1637865871359,517,Large,200,OK,true,1048891,137,23,23,9,0,0
1637865871787,100,Medium,200,OK,true,307513,139,23,23,9,0,0
1637865871545,344,Large,200,OK,true,1048891,137,23,23,9,0,0
1637865871876,20,Small,200,OK,true,51511,138,23,23,9,0,0
1637865871238,660,Medium-Large,200,OK,true,512313,139,23,23,10,0,0
1637865871580,323,Large,200,OK,true,1048891,137,23,23,11,0,0
1637865871782,140,Medium,200,OK,true,307513,139,23,23,10,0,0
1637865871889,38,Small-Medium,200,OK,true,102713,139,23,23,9,0,0
1637865871888,46,Small-Medium,200,OK,true,102713,139,23,23,9,0,0
1637865871294,651,Large,200,OK,true,1048891,137,23,23,9,0,0
1637865871922,25,Small,200,OK,true,51511,138,23,23,9,0,0
1637865871829,124,Medium,200,OK,true,307513,139,23,23,10,0,0
1637865871898,58,Small,200,OK,true,51511,138,23,23,10,0,0
1637865871876,116,Medium,200,OK,true,307513,139,23,23,9,0,0
1637865871760,232,Medium-Large,200,OK,true,512313,139,23,23,11,0,0
1637865871980,27,Small,200,OK,true,51511,138,23,23,9,0,0
1637865871992,52,Small-Medium,200,OK,true,102713,139,23,23,9,0,0
1637865871982,62,Small-Medium,200,OK,true,102713,139,23,23,8,0,0
1637865871577,497,Large,200,OK,true,1048891,137,23,23,10,0,0
1637865871585,497,Large,200,OK,true,1048891,137,23,23,11,0,0
1637865871903,187,Medium-Large,200,OK,true,512313,139,23,23,12,0,0
1637865871968,129,Medium,200,OK,true,307513,139,23,23,9,0,0
1637865872074,40,Small,200,OK,true,51511,138,23,23,16,0,0
1637865871753,367,Large,200,OK,true,1048891,137,23,23,9,0,0
1637865871829,300,Medium-Large,200,OK,true,512313,139,23,23,9,0,0
1637865872074,62,Small-Medium,200,OK,true,102713,139,23,23,9,0,0
1637865872082,55,Small-Medium,200,OK,true,102713,139,23,23,9,0,0
1637865871945,193,Medium,200,OK,true,307513,139,23,23,8,0,0
1637865871808,332,Large,200,OK,true,1048891,137,23,23,8,0,0
1637865871845,346,Large,200,OK,true,1048891,137,23,23,9,0,0
1637865871845,357,Medium-Large,200,OK,true,512314,139,23,23,20,0,9
1637865872138,68,Small-Medium,200,OK,true,102713,139,23,23,9,0,0
1637865871732,496,Large,200,OK,true,1048890,137,23,23,9,0,0
1637865872165,70,Small-Medium,200,OK,true,102713,139,23,23,14,0,0
1637865871753,493,Large,200,OK,true,1048891,137,23,23,9,0,0
1637865872202,56,Small-Medium,200,OK,true,102713,139,23,23,10,0,0
1637865872246,39,Small,200,OK,true,51511,138,23,23,12,0,0
1637865872166,136,Medium,200,OK,true,307513,139,23,23,13,0,0
1637865872231,83,Small-Medium,200,OK,true,102713,139,23,23,15,0,0
1637865872302,24,Small,200,OK,true,51511,138,23,23,8,0,0
1637865872130,201,Medium,200,OK,true,307513,139,23,23,9,0,0
1637865871819,516,Large,200,OK,true,1048891,137,23,23,11,0,0
1637865871851,502,Large,200,OK,true,1048891,137,23,23,10,0,0
1637865872293,66,Small-Medium,200,OK,true,102713,139,23,23,8,0,0
1637865871953,420,Large,200,OK,true,1048891,137,23,23,7,0,0
1637865872191,192,Medium-Large,200,OK,true,512313,139,23,23,8,0,0
1637865872352,34,Small,200,OK,true,51511,138,23,23,9,0,0
1637865871702,718,Medium-Large,200,OK,true,512313,139,23,23,9,0,0
1637865872072,350,Large,200,OK,true,1048891,137,23,23,8,0,0
1637865872173,250,Medium-Large,200,OK,true,512313,139,23,23,9,0,0
1637865872422,29,Small,200,OK,true,51511,138,23,23,9,0,0
1637865872090,382,Large,200,OK,true,1048891,137,23,23,9,0,0
1637865872229,248,Medium-Large,200,OK,true,512312,139,23,23,17,0,0
1637865871992,500,Large,200,OK,true,1048891,137,23,23,11,0,0
1637865872373,118,Medium,200,OK,true,307513,139,23,23,9,0,0
1637865872120,381,Large,200,OK,true,1048891,137,23,23,9,0,0
1637865872140,366,Large,200,OK,true,1048891,137,23,23,9,0,0
1637865872491,31,Small,200,OK,true,51511,138,23,23,11,0,0
1637865872336,194,Medium,200,OK,true,307513,139,23,23,8,0,0
1637865872505,26,Small,200,OK,true,51511,138,23,23,11,0,0
1637865872491,45,Small-Medium,200,OK,true,102712,139,23,23,11,0,0
1637865872394,146,Medium,200,OK,true,307513,139,23,23,14,0,0
1637865872014,531,Large,200,OK,true,1048891,137,23,23,10,0,0
1637865872500,45,Small-Medium,200,OK,true,102713,139,23,23,11,0,0
1637865872083,465,Large,200,OK,true,1048891,137,23,23,10,0,0
1637865872382,168,Medium-Large,200,OK,true,512313,139,23,23,8,0,0
1637865872530,31,Small,200,OK,true,51511,138,23,23,8,0,0
1637865872338,228,Medium-Large,200,OK,true,512312,139,23,23,9,0,0
1637865872515,50,Small-Medium,200,OK,true,102713,139,23,23,8,0,0
1637865872540,25,Small-Medium,200,OK,true,102713,139,23,23,8,0,0
1637865872097,475,Large,200,OK,true,1048891,137,23,23,8,0,0
1637865872421,171,Medium-Large,200,OK,true,512313,139,24,24,9,0,0
1637865872550,42,Small-Medium,200,OK,true,102713,139,24,24,8,0,0
1637865872323,286,Medium-Large,200,OK,true,512313,139,24,24,8,0,0
1637865872565,52,Small-Medium,200,OK,true,102712,139,24,24,8,0,0
1637865872592,29,Small,200,OK,true,51511,138,24,24,10,0,0
1637865872598,26,Small,200,OK,true,51511,138,24,24,15,0,0
1637865872622,27,Small,200,OK,true,51511,138,24,24,9,0,0
1637865872632,27,Small,200,OK,true,51511,138,24,24,7,0,0
1637865872607,54,Small-Medium,200,OK,true,102713,139,24,24,14,0,0
1637865872443,228,Medium-Large,200,OK,true,512313,139,24,24,9,0,0
1637865872593,103,Medium,200,OK,true,307513,139,24,24,10,0,0
1637865871990,719,Medium-Large,200,OK,true,512313,139,24,24,8,0,0
1637865872476,239,Medium-Large,200,OK,true,512312,139,24,24,8,0,0
1637865872689,29,Small-Medium,200,OK,true,102713,139,24,24,7,0,0
1637865872258,478,Large,200,OK,true,1048891,137,24,24,8,0,0
1637865872716,48,Small-Medium,200,OK,true,102677,139,24,24,7,0,0
1637865872718,48,Small-Medium,200,OK,true,102713,139,24,24,7,0,0
1637865872708,67,Small,200,OK,true,51511,138,24,24,10,0,0
1637865872736,60,Small-Medium,200,OK,true,102713,139,24,24,9,0,0
1637865872571,236,Medium-Large,200,OK,true,512313,139,24,24,20,0,0
1637865872697,112,Medium,200,OK,true,307513,139,24,24,8,0,0
1637865872591,243,Medium-Large,200,OK,true,512313,139,24,24,11,0,0
1637865872471,366,Large,200,OK,true,1048891,137,24,24,9,0,0
1637865872814,39,Small,200,OK,true,51511,138,24,24,9,0,0
1637865872728,158,Medium,200,OK,true,307513,139,24,24,9,0,0
1637865872385,502,Large,200,OK,true,1048891,137,24,24,8,0,0
1637865872693,201,Medium-Large,200,OK,true,512313,139,24,24,10,0,0
1637865872593,315,Large,200,OK,true,1048892,137,24,24,28,0,15
1637865872608,312,Medium-Large,200,OK,true,512313,139,24,24,13,0,0
1637865872671,251,Medium-Large,200,OK,true,512313,139,24,24,8,0,0
1637865872661,283,Medium-Large,200,OK,true,512312,139,24,24,11,0,0
1637865872837,117,Medium,200,OK,true,307513,139,24,24,8,0,0
1637865872702,261,Medium-Large,200,OK,true,512313,139,24,24,10,0,0
1637865872921,63,Small-Medium,200,OK,true,102713,139,24,24,8,0,0
1637865872831,157,Medium,200,OK,true,307513,139,24,24,8,0,0
1637865872331,667,Large,200,OK,true,1048891,137,24,24,9,0,0
1637865872954,50,Small-Medium,200,OK,true,102713,139,24,24,9,0,0
1637865872547,463,Large,200,OK,true,1048891,137,24,24,9,0,0
1637865872809,203,Medium-Large,200,OK,true,512313,139,24,24,11,0,0
1637865872591,424,Large,200,OK,true,1048890,137,24,24,9,0,0
1637865872894,122,Medium,200,OK,true,307513,139,24,24,8,0,0
1637865872963,55,Small-Medium,200,OK,true,102713,139,24,24,9,0,0
1637865872997,36,Small,200,OK,true,51511,138,24,24,10,0,0
1637865872886,154,Medium,200,OK,true,307513,139,24,24,9,0,0
1637865872988,58,Small-Medium,200,OK,true,102713,139,24,24,9,0,0
1637865872647,404,Large,200,OK,true,1048891,137,24,24,8,0,0
1637865873010,44,Small-Medium,200,OK,true,102713,139,24,24,8,0,0
1637865872807,247,Medium-Large,200,OK,true,512313,139,24,24,12,0,0
1637865873054,28,Small,200,OK,true,51511,138,24,24,8,0,0
1637865872834,256,Medium-Large,200,OK,true,512313,139,24,24,10,0,0
1637865872545,548,Large,200,OK,true,1048891,137,24,24,8,0,0
1637865873016,123,Medium,200,OK,true,307513,139,24,24,9,0,0
1637865873083,67,Small-Medium,200,OK,true,102712,139,24,24,8,0,0
1637865873139,23,Small,200,OK,true,51511,138,24,24,7,0,0
1637865872785,386,Large,200,OK,true,1048891,137,24,24,11,0,0
1637865873052,120,Medium,200,OK,true,307513,139,24,24,9,0,0
1637865873171,16,Small,200,OK,true,51511,138,24,24,8,0,0
1637865872805,389,Medium,200,OK,true,307513,139,24,24,12,0,0
1637865872813,390,Medium,200,OK,true,307514,139,24,24,17,0,8
1637865873012,192,Medium-Large,200,OK,true,512313,139,24,24,9,0,0
1637865872908,302,Large,200,OK,true,1048891,137,24,24,10,0,0
1637865872944,267,Medium-Large,200,OK,true,512312,139,24,24,9,0,0
1637865873172,39,Small-Medium,200,OK,true,102713,139,24,24,8,0,0
1637865873015,208,Medium-Large,200,OK,true,512312,139,24,24,9,0,0
1637865873061,165,Medium,200,OK,true,307513,139,24,24,8,0,0
1637865873180,60,Small-Medium,200,OK,true,102712,139,24,24,8,0,0
1637865873223,21,Small,200,OK,true,51510,138,24,24,9,0,0
1637865873234,17,Small,200,OK,true,51511,138,24,24,9,0,0
1637865873106,145,Medium,200,OK,true,307513,139,24,24,22,0,0
1637865871727,1539,Large,200,OK,true,1048891,137,24,24,9,0,0
1637865873226,46,Small-Medium,200,OK,true,102713,139,24,24,9,0,0
1637865873265,84,Small,200,OK,true,51511,138,24,24,9,0,0
1637865873203,158,Medium-Large,200,OK,true,512313,139,24,24,8,0,0
1637865873090,283,Medium-Large,200,OK,true,512313,139,24,24,10,0,0
1637865873361,19,Small,200,OK,true,51511,138,24,24,10,0,0
1637865873211,175,Medium,200,OK,true,307512,139,24,24,10,0,0
1637865873251,137,Medium,200,OK,true,307513,139,24,24,8,0,0
1637865873204,203,Medium-Large,200,OK,true,512313,139,24,24,8,0,0
1637865872887,521,Large,200,OK,true,1048891,137,24,24,9,0,0
1637865873388,56,Small-Medium,200,OK,true,102713,139,24,24,9,0,0
1637865873318,131,Medium,200,OK,true,307512,139,24,24,9,0,0
1637865873330,122,Medium,200,OK,true,307513,139,24,24,11,0,0
1637865872922,534,Large,200,OK,true,1048891,137,24,24,9,0,0
1637865873267,196,Medium-Large,200,OK,true,512313,139,24,24,9,0,0
1637865873050,422,Large,200,OK,true,1048891,137,24,24,9,0,0
1637865873458,17,Small,200,OK,true,51511,138,24,24,8,0,0
1637865873452,42,Small-Medium,200,OK,true,102713,139,24,24,9,0,0
1637865873210,286,Large,200,OK,true,1048891,137,24,24,9,0,0
1637865873040,460,Large,200,OK,true,1048891,137,24,24,9,0,0
1637865872910,596,Large,200,OK,true,1048891,137,24,24,11,0,0
1637865873483,28,Small,200,OK,true,51511,138,24,24,9,0,0
1637865873500,31,Small,200,OK,true,51511,138,24,24,9,0,0
1637865873449,123,Medium,200,OK,true,307512,139,24,24,8,0,0
1637865873472,104,Medium,200,OK,true,307513,139,24,24,9,0,0
1637865873322,263,Medium-Large,200,OK,true,512313,139,24,24,19,0,0
1637865873407,193,Medium-Large,200,OK,true,512313,139,24,24,9,0,0
1637865873576,26,Small,200,OK,true,51511,138,24,24,10,0,0
1637865873600,25,Small,200,OK,true,51511,138,24,24,9,0,0
1637865873149,494,Large,200,OK,true,1048891,137,24,24,14,0,0
1637865873463,181,Medium-Large,200,OK,true,512313,139,24,24,9,0,0
1637865873267,386,Large,200,OK,true,1048891,137,24,24,10,0,0
1637865873408,252,Medium-Large,200,OK,true,512313,139,24,24,11,0,0
1637865873549,117,Medium,200,OK,true,307513,139,24,24,9,0,0
1637865873506,163,Medium,200,OK,true,307513,139,24,24,8,0,0
1637865873017,678,Large,200,OK,true,1048891,137,24,24,8,0,0
1637865873456,248,Medium-Large,200,OK,true,512313,139,24,24,8,0,0
1637865873554,157,Medium-Large,200,OK,true,512313,139,24,24,8,0,0
1637865873660,52,Small,200,OK,true,51511,138,24,24,22,0,0
1637865873093,649,Large,200,OK,true,1048891,137,24,24,9,0,0
1637865873597,185,Medium,200,OK,true,307513,139,24,24,11,0,0
1637865873653,131,Medium,200,OK,true,307513,139,24,24,9,0,0
1637865873094,691,Large,200,OK,true,1048891,137,24,24,9,0,0
1637865873275,517,Large,200,OK,true,1048890,137,24,24,9,0,0
1637865873666,134,Medium,200,OK,true,307513,139,24,24,16,0,0
1637865873785,25,Small,200,OK,true,51511,138,24,24,8,0,0
1637865873496,320,Large,200,OK,true,1048891,137,24,24,8,0,0
1637865873758,61,Small-Medium,200,OK,true,102713,139,24,24,9,0,0
1637865873712,128,Medium,200,OK,true,307513,139,24,24,9,0,0
1637865873696,145,Medium,200,OK,true,307513,139,24,24,10,0,0
1637865873580,264,Medium-Large,200,OK,true,512313,139,24,24,9,0,0
1637865873817,30,Small-Medium,200,OK,true,102713,139,24,24,8,0,0
1637865873644,207,Medium-Large,200,OK,true,512313,139,24,24,9,0,0
1637865873792,59,Small-Medium,200,OK,true,102712,139,24,24,9,0,0
1637865873786,73,Small-Medium,200,OK,true,102713,139,24,24,11,0,0
1637865873841,26,Small,200,OK,true,51511,138,24,24,10,0,0
1637865873696,186,Medium,200,OK,true,307513,139,24,24,9,0,0
1637865873844,49,Small-Medium,200,OK,true,102713,139,24,24,9,0,0
1637865873373,532,Large,200,OK,true,1048891,137,24,24,9,0,0
1637865873643,262,Medium-Large,200,OK,true,512313,139,24,24,10,0,0
1637865873882,40,Small,200,OK,true,51511,138,24,24,9,0,0
1637865873905,22,Small,200,OK,true,51511,138,24,24,7,0,0
1637865873881,50,Small-Medium,200,OK,true,102713,139,24,24,9,0,0
1637865873882,55,Small-Medium,200,OK,true,102713,139,24,24,9,0,0
1637865873840,99,Medium,200,OK,true,307513,139,24,24,11,0,0
1637865873705,238,Medium-Large,200,OK,true,512313,139,24,24,9,0,0
1637865873386,579,Large,200,OK,true,1048890,137,24,24,9,0,0
1637865872420,1545,Large,200,OK,true,1048891,137,24,24,11,0,0
1637865873800,169,Medium-Large,200,OK,true,512313,139,24,24,9,0,0
1637865873572,402,Large,200,OK,true,1048890,137,24,24,9,0,0
1637865873940,41,Small-Medium,200,OK,true,102713,139,24,24,7,0,0
1637865873939,45,Small-Medium,200,OK,true,102713,139,24,24,8,0,0
1637865873944,44,Small-Medium,200,OK,true,102713,139,24,24,6,0,0
1637865873969,23,Small,200,OK,true,51511,138,24,24,6,0,0
1637865873978,32,Small,200,OK,true,51511,138,24,24,9,0,0
1637865873851,165,Medium-Large,200,OK,true,512313,139,24,24,7,0,0
1637865873977,43,Small-Medium,200,OK,true,102713,139,24,24,8,0,0
1637865873906,118,Medium,200,OK,true,307513,139,24,24,8,0,0
1637865873887,151,Medium,200,OK,true,307512,139,24,24,18,0,0
1637865874002,44,Small-Medium,200,OK,true,102713,139,24,24,6,0,0
1637865873742,306,Medium-Large,200,OK,true,512313,139,24,24,10,0,0
1637865873965,90,Small-Medium,200,OK,true,102713,139,24,24,6,0,0
1637865874038,22,Small,200,OK,true,51510,138,24,24,6,0,0
1637865873682,394,Large,200,OK,true,1048891,137,24,24,11,0,0
1637865873585,493,Large,200,OK,true,1048891,137,24,24,10,0,0
1637865873852,232,Medium-Large,200,OK,true,512313,139,24,24,8,0,0
1637865873913,171,Medium-Large,200,OK,true,512313,139,24,24,8,0,0
1637865874040,47,Small-Medium,200,OK,true,102713,139,24,24,6,0,0
1637865873977,126,Medium,200,OK,true,307513,139,24,24,7,0,0
1637865874084,27,Small,200,OK,true,51511,138,24,24,5,0,0
1637865873936,195,Medium-Large,200,OK,true,512313,139,24,24,9,0,0
1637865874098,56,Small-Medium,200,OK,true,102713,139,24,24,7,0,0
1637865874103,51,Small-Medium,200,OK,true,102713,139,24,24,7,0,0
1637865874035,123,Medium,200,OK,true,307513,139,24,24,7,0,0
1637865874134,25,Small,200,OK,true,51510,138,24,24,6,0,0
1637865873965,216,Medium-Large,200,OK,true,512312,139,24,24,7,0,0
1637865873683,499,Large,200,OK,true,1048891,137,24,24,11,0,0
1637865873194,989,Large,200,OK,true,1048891,137,24,24,10,0,0
1637865874076,128,Medium,200,OK,true,307513,139,24,24,7,0,0
1637865874073,137,Medium,200,OK,true,307513,139,24,24,7,0,0
1637865874205,24,Small,200,OK,true,51511,138,24,24,7,0,0
1637865874182,57,Small-Medium,200,OK,true,102712,139,24,24,10,0,0
1637865874183,58,Small-Medium,200,OK,true,102713,139,24,24,9,0,0
1637865874025,216,Medium-Large,200,OK,true,512313,139,24,24,7,0,0
1637865874036,211,Medium-Large,200,OK,true,512313,139,24,24,6,0,0
1637865874065,220,Medium-Large,200,OK,true,512313,139,24,24,7,0,0
1637865874136,153,Medium,200,OK,true,307513,139,24,24,7,0,0
1637865874229,63,Small-Medium,200,OK,true,102712,139,24,24,6,0,0
1637865874285,23,Small,200,OK,true,51511,138,24,24,7,0,0
1637865874180,146,Medium,200,OK,true,307513,139,24,24,7,0,0
1637865874193,157,Medium,200,OK,true,307513,139,24,24,6,0,0
1637865874131,228,Medium-Large,200,OK,true,512313,139,24,24,7,0,0
1637865874200,161,Medium,200,OK,true,307513,139,24,24,7,0,0
1637865874247,148,Medium,200,OK,true,307513,139,24,24,15,0,0
1637865874350,54,Small-Medium,200,OK,true,102713,139,24,24,7,0,0
1637865873974,443,Large,200,OK,true,1048890,137,24,24,8,0,0
1637865873783,644,Large,200,OK,true,1048891,137,24,24,8,0,0
1637865874277,150,Medium,200,OK,true,307512,139,24,24,7,0,0
1637865874183,252,Medium-Large,200,OK,true,512313,139,24,24,6,0,0
1637865874016,425,Large,200,OK,true,1048891,137,24,24,7,0,0
1637865874326,153,Medium,200,OK,true,307513,139,24,24,11,0,0
1637865874427,60,Small-Medium,200,OK,true,102677,139,24,24,7,0,0
1637865874435,54,Small-Medium,200,OK,true,102713,139,24,24,7,0,0
1637865874381,145,Medium,200,OK,true,307513,139,24,24,6,0,0
1637865874290,241,Medium-Large,200,OK,true,512313,139,24,24,6,0,0
1637865874479,52,Small-Medium,200,OK,true,102713,139,24,24,7,0,0
1637865874084,450,Large,200,OK,true,1048891,137,24,24,6,0,0
1637865873361,1187,Large,200,OK,true,1048891,137,24,24,10,0,0
1637865874526,26,Small,200,OK,true,51511,138,24,24,7,0,0
1637865874048,511,Medium-Large,200,OK,true,512313,139,24,24,10,0,0
1637865874531,29,Small,200,OK,true,51511,138,24,24,7,0,0
1637865874530,30,Small,200,OK,true,51511,138,24,24,7,0,0
1637865874078,488,Large,200,OK,true,1048891,137,24,24,7,0,0
1637865874326,244,Medium-Large,200,OK,true,512312,139,24,24,7,0,0
1637865874074,497,Large,200,OK,true,1048891,137,24,24,7,0,0
1637865874576,28,Small,200,OK,true,51511,138,24,24,6,0,0
1637865874158,460,Large,200,OK,true,1048891,137,24,24,8,0,0
1637865874571,54,Small-Medium,200,OK,true,102713,139,24,24,7,0,0
1637865874395,234,Medium-Large,200,OK,true,512313,139,24,24,7,0,0
1637865874417,214,Medium-Large,200,OK,true,512312,139,24,24,8,0,0
1637865874427,210,Medium,200,OK,true,307513,139,24,24,7,0,0
1637865874627,25,Small,200,OK,true,51511,138,24,24,6,0,0
1637865874628,26,Small,200,OK,true,51511,138,24,24,6,0,0
1637865874631,23,Small,200,OK,true,51475,138,24,24,7,0,0
1637865874278,386,Medium-Large,200,OK,true,512313,139,24,24,9,0,0
1637865874210,474,Large,200,OK,true,1048891,137,24,24,8,0,0
1637865874669,49,Small-Medium,200,OK,true,102713,139,24,24,6,0,0
1637865874534,190,Medium-Large,200,OK,true,512313,139,24,24,7,0,0
1637865874241,489,Large,200,OK,true,1048891,137,24,24,7,0,0
1637865874684,53,Small-Medium,200,OK,true,102713,139,24,24,7,0,0
1637865874618,123,Medium,200,OK,true,307513,139,24,24,7,0,0
1637865874299,448,Large,200,OK,true,1048891,137,24,24,8,0,0
1637865874723,30,Small,200,OK,true,51511,138,24,24,8,0,0
1637865874730,23,Small,200,OK,true,51511,138,24,24,6,0,0
1637865874629,126,Medium,200,OK,true,307513,139,24,24,7,0,0
1637865874523,248,Medium,200,OK,true,307514,139,24,24,14,0,7
1637865874570,218,Medium-Large,200,OK,true,512277,139,24,24,8,0,0
1637865874764,30,Small,200,OK,true,51511,138,24,24,6,0,0
1637865874359,441,Large,200,OK,true,1048891,137,24,24,7,0,0
1637865874622,202,Medium-Large,200,OK,true,512313,139,24,24,7,0,0
1637865874361,475,Large,200,OK,true,1048891,137,24,24,7,0,0
1637865874724,113,Medium,200,OK,true,307513,139,24,24,7,0,0
1637865874800,42,Small-Medium,200,OK,true,102713,139,24,24,6,0,0
1637865874826,24,Small,200,OK,true,51511,138,24,24,7,0,0
1637865874741,124,Medium,200,OK,true,307513,139,24,24,7,0,0
1637865874824,45,Small-Medium,200,OK,true,102713,139,24,24,7,0,0
1637865874441,428,Large,200,OK,true,1048891,137,24,24,7,0,0
1637865874671,215,Medium-Large,200,OK,true,512313,139,24,24,7,0,0
1637865874865,23,Small,200,OK,true,51511,138,24,24,7,0,0
1637865874447,449,Large,200,OK,true,1048891,137,24,24,6,0,0
1637865874921,24,Small,200,OK,true,51511,138,24,24,7,0,0
1637865874920,49,Small-Medium,200,OK,true,102713,139,24,24,7,0,0
1637865874836,135,Medium,200,OK,true,307513,139,24,24,7,0,0
1637865874960,23,Small,200,OK,true,51511,138,24,24,8,0,0
1637865874869,115,Medium,200,OK,true,307513,139,24,24,7,0,0
1637865874566,449,Large,200,OK,true,1048891,137,24,24,8,0,0
1637865874886,134,Medium,200,OK,true,307513,139,24,24,8,0,0
1637865874548,482,Medium-Large,200,OK,true,512313,139,24,24,7,0,0
1637865874726,308,Medium,200,OK,true,307514,139,24,24,13,0,7
1637865875016,31,Small,200,OK,true,51511,138,24,24,7,0,0
1637865874860,213,Medium-Large,200,OK,true,512313,139,24,24,8,0,0
1637865874061,1049,Large,200,OK,true,1048891,137,24,24,7,0,0
1637865874722,436,Large,200,OK,true,1048891,137,24,24,7,0,0
1637865874747,413,Large,200,OK,true,1048891,137,24,24,7,0,0
1637865875112,54,Small-Medium,200,OK,true,102713,139,24,24,6,0,0
1637865874755,440,Large,200,OK,true,1048891,137,24,24,6,0,0
1637865874781,423,Large,200,OK,true,1048891,137,24,24,6,0,0
1637865875073,150,Medium,200,OK,true,307513,139,24,24,7,0,0
1637865875017,238,Medium-Large,200,OK,true,512313,139,24,24,8,0,0
1637865875020,244,Medium-Large,200,OK,true,512313,139,24,24,7,0,0
1637865874837,427,Large,200,OK,true,1048891,137,24,24,8,0,0
1637865874820,452,Large,200,OK,true,1048891,137,24,24,7,0,0
1637865875160,138,Medium,200,OK,true,307513,139,24,24,6,0,0
1637865875298,26,Small,200,OK,true,51510,138,24,24,7,0,0
1637865875204,141,Medium,200,OK,true,307513,139,24,24,7,0,0
1637865874896,455,Large,200,OK,true,1048891,137,24,24,6,0,0
1637865874637,715,Large,200,OK,true,1048891,137,24,24,8,0,0
1637865875208,147,Medium,200,OK,true,307513,139,24,24,7,0,0
1637865874896,481,Large,200,OK,true,1048891,137,24,24,6,0,0
1637865875223,157,Medium,200,OK,true,307513,139,24,24,7,0,0
1637865875345,49,Small-Medium,200,OK,true,102713,139,24,24,7,0,0
1637865875377,26,Small,200,OK,true,51511,138,24,24,7,0,0
1637865875255,149,Medium,200,OK,true,307513,139,24,24,7,0,0
1637865875272,152,Medium,200,OK,true,307513,139,24,24,7,0,0
1637865875381,49,Small-Medium,200,OK,true,102713,139,24,24,6,0,0
1637865874984,451,Large,200,OK,true,1048891,137,24,24,7,0,0
1637865875352,85,Small-Medium,200,OK,true,102713,139,24,24,9,0,0
1637865875110,329,Medium,200,OK,true,307513,139,24,24,7,0,0
1637865874559,888,Large,200,OK,true,1048891,137,24,24,7,0,0
1637865874971,480,Large,200,OK,true,1048891,137,24,24,7,0,0
1637865875016,449,Large,200,OK,true,1048891,137,24,24,8,0,0
1637865875424,49,Small-Medium,200,OK,true,102713,139,24,24,7,0,0
1637865875351,130,Medium,200,OK,true,307513,139,24,24,7,0,0
1637865875034,447,Medium-Large,200,OK,true,512313,139,24,24,7,0,0
1637865875355,135,Medium,200,OK,true,307513,139,24,24,7,0,0
1637865875264,227,Medium-Large,200,OK,true,512313,139,24,24,6,0,0
1637865874664,837,Large,200,OK,true,1048891,137,24,24,6,0,0
1637865875056,448,Large,200,OK,true,1048891,137,24,24,7,0,0
1637865875394,124,Medium,200,OK,true,307512,139,24,24,7,0,0
1637865875505,24,Small,200,OK,true,51511,138,24,24,6,0,0
1637865875405,129,Medium,200,OK,true,307513,139,24,24,6,0,0
1637865875501,44,Small,200,OK,true,51511,138,24,24,7,0,0
1637865875439,113,Small-Medium,200,OK,true,102713,139,24,24,7,0,0
1637865875534,23,Small,200,OK,true,51511,138,24,24,7,0,0
1637865875442,122,Medium,200,OK,true,307512,139,24,24,6,0,0
1637865875481,89,Small-Medium,200,OK,true,102713,139,24,24,7,0,0
1637865875159,450,Large,200,OK,true,1048891,137,24,24,6,0,0
1637865874771,850,Large,200,OK,true,1048891,137,24,24,6,0,0
1637865875491,138,Medium,200,OK,true,307513,139,24,24,7,0,0
1637865875518,128,Medium,200,OK,true,307512,139,24,24,7,0,0
1637865875196,454,Large,200,OK,true,1048891,137,24,24,6,0,0
1637865875578,90,Small-Medium,200,OK,true,102713,139,24,24,7,0,0
1637865875451,218,Medium-Large,200,OK,true,512313,139,24,24,8,0,0
1637865875465,217,Medium-Large,200,OK,true,512313,139,24,24,8,0,0
1637865874788,902,Large,200,OK,true,1048892,137,24,24,14,0,7
1637865875669,24,Small,200,OK,true,51511,138,24,24,7,0,0
1637865875650,49,Small-Medium,200,OK,true,102713,139,24,24,7,0,0
1637865875490,222,Medium-Large,200,OK,true,512313,139,24,24,6,0,0
1637865875477,245,Medium-Large,200,OK,true,512313,139,24,24,7,0,0
1637865875264,464,Large,200,OK,true,1048891,137,24,24,7,0,0
1637865875712,45,Small-Medium,200,OK,true,102713,139,24,24,8,0,0
1637865875728,29,Small,200,OK,true,51511,138,24,24,7,0,0
1637865875629,138,Medium,200,OK,true,307513,139,24,24,7,0,0
1637865875630,138,Medium,200,OK,true,307513,139,24,24,7,0,0
1637865875690,79,Small-Medium,200,OK,true,102713,139,24,24,7,0,0
1637865875746,28,Small,200,OK,true,51511,138,24,24,7,0,0
1637865875647,128,Medium,200,OK,true,307512,139,24,24,7,0,0
1637865875775,42,Small-Medium,200,OK,true,102712,139,24,24,6,0,0
1637865875610,215,Medium-Large,200,OK,true,512313,139,24,24,7,0,0
1637865875722,124,Medium,200,OK,true,307513,139,24,24,8,0,0
1637865875825,25,Small,200,OK,true,51511,138,24,24,7,0,0
1637865875435,430,Large,200,OK,true,1048891,137,24,24,7,0,0
1637865875447,433,Medium-Large,200,OK,true,512313,139,24,24,7,0,0
1637865875682,206,Medium-Large,200,OK,true,512312,139,24,24,7,0,0
1637865875842,46,Small-Medium,200,OK,true,102712,139,24,24,7,0,0
1637865875846,47,Small-Medium,200,OK,true,102713,139,24,24,7,0,0
1637865875481,419,Large,200,OK,true,1048891,137,24,24,7,0,0
1637865875865,40,Small-Medium,200,OK,true,102713,139,24,24,6,0,0
1637865875871,41,Small-Medium,200,OK,true,102712,139,24,24,7,0,0
1637865875473,457,Large,200,OK,true,1048891,137,24,24,7,0,0
1637865875920,21,Small,200,OK,true,51511,138,24,24,7,0,0
1637865875809,137,Medium,200,OK,true,307512,139,24,24,7,0,0
1637865875881,86,Small-Medium,200,OK,true,102713,139,24,24,11,0,0
1637865875930,42,Small-Medium,200,OK,true,102713,139,24,24,7,0,0
1637865875938,37,Small,200,OK,true,51510,138,24,24,7,0,0
1637865875565,414,Large,200,OK,true,1048890,137,24,24,6,0,0
1637865875521,459,Large,200,OK,true,1048891,137,24,24,7,0,0
1637865875888,103,Medium,200,OK,true,307512,139,24,24,6,0,0
1637865875943,48,Small,200,OK,true,51511,138,24,24,6,0,0
1637865875601,394,Large,200,OK,true,1048891,137,24,24,7,0,0
1637865875977,49,Small,200,OK,true,51511,138,24,24,11,0,0
1637865875785,257,Medium,200,OK,true,307513,139,24,24,7,0,0
1637865875449,608,Large,200,OK,true,1048891,137,24,24,16,0,0
1637865876026,33,Small,200,OK,true,51511,138,24,24,7,0,0
1637865875030,1030,Large,200,OK,true,1048891,137,24,24,6,0,0
1637865875961,118,Medium,200,OK,true,307513,139,24,24,10,0,0
1637865876057,24,Small,200,OK,true,51511,138,24,24,8,0,0
1637865875552,544,Medium-Large,200,OK,true,512313,139,24,24,6,0,0
1637865876080,20,Small,200,OK,true,51511,138,24,24,7,0,0
1637865876073,44,Small-Medium,200,OK,true,102713,139,24,24,10,0,0
1637865876060,64,Small,200,OK,true,51511,138,24,24,8,0,0
1637865876017,124,Medium,200,OK,true,307513,139,24,24,7,0,0
1637865876043,103,Small-Medium,200,OK,true,102713,139,24,24,7,0,0
1637865875967,187,Medium-Large,200,OK,true,512312,139,24,24,7,0,0
1637865875767,393,Large,200,OK,true,1048891,137,24,24,7,0,0
1637865875979,188,Medium-Large,200,OK,true,512312,139,24,24,8,0,0
1637865875946,228,Medium-Large,200,OK,true,512312,139,24,24,7,0,0
1637865875991,195,Medium-Large,200,OK,true,512312,139,24,24,8,0,0
1637865876039,149,Medium,200,OK,true,307513,139,24,24,10,0,0
1637865875981,211,Medium-Large,200,OK,true,512313,139,24,24,7,0,0
1637865875768,425,Large,200,OK,true,1048891,137,24,24,7,0,0
1637865876154,43,Small-Medium,200,OK,true,102712,139,24,24,7,0,0
1637865876176,22,Small,200,OK,true,51511,138,24,24,7,0,0
1637865876154,47,Small-Medium,200,OK,true,102713,139,24,24,7,0,0
1637865876167,45,Small-Medium,200,OK,true,102712,139,24,24,8,0,0
1637865876188,27,Small,200,OK,true,51511,138,24,24,9,0,0
1637865876169,63,Small-Medium,200,OK,true,102713,139,24,24,16,0,0
1637865876033,205,Medium-Large,200,OK,true,512312,139,24,24,8,0,0
1637865876122,121,Medium,200,OK,true,307513,139,24,24,8,0,0
1637865875826,429,Large,200,OK,true,1048891,137,24,24,7,0,0
1637865876239,16,Small,200,OK,true,51510,138,24,24,6,0,0
1637865875765,491,Large,200,OK,true,1048891,137,24,24,7,0,0
1637865875900,361,Large,200,OK,true,1048891,137,24,24,8,0,0
1637865876243,24,Small,200,OK,true,51511,138,24,24,8,0,0
1637865876250,24,Small,200,OK,true,51510,138,24,24,8,0,0
1637865876255,19,Small,200,OK,true,51511,138,24,24,7,0,0
1637865876263,34,Small-Medium,200,OK,true,102712,139,24,24,7,0,0
1637865876193,109,Medium,200,OK,true,307513,139,24,24,8,0,0
1637865876250,55,Small-Medium,200,OK,true,102713,139,24,24,8,0,0
1637865876283,24,Small,200,OK,true,51511,138,24,24,8,0,0
1637865875995,333,Large,200,OK,true,1048891,137,24,24,7,0,0
1637865876161,168,Medium-Large,200,OK,true,512313,139,24,24,7,0,0
1637865876141,197,Medium-Large,200,OK,true,512313,139,24,24,8,0,0
1637865876328,16,Small,200,OK,true,51511,138,24,24,7,0,0
1637865876339,21,Small,200,OK,true,51511,138,24,24,8,0,0
1637865876346,18,Small,200,OK,true,51475,138,24,24,7,0,0
1637865876329,41,Small-Medium,200,OK,true,102713,139,24,24,7,0,0
1637865876334,37,Small-Medium,200,OK,true,102712,139,24,24,8,0,0
1637865876174,205,Medium-Large,200,OK,true,512312,139,24,24,7,0,0
1637865876380,28,Small,200,OK,true,51511,138,24,24,8,0,0
1637865876272,146,Medium-Large,200,OK,true,512313,139,24,24,7,0,0
1637865876359,94,Medium,200,OK,true,307512,139,24,24,8,0,0
1637865876256,201,Medium-Large,200,OK,true,512313,139,24,24,8,0,0
1637865876431,28,Small,200,OK,true,51510,138,24,24,8,0,0
1637865876096,365,Medium,200,OK,true,307513,139,24,24,7,0,0
1637865876302,168,Medium-Large,200,OK,true,512313,139,24,24,8,0,0
1637865876186,302,Large,200,OK,true,1048890,137,24,24,7,0,0
1637865876455,42,Small-Medium,200,OK,true,102712,139,24,24,8,0,0
1637865876418,106,Medium,200,OK,true,307513,139,24,24,8,0,0
1637865876425,111,Medium,200,OK,true,307513,139,24,24,7,0,0
1637865876339,203,Medium-Large,200,OK,true,512313,139,24,24,7,0,0
1637865876345,233,Medium-Large,200,OK,true,512313,139,24,24,10,0,0
1637865876380,210,Medium-Large,200,OK,true,512312,139,24,24,7,0,0
1637865876551,50,Small-Medium,200,OK,true,102712,139,24,24,7,0,0
1637865876261,341,Large,200,OK,true,1048891,137,24,24,8,0,0
1637865876192,417,Large,200,OK,true,1048891,137,24,24,8,0,0
1637865876590,26,Small,200,OK,true,51510,138,24,24,9,0,0
1637865876602,22,Small,200,OK,true,51511,138,24,24,8,0,0
1637865876524,120,Medium,200,OK,true,307513,139,24,24,8,0,0
1637865876435,211,Medium-Large,200,OK,true,512313,139,24,24,7,0,0
1637865876579,67,Small-Medium,200,OK,true,102713,139,24,24,9,0,0
1637865875674,982,Large,200,OK,true,1048891,137,24,24,7,0,0
1637865876644,32,Small-Medium,200,OK,true,102713,139,24,24,8,0,0
1637865875597,1092,Large,200,OK,true,1048891,137,24,24,6,0,0
1637865876687,30,Small,200,OK,true,51510,138,24,24,9,0,0
1637865876442,278,Medium-Large,200,OK,true,512314,139,24,24,15,0,7
1637865876721,16,Small,200,OK,true,51511,138,24,24,7,0,0
1637865876609,136,Medium,200,OK,true,307513,139,24,24,8,0,0
1637865876697,48,Small-Medium,200,OK,true,102713,139,24,24,9,0,0
1637865876526,225,Medium-Large,200,OK,true,512312,139,24,24,8,0,0
1637865876265,489,Large,200,OK,true,1048891,137,24,24,7,0,0
1637865876648,107,Medium,200,OK,true,307512,139,24,24,7,0,0
1637865876537,222,Medium-Large,200,OK,true,512313,139,24,24,8,0,0
1637865876739,26,Small,200,OK,true,51511,138,24,24,10,0,0
1637865876542,228,Medium-Large,200,OK,true,512313,139,24,24,7,0,0
1637865876755,17,Small,200,OK,true,51475,138,24,24,8,0,0
1637865876423,352,Large,200,OK,true,1048891,137,24,24,8,0,0
1637865876155,633,Medium-Large,200,OK,true,512313,139,24,24,8,0,0
1637865876775,17,Small,200,OK,true,51511,138,24,24,7,0,0
1637865876488,315,Large,200,OK,true,1048890,137,24,24,7,0,0
1637865875621,1186,Large,200,OK,true,1048891,137,24,24,7,0,0
1637865876352,463,Large,200,OK,true,1048891,137,24,24,7,0,0
1637865876770,51,Small-Medium,200,OK,true,102713,139,24,24,9,0,0
1637865876815,19,Small,200,OK,true,51511,138,24,24,10,0,0
1637865876782,59,Small-Medium,200,OK,true,102712,139,24,24,10,0,0
1637865876752,92,Medium,200,OK,true,307512,139,24,24,7,0,0
1637865876755,92,Medium,200,OK,true,307513,139,24,24,7,0,0
1637865876470,397,Large,200,OK,true,1048891,137,24,24,7,0,0
1637865876870,37,Small-Medium,200,OK,true,102713,139,24,24,10,0,0
1637865876878,37,Small,200,OK,true,51510,138,24,24,10,0,0
1637865876852,89,Small,200,OK,true,51512,138,24,24,18,0,8
1637865876852,108,Medium,200,OK,true,307513,139,24,24,9,0,0
1637865876807,161,Small-Medium,200,OK,true,102713,139,24,24,8,0,0
1637865876849,121,Medium,200,OK,true,307512,139,24,24,8,0,0
1637865876836,139,Medium-Large,200,OK,true,512313,139,24,24,8,0,0
1637865876675,304,Large,200,OK,true,1048891,137,24,24,10,0,0
1637865876745,237,Medium-Large,200,OK,true,512313,139,24,24,8,0,0
1637865876868,117,Medium,200,OK,true,307512,139,24,24,8,0,0
1637865876975,27,Small,200,OK,true,51510,138,24,24,8,0,0
1637865876476,530,Large,200,OK,true,1048891,137,24,24,7,0,0
1637865876986,29,Small,200,OK,true,51510,138,24,24,9,0,0
1637865876975,47,Small-Medium,200,OK,true,102713,139,24,24,10,0,0
1637865876458,569,Large,200,OK,true,1048891,137,24,24,8,0,0
1637865876948,79,Small,200,OK,true,51511,138,24,24,9,0,0
1637865876982,50,Small-Medium,200,OK,true,102713,139,24,24,11,0,0
1637865876968,78,Small,200,OK,true,51511,138,24,24,8,0,0
1637865876911,140,Medium-Large,200,OK,true,512313,139,24,24,9,0,0
1637865876690,364,Medium,200,OK,true,307513,139,24,24,8,0,0
1637865877027,38,Small,200,OK,true,51511,138,24,24,13,0,0
1637865876960,114,Medium,200,OK,true,307513,139,24,24,9,0,0
1637865876646,445,Large,200,OK,true,1048891,137,24,24,8,0,0
1637865876656,452,Medium,200,OK,true,307513,139,24,24,10,0,0
1637865876803,309,Large,200,OK,true,1048890,137,24,24,9,0,0
1637865877082,36,Small,200,OK,true,51510,138,24,24,10,0,0
1637865877044,75,Small,200,OK,true,51511,138,24,24,9,0,0
1637865876794,333,Large,200,OK,true,1048890,137,24,24,10,0,0
1637865876967,160,Medium-Large,200,OK,true,512313,139,24,24,8,0,0
1637865877112,15,Small,200,OK,true,51510,138,24,24,8,0,0
1637865876759,370,Large,200,OK,true,1048891,137,24,24,10,0,0
1637865876866,269,Medium-Large,200,OK,true,512313,139,24,24,9,0,0
1637865877091,45,Small-Medium,200,OK,true,102713,139,24,24,15,0,0
1637865876979,165,Medium-Large,200,OK,true,512313,139,24,24,10,0,0
1637865877127,20,Small,200,OK,true,51510,138,24,24,11,0,0
1637865877052,101,Medium,200,OK,true,307513,139,24,24,8,0,0
1637865877127,26,Small,200,OK,true,51511,138,24,24,10,0,0
1637865877129,26,Small,200,OK,true,51511,138,24,24,9,0,0
1637865877153,14,Small,200,OK,true,51511,138,24,24,7,0,0
1637865877108,67,Small,200,OK,true,51511,138,24,24,6,0,0
1637865877123,55,Small-Medium,200,OK,true,102713,139,24,24,10,0,0
1637865877007,173,Medium,200,OK,true,307513,139,24,24,9,0,0
1637865877063,131,Small-Medium,200,OK,true,102713,139,24,24,10,0,0
1637865877078,125,Medium,200,OK,true,307513,139,24,24,9,0,0
1637865876788,443,Medium,200,OK,true,307513,139,24,24,10,0,0
1637865876146,1089,Large,200,OK,true,1048891,137,24,24,7,0,0
1637865877195,80,Small,200,OK,true,51511,138,24,24,8,0,0
1637865877145,144,Medium-Large,200,OK,true,512313,139,24,24,9,0,0
1637865877231,82,Small,200,OK,true,51511,138,24,24,9,0,0
1637865877223,101,Medium,200,OK,true,307513,139,24,24,8,0,0
1637865876970,360,Large,200,OK,true,1048855,137,24,24,8,0,0
1637865877071,265,Large,200,OK,true,1048891,137,24,24,9,0,0
1637865876815,547,Large,200,OK,true,1048891,137,24,24,9,0,0
1637865877207,162,Medium-Large,200,OK,true,512312,139,24,24,9,0,0
1637865877140,237,Medium-Large,200,OK,true,512313,139,24,24,9,0,0
1637865877181,197,Medium,200,OK,true,307513,139,24,24,7,0,0
1637865877337,45,Small-Medium,200,OK,true,102713,139,24,24,8,0,0
1637865877178,207,Medium-Large,200,OK,true,512312,139,24,24,7,0,0
1637865877224,180,Medium-Large,200,OK,true,512312,139,24,24,10,0,0
1637865877324,99,Medium,200,OK,true,307513,139,24,24,11,0,0
1637865877248,180,Medium-Large,200,OK,true,512313,139,24,24,9,0,0
1637865877404,26,Small,200,OK,true,51510,138,24,24,8,0,0
1637865877291,152,Small-Medium,200,OK,true,102713,139,24,24,12,0,0
1637865877203,244,Medium-Large,200,OK,true,512313,139,24,24,8,0,0
1637865877424,26,Small-Medium,200,OK,true,102713,139,24,24,8,0,0
1637865877428,36,Small-Medium,200,OK,true,102713,139,24,24,8,0,0
1637865877226,238,Medium-Large,200,OK,true,512313,139,24,24,9,0,0
1637865877074,402,Large,200,OK,true,1048891,137,24,24,9,0,0
1637865877443,66,Small,200,OK,true,51511,138,24,24,9,0,0
1637865877070,449,Large,200,OK,true,1048855,137,24,24,8,0,0
1637865877219,313,Medium-Large,200,OK,true,512313,139,24,24,8,0,0
1637865877500,37,Small-Medium,200,OK,true,102712,139,24,24,7,0,0
1637865877434,136,Medium-Large,200,OK,true,512313,139,24,24,9,0,0
1637865877447,140,Medium,200,OK,true,307513,139,24,24,10,0,0
1637865877477,113,Medium,200,OK,true,307513,139,24,24,9,0,0
1637865877289,324,Large,200,OK,true,1048891,137,24,24,11,0,0
1637865877386,234,Medium-Large,200,OK,true,512312,139,24,24,9,0,0
1637865877135,489,Large,200,OK,true,1048891,137,24,24,8,0,0
1637865877518,119,Medium,200,OK,true,307513,139,24,24,9,0,0
1637865877054,587,Medium-Large,200,OK,true,512313,139,24,24,10,0,0
1637865877587,63,Small-Medium,200,OK,true,102713,139,24,24,8,0,0
1637865877519,135,Medium,200,OK,true,307514,139,24,24,17,0,7
1637865877614,47,Small-Medium,200,OK,true,102713,139,24,24,9,0,0
1637865877204,460,Medium,200,OK,true,307513,139,24,24,9,0,0
1637865877655,19,Small,200,OK,true,51511,138,24,24,9,0,0
1637865877539,149,Small-Medium,200,OK,true,102713,139,24,24,10,0,0
1637865877464,225,Medium-Large,200,OK,true,512313,139,24,24,8,0,0
1637865877330,369,Medium-Large,200,OK,true,512314,139,24,24,18,0,10
1637865877596,105,Medium,200,OK,true,307512,139,24,24,12,0,0
1637865877369,337,Large,200,OK,true,1048890,137,24,24,9,0,0
1637865877187,539,Large,200,OK,true,1048891,137,24,24,9,0,0
1637865877570,159,Medium-Large,200,OK,true,512313,139,24,24,10,0,0
1637865877710,31,Small,200,OK,true,51511,138,24,24,12,0,0
1637865877702,45,Small-Medium,200,OK,true,102712,139,24,24,8,0,0
1637865877707,46,Small-Medium,200,OK,true,102677,139,24,24,10,0,0
1637865877688,81,Small,200,OK,true,51511,138,24,24,9,0,0
1637865877726,56,Small-Medium,200,OK,true,102713,139,24,24,10,0,0
1637865877700,83,Medium,200,OK,true,307513,139,24,24,8,0,0
1637865877637,148,Medium-Large,200,OK,true,512313,139,24,24,9,0,0
1637865877796,27,Small-Medium,200,OK,true,102713,139,24,24,8,0,0
1637865877689,136,Medium,200,OK,true,307513,139,24,24,9,0,0
1637865877524,302,Large,200,OK,true,1048891,137,24,24,9,0,0
1637865877682,146,Medium,200,OK,true,307513,139,24,24,10,0,0
1637865877798,43,Small-Medium,200,OK,true,102712,139,24,24,9,0,0
1637865877825,25,Small,200,OK,true,51511,138,24,24,7,0,0
1637865877826,27,Small-Medium,200,OK,true,102713,139,24,24,7,0,0
1637865877620,234,Medium-Large,200,OK,true,512312,139,24,24,10,0,0
1637865877377,490,Large,200,OK,true,1048891,137,24,24,9,0,0
1637865877624,247,Medium-Large,200,OK,true,512313,139,24,24,11,0,0
1637865877821,55,Small-Medium,200,OK,true,102713,139,24,24,13,0,0
1637865877729,152,Medium-Large,200,OK,true,512313,139,24,24,16,0,0
1637865877751,133,Medium-Large,200,OK,true,512313,139,24,24,9,0,0
1637865877867,43,Small-Medium,200,OK,true,102713,139,24,24,9,0,0
1637865877784,135,Small-Medium,200,OK,true,102713,139,24,24,8,0,0
1637865877894,40,Small-Medium,200,OK,true,102712,139,24,24,13,0,0
1637865877591,344,Large,200,OK,true,1048891,137,24,24,9,0,0
1637865877362,574,Large,200,OK,true,1048891,137,24,24,9,0,0
1637865876461,1478,Large,200,OK,true,1048891,137,24,24,7,0,0
1637865877919,36,Small,200,OK,true,51511,138,24,24,8,0,0
1637865877936,26,Small,200,OK,true,51511,138,24,24,8,0,0
1637865877936,27,Small,200,OK,true,51511,138,24,24,9,0,0
1637865877921,44,Small-Medium,200,OK,true,102713,139,24,24,8,0,0
1637865877854,112,Medium,200,OK,true,307512,139,24,24,8,0,0
1637865877891,82,Medium,200,OK,true,307513,139,24,24,12,0,0
1637865877919,68,Small,200,OK,true,51511,138,24,24,9,0,0
1637865877963,31,Small,200,OK,true,51511,138,24,24,8,0,0
1637865877882,127,Medium-Large,200,OK,true,512313,139,24,24,7,0,0
1637865877641,370,Medium,200,OK,true,307513,139,24,24,10,0,0
1637865877939,74,Small,200,OK,true,51511,138,24,24,9,0,0
1637865877923,91,Medium,200,OK,true,307513,139,24,24,9,0,0
1637865877378,638,Large,200,OK,true,1048891,137,24,24,10,0,0
1637865877871,145,Medium,200,OK,true,307513,139,24,24,12,0,0
1637865878013,27,Small,200,OK,true,51511,138,24,24,9,0,0
1637865877785,256,Large,200,OK,true,1048891,137,24,24,10,0,0
1637865878019,29,Small-Medium,200,OK,true,102713,139,24,24,10,0,0
1637865877988,85,Medium,200,OK,true,307513,139,24,24,14,0,0
1637865877327,746,Medium-Large,200,OK,true,512313,139,24,24,9,0,0
1637865878032,44,Small-Medium,200,OK,true,102713,139,24,24,9,0,0
1637865877805,285,Large,200,OK,true,1048891,137,24,24,10,0,0
1637865878058,34,Small,200,OK,true,51511,138,24,24,10,0,0
1637865878009,89,Medium,200,OK,true,307513,139,24,24,8,0,0
1637865878084,25,Small-Medium,200,OK,true,102713,139,24,24,8,0,0
1637865878091,33,Small-Medium,200,OK,true,102713,139,24,24,9,0,0
1637865878115,26,Small,200,OK,true,51511,138,24,24,9,0,0
1637865877990,160,Medium-Large,200,OK,true,512277,139,24,24,8,0,0
1637865878110,43,Small-Medium,200,OK,true,102713,139,24,24,9,0,0
1637865877532,622,Large,200,OK,true,1048891,137,24,24,13,0,0
1637865877884,272,Large,200,OK,true,1048891,137,24,24,9,0,0
1637865878014,142,Small-Medium,200,OK,true,102713,139,24,24,8,0,0
1637865878156,25,Small-Medium,200,OK,true,102713,139,24,24,8,0,0
1637865878018,176,Medium-Large,200,OK,true,512313,139,24,24,10,0,0
1637865878156,70,Small,200,OK,true,51511,138,24,24,9,0,0
1637865878017,220,Medium-Large,200,OK,true,512313,139,24,24,7,0,0
1637865878194,44,Small-Medium,200,OK,true,102713,139,24,24,9,0,0
1637865878105,134,Medium-Large,200,OK,true,512313,139,24,24,12,0,0
1637865878128,116,Medium,200,OK,true,307513,139,24,24,7,0,0
1637865878211,34,Small-Medium,200,OK,true,102713,139,24,24,8,0,0
1637865878252,19,Small,200,OK,true,51511,138,24,24,10,0,0
1637865877828,451,Large,200,OK,true,1048891,137,24,24,9,0,0
1637865878155,137,Medium,200,OK,true,307513,139,24,24,7,0,0
1637865878187,106,Medium,200,OK,true,307513,139,24,24,9,0,0
1637865878150,155,Medium-Large,200,OK,true,512314,139,24,24,16,0,8
1637865878041,271,Large,200,OK,true,1048891,137,24,24,10,0,0
1637865878293,20,Small,200,OK,true,51511,138,24,24,11,0,0
1637865878306,31,Small,200,OK,true,51511,138,24,24,12,0,0
1637865878312,38,Small-Medium,200,OK,true,102713,139,24,24,10,0,0
1637865878154,200,Medium,200,OK,true,307513,139,24,24,7,0,0
1637865877966,400,Large,200,OK,true,1048890,137,24,24,8,0,0
1637865878347,28,Small-Medium,200,OK,true,102713,139,24,24,9,0,0
1637865878244,136,Medium,200,OK,true,307513,139,24,24,8,0,0
1637865878239,142,Medium-Large,200,OK,true,512313,139,24,24,8,0,0
1637865878366,25,Small,200,OK,true,51510,138,24,24,10,0,0
1637865878253,146,Small-Medium,200,OK,true,102713,139,24,24,10,0,0
1637865878237,165,Medium,200,OK,true,307513,139,24,24,8,0,0
1637865878381,37,Small-Medium,200,OK,true,102713,139,24,24,10,0,0
1637865878403,30,Small-Medium,200,OK,true,102713,139,24,24,10,0,0
1637865878179,264,Large,200,OK,true,1048891,137,24,24,7,0,0
1637865878206,260,Medium-Large,200,OK,true,512313,139,24,24,9,0,0
1637865877804,663,Large,200,OK,true,1048892,137,24,24,18,0,8
1637865878443,28,Small-Medium,200,OK,true,102713,139,24,24,8,0,0
1637865878290,207,Medium-Large,200,OK,true,512313,139,24,24,10,0,0
1637865878032,490,Large,200,OK,true,1048891,137,24,24,10,0,0
1637865878292,245,Medium-Large,200,OK,true,512313,139,24,24,10,0,0
1637865878073,466,Medium,200,OK,true,307513,139,24,24,8,0,0
1637865878467,88,Medium,200,OK,true,307513,139,24,24,11,0,0
1637865878388,175,Medium-Large,200,OK,true,512313,139,24,24,9,0,0
1637865878354,210,Medium,200,OK,true,307513,139,24,24,9,0,0
1637865878477,105,Medium,200,OK,true,307513,139,25,25,10,0,0
1637865878305,286,Large,200,OK,true,1048891,137,25,25,8,0,0
1637865878444,154,Medium-Large,200,OK,true,512313,139,25,25,9,0,0
1637865878583,39,Small-Medium,200,OK,true,102713,139,25,25,8,0,0
1637865878540,90,Medium,200,OK,true,307513,139,25,25,9,0,0
1637865877235,1424,Large,200,OK,true,1048891,137,25,25,10,0,0
1637865878499,194,Medium-Large,200,OK,true,512313,139,25,25,12,0,0
1637865878402,292,Medium-Large,200,OK,true,512313,139,25,25,9,0,0
1637865878017,680,Large,200,OK,true,1048890,137,25,25,13,0,0
1637865878682,31,Small,200,OK,true,51511,138,25,25,9,0,0
1637865878539,178,Small-Medium,200,OK,true,102713,139,25,25,10,0,0
1637865878563,157,Medium-Large,200,OK,true,512313,139,25,25,8,0,0
1637865878720,17,Small,200,OK,true,51511,138,25,25,8,0,0
1637865878693,48,Small-Medium,200,OK,true,102713,139,25,25,12,0,0
1637865878694,67,Small-Medium,200,OK,true,102713,139,25,25,11,0,0
1637865878011,751,Medium-Large,200,OK,true,512313,139,25,25,9,0,0
1637865878408,357,Large,200,OK,true,1048891,137,25,25,9,0,0
1637865878697,75,Small-Medium,200,OK,true,102712,139,25,25,11,0,0
1637865878565,222,Medium,200,OK,true,307513,139,25,25,8,0,0
1637865878640,149,Medium-Large,200,OK,true,512313,139,25,25,12,0,0
1637865878279,515,Large,200,OK,true,1048891,137,25,25,8,0,0
1637865878380,450,Large,200,OK,true,1048891,137,25,25,7,0,0
1637865878797,50,Small,200,OK,true,51510,138,25,25,11,0,0
1637865878795,70,Small-Medium,200,OK,true,102713,139,25,25,9,0,0
1637865878789,94,Medium,200,OK,true,307513,139,25,25,9,0,0
1637865878782,115,Medium,200,OK,true,307513,139,25,25,9,0,0
1637865878598,312,Large,200,OK,true,1048891,137,25,25,11,0,0
1637865878591,319,Large,200,OK,true,1048891,137,25,25,9,0,0
1637865878819,91,Medium,200,OK,true,307513,139,25,25,9,0,0
1637865878563,358,Large,200,OK,true,1048891,137,25,25,12,0,0
1637865878765,168,Medium-Large,200,OK,true,512313,139,25,25,9,0,0
1637865878895,40,Small,200,OK,true,51511,138,25,25,11,0,0
1637865878910,32,Small-Medium,200,OK,true,102713,139,25,25,11,0,0
1637865878898,50,Small,200,OK,true,51510,138,25,25,13,0,0
1637865878933,39,Small-Medium,200,OK,true,102713,139,25,25,11,0,0
1637865878889,85,Medium,200,OK,true,307513,139,25,25,9,0,0
1637865878795,180,Medium-Large,200,OK,true,512313,139,25,25,11,0,0
1637865878466,512,Large,200,OK,true,1048891,137,25,25,9,0,0
1637865878795,195,Medium,200,OK,true,307513,139,25,25,13,0,0
1637865878787,203,Medium,200,OK,true,307513,139,25,25,8,0,0
1637865878975,16,Small,200,OK,true,51511,138,25,25,8,0,0
1637865878831,162,Medium,200,OK,true,307513,139,25,25,10,0,0
1637865878978,19,Small,200,OK,true,51511,138,25,25,9,0,0
1637865878921,86,Medium,200,OK,true,307513,139,25,25,10,0,0
1637865878463,548,Large,200,OK,true,1048855,137,25,25,8,0,0
1637865878497,519,Large,200,OK,true,1048891,137,25,25,10,0,0
1637865878995,34,Small,200,OK,true,51511,138,25,25,9,0,0
1637865878921,110,Medium,200,OK,true,307513,139,25,25,14,0,0
1637865879009,27,Small-Medium,200,OK,true,102713,139,25,25,8,0,0
1637865878910,138,Medium-Large,200,OK,true,512313,139,25,25,9,0,0
1637865878999,60,Small-Medium,200,OK,true,102712,139,25,25,9,0,0
1637865878989,72,Medium,200,OK,true,307513,139,25,25,10,0,0
1637865878573,492,Medium,200,OK,true,307514,139,25,25,21,0,11
1637865879034,34,Small-Medium,200,OK,true,102713,139,25,25,8,0,0
1637865878537,547,Large,200,OK,true,1048891,137,25,25,8,0,0
1637865878993,96,Medium,200,OK,true,307513,139,25,25,10,0,0
1637865879076,25,Small-Medium,200,OK,true,102713,139,25,25,9,0,0
1637865879093,26,Small,200,OK,true,51511,138,25,25,9,0,0
1637865879048,76,Medium,200,OK,true,307513,139,25,25,8,0,0
1637865878990,153,Medium,200,OK,true,307513,139,25,25,10,0,0
1637865879094,54,Small-Medium,200,OK,true,102713,139,25,25,10,0,0
1637865878522,643,Large,200,OK,true,1048891,137,25,25,10,0,0
1637865878897,268,Large,200,OK,true,1048891,137,25,25,11,0,0
1637865878762,407,Medium,200,OK,true,307513,139,25,25,9,0,0
1637865879148,29,Small,200,OK,true,51511,138,25,25,16,0,0
1637865879143,45,Small,200,OK,true,51511,138,25,25,22,0,0
1637865879031,159,Medium-Large,200,OK,true,512313,139,25,25,8,0,0
1637865879190,38,Small-Medium,200,OK,true,102713,139,25,25,8,0,0
1637865877664,1569,Large,200,OK,true,1048891,137,25,25,9,0,0
1637865879110,133,Medium-Large,200,OK,true,512313,139,25,25,9,0,0
1637865879244,29,Small-Medium,200,OK,true,102713,139,25,25,9,0,0
1637865879020,273,Large,200,OK,true,1048891,137,25,25,10,0,0
1637865879133,173,Medium-Large,200,OK,true,512313,139,25,25,9,0,0
1637865879193,128,Medium,200,OK,true,307513,139,25,25,9,0,0
1637865879097,225,Medium,200,OK,true,307512,139,25,25,11,0,0
1637865879165,160,Medium-Large,200,OK,true,512313,139,25,25,11,0,0
1637865879306,26,Small,200,OK,true,51511,138,25,25,9,0,0
1637865879325,18,Small,200,OK,true,51511,138,25,25,10,0,0
1637865879088,258,Large,200,OK,true,1048891,137,25,25,9,0,0
1637865878659,694,Medium-Large,200,OK,true,512313,139,25,25,11,0,0
1637865879248,109,Medium,200,OK,true,307513,139,25,25,9,0,0
1637865879346,27,Small-Medium,200,OK,true,102713,139,25,25,7,0,0
1637865879344,35,Small-Medium,200,OK,true,102713,139,25,25,8,0,0
1637865879290,113,Medium,200,OK,true,307513,139,25,25,10,0,0
1637865879016,393,Large,200,OK,true,1048891,137,25,25,10,0,0
1637865879403,17,Small,200,OK,true,51511,138,25,25,9,0,0
1637865879406,26,Small-Medium,200,OK,true,102713,139,25,25,7,0,0
1637865879293,141,Medium-Large,200,OK,true,512313,139,25,25,10,0,0
1637865879409,27,Small,200,OK,true,51511,138,25,25,9,0,0
1637865879424,22,Small,200,OK,true,51511,138,25,25,9,0,0
1637865879434,14,Small,200,OK,true,51511,138,25,25,7,0,0
1637865879165,285,Medium-Large,200,OK,true,512313,139,25,25,12,0,0
1637865879011,466,Medium,200,OK,true,307514,139,25,25,18,0,8
1637865879444,34,Small-Medium,200,OK,true,102713,139,25,25,9,0,0
1637865879451,31,Small,200,OK,true,51511,138,25,25,9,0,0
1637865879322,169,Medium,200,OK,true,307512,139,25,25,8,0,0
1637865879174,317,Large,200,OK,true,1048891,137,25,25,10,0,0
1637865879492,16,Small,200,OK,true,51511,138,25,25,8,0,0
1637865879170,360,Medium,200,OK,true,307513,139,25,25,8,0,0
1637865879478,56,Small-Medium,200,OK,true,102713,139,25,25,6,0,0
1637865879079,455,Large,200,OK,true,1048891,137,25,25,9,0,0
1637865879508,27,Small,200,OK,true,51511,138,25,25,9,0,0
1637865879525,16,Small,200,OK,true,51511,138,25,25,8,0,0
1637865879447,113,Medium-Large,200,OK,true,512313,139,25,25,9,0,0
1637865879065,498,Medium-Large,200,OK,true,512313,139,25,25,8,0,0
1637865879543,38,Small-Medium,200,OK,true,102713,139,25,25,11,0,0
1637865878990,595,Large,200,OK,true,1048891,137,25,25,11,0,0
1637865879084,506,Large,200,OK,true,1048891,137,25,25,9,0,0
1637865879505,96,Medium,200,OK,true,307513,139,25,25,9,0,0
1637865878035,1572,Large,200,OK,true,1048891,137,25,25,9,0,0
1637865879591,19,Small,200,OK,true,51511,138,25,25,10,0,0
1637865879357,261,Large,200,OK,true,1048891,137,25,25,10,0,0
1637865879586,35,Small,200,OK,true,51510,138,25,25,8,0,0
1637865879606,28,Small,200,OK,true,51511,138,25,25,11,0,0
1637865879618,18,Small,200,OK,true,51511,138,25,25,9,0,0
1637865879625,20,Small,200,OK,true,51511,138,25,25,11,0,0
1637865879579,68,Small-Medium,200,OK,true,102713,139,25,25,8,0,0
1637865879322,331,Large,200,OK,true,1048891,137,25,25,11,0,0
1637865879491,170,Medium,200,OK,true,307512,139,25,25,8,0,0
1637865879502,162,Medium-Large,200,OK,true,512313,139,25,25,8,0,0
1637865879195,469,Large,200,OK,true,1048891,137,25,25,9,0,0
1637865879233,434,Medium,200,OK,true,307513,139,25,25,9,0,0
1637865879535,148,Medium,200,OK,true,307513,139,25,25,9,0,0
1637865879561,127,Medium-Large,200,OK,true,512313,139,25,25,7,0,0
1637865879563,148,Medium,200,OK,true,307513,139,25,25,10,0,0
1637865879689,27,Small-Medium,200,OK,true,102713,139,25,25,8,0,0
1637865879684,42,Small-Medium,200,OK,true,102713,139,25,25,7,0,0
1637865879686,44,Small,200,OK,true,51510,138,25,25,7,0,0
1637865879243,490,Large,200,OK,true,1048891,137,25,25,8,0,0
1637865879661,76,Small-Medium,200,OK,true,102712,139,25,25,12,0,0
1637865879705,36,Small-Medium,200,OK,true,102713,139,25,25,10,0,0
1637865879717,37,Small-Medium,200,OK,true,102713,139,25,25,10,0,0
1637865879653,112,Medium,200,OK,true,307513,139,25,25,8,0,0
1637865879609,161,Medium-Large,200,OK,true,512313,139,25,25,8,0,0
1637865879535,250,Large,200,OK,true,1048891,137,25,25,7,0,0
1637865879724,88,Medium,200,OK,true,307513,139,25,25,10,0,0
1637865879785,32,Small-Medium,200,OK,true,102713,139,25,25,10,0,0
1637865879784,37,Small,200,OK,true,51511,138,25,25,10,0,0
1637865879664,170,Medium-Large,200,OK,true,512313,139,25,25,10,0,0
1637865878399,1436,Large,200,OK,true,1048891,137,25,25,9,0,0
1637865879818,37,Small-Medium,200,OK,true,102713,139,25,25,8,0,0
1637865879785,72,Small-Medium,200,OK,true,102712,139,25,25,12,0,0
1637865879733,126,Medium,200,OK,true,307513,139,25,25,10,0,0
1637865879766,116,Medium,200,OK,true,307513,139,25,25,7,0,0
1637865879859,27,Small,200,OK,true,51511,138,25,25,11,0,0
1637865879530,371,Medium,200,OK,true,307513,139,25,25,9,0,0
1637865879885,20,Small,200,OK,true,51511,138,25,25,9,0,0
1637865879806,106,Medium,200,OK,true,307513,139,25,25,9,0,0
1637865879788,137,Medium-Large,200,OK,true,512313,139,25,25,12,0,0
1637865879886,45,Small,200,OK,true,51510,138,25,25,9,0,0
1637865879912,19,Small,200,OK,true,51511,138,25,25,8,0,0
1637865879925,18,Small,200,OK,true,51511,138,25,25,10,0,0
1637865879644,299,Large,200,OK,true,1048891,137,25,25,8,0,0
1637865879825,142,Medium-Large,200,OK,true,512313,139,25,25,8,0,0
1637865879761,206,Medium,200,OK,true,307477,139,25,25,9,0,0
1637865879834,154,Medium-Large,200,OK,true,512313,139,25,25,10,0,0
1637865879712,277,Medium-Large,200,OK,true,512313,139,25,25,9,0,0
1637865879958,36,Small,200,OK,true,51511,138,25,25,10,0,0
1637865879677,323,Medium-Large,200,OK,true,512313,139,25,25,11,0,0
1637865879943,81,Medium,200,OK,true,307513,139,25,25,9,0,0
1637865879901,126,Small-Medium,200,OK,true,102713,139,25,25,10,0,0
1637865879986,45,Small,200,OK,true,51510,138,25,25,9,0,0
1637865879884,147,Medium,200,OK,true,307513,139,25,25,9,0,0
1637865879691,344,Large,200,OK,true,1048891,137,25,25,8,0,0
1637865880027,17,Small,200,OK,true,51511,138,25,25,8,0,0
1637865879550,500,Large,200,OK,true,1048891,137,25,25,10,0,0
1637865879967,84,Medium,200,OK,true,307513,139,25,25,9,0,0
1637865880000,77,Small-Medium,200,OK,true,102713,139,25,25,10,0,0
1637865879590,494,Large,200,OK,true,1048891,137,25,25,9,0,0
1637865880059,30,Small,200,OK,true,51511,138,25,25,18,0,0
1637865879667,444,Medium,200,OK,true,307513,139,25,25,10,0,0
1637865880050,66,Small-Medium,200,OK,true,102713,139,25,25,9,0,0
1637865879770,393,Large,200,OK,true,1048891,137,25,25,8,0,0
1637865880011,168,Medium-Large,200,OK,true,512313,139,25,25,9,0,0
1637865879664,521,Large,200,OK,true,1048891,137,25,25,8,0,0
1637865880151,39,Small,200,OK,true,51511,138,25,25,10,0,0
1637865880179,42,Small-Medium,200,OK,true,102713,139,25,25,10,0,0
1637865880185,66,Small-Medium,200,OK,true,102713,139,25,25,11,0,0
1637865879918,334,Large,200,OK,true,1048891,137,25,25,10,0,0
1637865879985,296,Large,200,OK,true,1048891,137,25,25,8,0,0
1637865879989,294,Medium-Large,200,OK,true,512313,139,25,25,9,0,0
1637865878717,1578,Large,200,OK,true,1048891,137,25,25,9,0,0
1637865880251,47,Small,200,OK,true,51511,138,25,25,10,0,0
1637865880284,29,Small,200,OK,true,51511,138,25,25,8,0,0
1637865879883,448,Large,200,OK,true,1048891,137,25,25,7,0,0
1637865880101,243,Medium,200,OK,true,307513,139,25,25,10,0,0
1637865879988,358,Large,200,OK,true,1048891,137,25,25,9,0,0
1637865880084,271,Medium-Large,200,OK,true,512313,139,25,25,9,0,0
1637865880035,323,Large,200,OK,true,1048891,137,25,25,9,0,0
1637865880346,19,Small,200,OK,true,51511,138,25,25,9,0,0
1637865880252,114,Medium,200,OK,true,307513,139,25,25,10,0,0
1637865879607,777,Medium-Large,200,OK,true,512313,139,25,25,9,0,0
1637865880366,21,Small,200,OK,true,51511,138,25,25,10,0,0
1637865880358,38,Small-Medium,200,OK,true,102713,139,25,25,9,0,0
1637865880043,360,Large,200,OK,true,1048891,137,25,25,10,0,0
1637865880067,337,Large,200,OK,true,1048891,137,25,25,16,0,0
1637865880125,300,Large,200,OK,true,1048891,137,25,25,10,0,0
1637865880404,21,Small,200,OK,true,51511,138,25,25,9,0,0
1637865880163,264,Medium-Large,200,OK,true,512313,139,25,25,9,0,0
1637865880027,410,Medium,200,OK,true,307513,139,25,25,9,0,0
1637865880086,354,Medium-Large,200,OK,true,512312,139,25,25,8,0,0
1637865880280,162,Medium-Large,200,OK,true,512313,139,25,25,7,0,0
1637865880384,62,Small-Medium,200,OK,true,102713,139,25,25,10,0,0
1637865880442,24,Small,200,OK,true,51511,138,25,25,22,0,0
1637865880440,51,Small,200,OK,true,51510,138,25,25,10,0,0
1637865880331,168,Medium-Large,200,OK,true,512313,139,25,25,10,0,0
1637865879967,554,Large,200,OK,true,1048892,137,25,25,18,0,9
1637865880503,20,Small,200,OK,true,51511,138,25,25,10,0,0
1637865880356,176,Medium,200,OK,true,307513,139,25,25,9,0,0
1637865880499,38,Small-Medium,200,OK,true,102713,139,25,25,10,0,0
1637865880465,85,Medium,200,OK,true,307513,139,25,25,11,0,0
1637865880384,170,Small-Medium,200,OK,true,102713,139,25,25,10,0,0
1637865880404,155,Medium-Large,200,OK,true,512313,139,25,25,8,0,0
1637865880032,532,Large,200,OK,true,1048891,137,25,25,9,0,0
1637865880521,44,Small-Medium,200,OK,true,102713,139,25,25,8,0,0
1637865880464,107,Medium,200,OK,true,307513,139,25,25,12,0,0
1637865880281,293,Large,200,OK,true,1048891,137,25,25,8,0,0
1637865879836,738,Medium-Large,200,OK,true,512313,139,25,25,10,0,0
1637865880541,37,Small-Medium,200,OK,true,102713,139,25,25,12,0,0
1637865880437,145,Small-Medium,200,OK,true,102713,139,25,25,8,0,0
1637865880571,19,Small,200,OK,true,51511,138,25,25,9,0,0
1637865880540,59,Small-Medium,200,OK,true,102712,139,25,25,10,0,0
1637865880574,27,Small-Medium,200,OK,true,102713,139,25,25,10,0,0
1637865880446,164,Medium-Large,200,OK,true,512313,139,25,25,18,0,0
1637865880554,77,Small,200,OK,true,51511,138,25,25,8,0,0
1637865880574,58,Small,200,OK,true,51511,138,25,25,9,0,0
1637865880604,32,Small-Medium,200,OK,true,102713,139,25,25,7,0,0
1637865880582,57,Small,200,OK,true,51511,138,25,25,10,0,0
1637865880610,33,Small-Medium,200,OK,true,102713,139,25,25,9,0,0
1637865880158,507,Large,200,OK,true,1048891,137,25,25,12,0,0
1637865880425,240,Large,200,OK,true,1048891,137,25,25,8,0,0
1637865880670,31,Small,200,OK,true,51511,138,25,25,8,0,0
1637865880564,139,Medium,200,OK,true,307513,139,25,25,8,0,0
1637865880566,150,Medium-Large,200,OK,true,512313,139,25,25,8,0,0
1637865880600,116,Medium,200,OK,true,307513,139,25,25,7,0,0
1637865880703,29,Small,200,OK,true,51511,138,25,25,9,0,0
1637865880665,73,Small-Medium,200,OK,true,102713,139,25,25,9,0,0
1637865880654,84,Small,200,OK,true,51511,138,25,25,9,0,0
1637865880665,75,Medium,200,OK,true,307513,139,25,25,7,0,0
1637865879353,1391,Large,200,OK,true,1048891,137,25,25,9,0,0
1637865880621,136,Medium,200,OK,true,307513,139,25,25,10,0,0
1637865880296,473,Medium,200,OK,true,307513,139,25,25,10,0,0
1637865880642,136,Medium-Large,200,OK,true,512313,139,25,25,8,0,0
1637865880284,495,Large,200,OK,true,1048891,137,25,25,9,0,0
1637865880757,47,Small-Medium,200,OK,true,102713,139,25,25,9,0,0
1637865880779,28,Small,200,OK,true,51511,138,25,25,8,0,0
1637865880716,101,Medium,200,OK,true,307513,139,25,25,9,0,0
1637865880804,18,Small,200,OK,true,51511,138,25,25,9,0,0
1637865880766,63,Small-Medium,200,OK,true,102713,139,25,25,8,0,0
1637865880640,191,Medium,200,OK,true,307512,139,25,25,7,0,0
1637865880766,73,Medium,200,OK,true,307513,139,25,25,8,0,0
1637865880674,171,Medium-Large,200,OK,true,512313,139,25,25,15,0,0
1637865880427,418,Large,200,OK,true,1048891,137,25,25,8,0,0
1637865880716,131,Medium,200,OK,true,307513,139,25,25,12,0,0
1637865880771,91,Medium,200,OK,true,307513,139,25,25,8,0,0
1637865880845,18,Small,200,OK,true,51511,138,25,25,9,0,0
1637865880831,33,Small,200,OK,true,51475,138,25,25,9,0,0
1637865880778,91,Medium,200,OK,true,307513,139,25,25,9,0,0
1637865880560,316,Large,200,OK,true,1048891,137,25,25,11,0,0
1637865880112,778,Medium-Large,200,OK,true,512313,139,25,25,9,0,0
1637865880845,49,Small-Medium,200,OK,true,102713,139,25,25,16,0,0
1637865880878,19,Small,200,OK,true,51511,138,25,25,10,0,0
1637865880865,36,Small,200,OK,true,51511,138,25,25,7,0,0
1637865880877,36,Small-Medium,200,OK,true,102712,139,25,25,9,0,0
1637865880351,584,Large,200,OK,true,1048891,137,25,25,9,0,0
1637865880865,78,Medium,200,OK,true,307513,139,25,25,9,0,0
1637865880703,244,Medium-Large,200,OK,true,512313,139,25,25,9,0,0
1637865880344,618,Large,200,OK,true,1048891,137,25,25,9,0,0
1637865880945,35,Small,200,OK,true,51511,138,25,25,8,0,0
1637865880966,29,Small,200,OK,true,51511,138,25,25,9,0,0
1637865880978,39,Small-Medium,200,OK,true,102713,139,25,25,10,0,0
1637865880871,149,Medium-Large,200,OK,true,512313,139,25,25,11,0,0
1637865880710,315,Large,200,OK,true,1048891,137,25,25,9,0,0
1637865880977,48,Small-Medium,200,OK,true,102712,139,25,25,11,0,0
1637865880484,543,Large,200,OK,true,1048891,137,25,25,9,0,0
1637865881021,15,Small,200,OK,true,51511,138,25,25,6,0,0
1637865880847,191,Medium-Large,200,OK,true,512313,139,25,25,11,0,0
1637865880858,180,Medium-Large,200,OK,true,512313,139,25,25,8,0,0
1637865880903,139,Medium-Large,200,OK,true,512313,139,25,25,9,0,0
1637865880944,98,Medium,200,OK,true,307513,139,25,25,8,0,0
1637865880966,81,Medium,200,OK,true,307513,139,25,25,10,0,0
1637865880890,160,Small-Medium,200,OK,true,102713,139,25,25,10,0,0
1637865881045,27,Small,200,OK,true,51511,138,25,25,9,0,0
1637865880532,540,Large,200,OK,true,1048891,137,25,25,10,0,0
1637865880947,128,Medium,200,OK,true,307513,139,25,25,9,0,0
1637865881038,58,Small-Medium,200,OK,true,102713,139,25,25,10,0,0
1637865881078,26,Small,200,OK,true,51511,138,25,25,7,0,0
1637865880817,290,Large,200,OK,true,1048891,137,25,25,9,0,0
1637865881072,64,Medium,200,OK,true,307513,139,25,25,8,0,0
1637865881120,32,Small-Medium,200,OK,true,102713,139,25,25,10,0,0
1637865880744,412,Medium,200,OK,true,307513,139,25,25,11,0,0
1637865881140,23,Small,200,OK,true,51511,138,25,25,6,0,0
1637865881077,101,Medium,200,OK,true,307512,139,25,25,7,0,0
1637865881166,19,Small,200,OK,true,51511,138,25,25,10,0,0
1637865881045,143,Medium,200,OK,true,307513,139,25,25,10,0,0
1637865881178,18,Small,200,OK,true,51511,138,25,25,8,0,0
1637865881050,147,Small-Medium,200,OK,true,102713,139,25,25,22,0,0
1637865880935,274,Medium-Large,200,OK,true,512313,139,25,25,9,0,0
1637865881107,105,Medium,200,OK,true,307513,139,25,25,8,0,0
1637865881038,181,Medium-Large,200,OK,true,512313,139,25,25,8,0,0
1637865880931,290,Large,200,OK,true,1048892,137,25,25,16,0,8
1637865880769,464,Medium,200,OK,true,307513,139,25,25,9,0,0
1637865881219,34,Small,200,OK,true,51511,138,25,25,9,0,0
1637865881145,110,Medium,200,OK,true,307513,139,25,25,7,0,0
1637865881209,68,Small-Medium,200,OK,true,102713,139,25,25,8,0,0
1637865881197,83,Small,200,OK,true,51511,138,25,25,9,0,0
1637865880962,328,Medium-Large,200,OK,true,512313,139,25,25,8,0,0
1637865881266,27,Small-Medium,200,OK,true,102713,139,25,25,9,0,0
1637865881221,77,Medium,200,OK,true,307513,139,25,25,12,0,0
1637865881277,35,Small-Medium,200,OK,true,102713,139,25,25,9,0,0
1637865881233,84,Small,200,OK,true,51511,138,25,25,16,0,0
1637865881027,291,Medium-Large,200,OK,true,512313,139,25,25,8,0,0
1637865881072,248,Medium-Large,200,OK,true,512313,139,25,25,7,0,0
1637865881178,163,Medium-Large,200,OK,true,512312,139,25,25,8,0,0
1637865881076,266,Medium-Large,200,OK,true,512313,139,25,25,13,0,0
1637865880673,700,Medium-Large,200,OK,true,512313,139,25,25,22,0,0
1637865881025,355,Large,200,OK,true,1048891,137,25,25,8,0,0
1637865881042,347,Large,200,OK,true,1048891,137,25,25,8,0,0
1637865881220,199,Medium-Large,200,OK,true,512313,139,25,25,10,0,0
1637865881188,252,Medium-Large,200,OK,true,512313,139,25,25,9,0,0
1637865881365,96,Medium,200,OK,true,307513,139,25,25,10,0,0
1637865880879,588,Large,200,OK,true,1048891,137,25,25,10,0,0
1637865881320,154,Medium-Large,200,OK,true,512313,139,25,25,10,0,0
1637865881466,17,Small,200,OK,true,51511,138,25,25,8,0,0
1637865881440,60,Small-Medium,200,OK,true,102713,139,25,25,9,0,0
1637865881389,116,Medium,200,OK,true,307513,139,25,25,11,0,0
1637865881474,31,Small-Medium,200,OK,true,102713,139,25,25,11,0,0
1637865881505,19,Small,200,OK,true,51511,138,25,25,8,0,0
1637865881380,166,Medium-Large,200,OK,true,512313,139,25,25,9,0,0
1637865881212,357,Large,200,OK,true,1048891,137,25,25,8,0,0
1637865881539,36,Small,200,OK,true,51511,138,25,25,9,0,0
1637865881317,260,Medium-Large,200,OK,true,512313,139,25,25,8,0,0
1637865881255,328,Large,200,OK,true,1048891,137,25,25,8,0,0
1637865881320,265,Medium-Large,200,OK,true,512313,139,25,25,9,0,0
1637865881318,291,Medium-Large,200,OK,true,512313,139,25,25,9,0,0
1637865881072,558,Large,200,OK,true,1048891,137,25,25,9,0,0
1637865881578,53,Small-Medium,200,OK,true,102713,139,25,25,8,0,0
1637865881310,332,Medium-Large,200,OK,true,512313,139,25,25,8,0,0
1637865881290,377,Medium-Large,200,OK,true,512313,139,25,25,9,0,0
1637865881609,58,Small-Medium,200,OK,true,102713,139,25,25,10,0,0
1637865881341,340,Large,200,OK,true,1048890,137,25,25,9,0,0
1637865881583,121,Medium,200,OK,true,307513,139,25,25,10,0,0
1637865881704,24,Small,200,OK,true,51511,138,25,25,8,0,0
1637865881585,158,Medium,200,OK,true,307513,139,25,25,11,0,0
1637865881378,368,Large,200,OK,true,1048891,137,25,25,9,0,0
1637865881570,177,Medium-Large,200,OK,true,512313,139,25,25,8,0,0
1637865881667,85,Small-Medium,200,OK,true,102713,139,25,25,9,0,0
1637865881708,57,Small-Medium,200,OK,true,102713,139,25,25,9,0,0
1637865881238,545,Large,200,OK,true,1048891,137,25,25,14,0,0
1637865881419,371,Large,200,OK,true,1048891,137,25,25,12,0,0
1637865881604,199,Medium-Large,200,OK,true,512313,139,25,25,9,0,0
1637865881630,174,Medium,200,OK,true,307513,139,25,25,10,0,0
1637865881743,64,Small-Medium,200,OK,true,102713,139,25,25,8,0,0
1637865881783,46,Small-Medium,200,OK,true,102713,139,25,25,9,0,0
1637865881342,512,Large,200,OK,true,1048891,137,25,25,9,0,0
1637865881156,708,Medium-Large,200,OK,true,512313,139,25,25,9,0,0
1637865881640,230,Medium-Large,200,OK,true,512313,139,25,25,9,0,0
1637865881854,24,Small,200,OK,true,51511,138,25,25,9,0,0
1637865881566,330,Large,200,OK,true,1048891,137,25,25,10,0,0
1637865881844,54,Small-Medium,200,OK,true,102713,139,25,25,8,0,0
1637865881791,122,Medium,200,OK,true,307513,139,25,25,8,0,0
1637865881809,142,Medium,200,OK,true,307513,139,25,25,8,0,0
1637865881574,387,Large,200,OK,true,1048891,137,25,25,9,0,0
1637865881642,336,Medium-Large,200,OK,true,512313,139,25,25,9,0,0
1637865881467,533,Large,200,OK,true,1048891,137,25,25,10,0,0
1637865881870,132,Medium,200,OK,true,307513,139,25,25,8,0,0
1637865881805,205,Medium-Large,200,OK,true,512313,139,25,25,9,0,0
1637865881766,245,Medium,200,OK,true,307513,139,25,25,11,0,0
1637865881978,46,Small,200,OK,true,51511,138,25,25,7,0,0
1637865881804,242,Medium-Large,200,OK,true,512313,139,25,25,8,0,0
1637865882011,40,Small,200,OK,true,51511,138,25,25,9,0,0
1637865881333,731,Medium-Large,200,OK,true,512313,139,25,25,9,0,0
1637865881679,400,Medium-Large,200,OK,true,512313,139,25,25,11,0,0
1637865881547,538,Large,200,OK,true,1048891,137,25,25,9,0,0
1637865881681,408,Large,200,OK,true,1048890,137,25,25,10,0,0
1637865881884,226,Medium-Large,200,OK,true,512313,139,25,25,8,0,0
1637865881951,160,Medium,200,OK,true,307513,139,25,25,8,0,0
1637865882085,39,Small,200,OK,true,51511,138,25,25,9,0,0
1637865882010,128,Medium,200,OK,true,307513,139,25,25,9,0,0
1637865882001,142,Medium,200,OK,true,307513,139,25,25,9,0,0
1637865882078,69,Small-Medium,200,OK,true,102713,139,25,25,8,0,0
1637865882080,71,Small-Medium,200,OK,true,102713,139,25,25,7,0,0
1637865881746,410,Large,200,OK,true,1048891,137,25,25,8,0,0
1637865882111,50,Small,200,OK,true,51511,138,25,25,9,0,0
1637865881748,419,Large,200,OK,true,1048891,137,25,25,8,0,0
1637865881961,208,Medium-Large,200,OK,true,512313,139,25,25,8,0,0
1637865880686,1497,Large,200,OK,true,1048891,137,25,25,11,0,0
1637865882047,144,Medium,200,OK,true,307513,139,25,25,8,0,0
1637865882156,37,Small-Medium,200,OK,true,102713,139,25,25,8,0,0
1637865881954,240,Medium-Large,200,OK,true,512313,139,25,25,8,0,0
1637865882143,53,Small-Medium,200,OK,true,102713,139,25,25,8,0,0
1637865882089,110,Medium,200,OK,true,307512,139,25,25,8,0,0
1637865881803,404,Large,200,OK,true,1048891,137,25,25,8,0,0
1637865882002,232,Medium-Large,200,OK,true,512313,139,25,25,9,0,0
1637865882199,37,Small-Medium,200,OK,true,102712,139,25,25,8,0,0
1637865881897,345,Large,200,OK,true,1048891,137,25,25,7,0,0
1637865882178,72,Small-Medium,200,OK,true,102713,139,25,25,9,0,0
1637865880755,1506,Large,200,OK,true,1048891,137,25,25,9,0,0
1637865882211,64,Small-Medium,200,OK,true,102713,139,25,25,8,0,0
1637865882244,36,Small,200,OK,true,51511,138,25,25,9,0,0
1637865882278,36,Small,200,OK,true,51511,138,25,25,9,0,0
1637865881913,403,Large,200,OK,true,1048891,137,25,25,8,0,0
1637865882208,110,Medium,200,OK,true,307513,139,25,25,8,0,0
1637865882138,185,Medium-Large,200,OK,true,512313,139,25,25,8,0,0
1637865882300,25,Small,200,OK,true,51510,138,25,25,7,0,0
1637865882110,220,Medium-Large,200,OK,true,512313,139,25,25,9,0,0
1637865882316,21,Small,200,OK,true,51511,138,25,25,9,0,0
1637865882167,172,Medium-Large,200,OK,true,512313,139,25,25,8,0,0
1637865882191,156,Medium,200,OK,true,307513,139,25,25,9,0,0
1637865882257,97,Medium,200,OK,true,307513,139,25,25,8,0,0
1637865882330,24,Small,200,OK,true,51511,138,25,25,8,0,0
1637865882179,202,Medium,200,OK,true,307513,139,25,25,8,0,0
1637865882358,41,Small-Medium,200,OK,true,102713,139,25,25,8,0,0
1637865882261,148,Small-Medium,200,OK,true,102713,139,25,25,8,0,0
1637865881944,489,Large,200,OK,true,1048891,137,25,25,8,0,0
1637865882194,248,Medium-Large,200,OK,true,512313,139,25,25,8,0,0
1637865882234,217,Medium-Large,200,OK,true,512313,139,25,25,9,0,0
1637865882382,78,Small-Medium,200,OK,true,102713,139,25,25,8,0,0
1637865882064,409,Medium,200,OK,true,307513,139,25,25,8,0,0
1637865882452,28,Small,200,OK,true,51511,138,25,25,9,0,0
1637865882430,51,Small-Medium,200,OK,true,102713,139,25,25,9,0,0
1637865882458,27,Small,200,OK,true,51511,138,25,25,8,0,0
1637865882344,145,Medium,200,OK,true,307513,139,25,25,8,0,0
1637865882348,143,Medium,200,OK,true,307513,139,25,25,9,0,0
1637865882183,308,Medium,200,OK,true,307513,139,25,25,7,0,0
1637865882323,176,Medium-Large,200,OK,true,512313,139,25,25,8,0,0
1637865882339,164,Medium-Large,200,OK,true,512313,139,25,25,9,0,0
1637865882318,185,Medium-Large,200,OK,true,512313,139,25,25,8,0,0
1637865882490,25,Small,200,OK,true,51511,138,25,25,8,0,0
1637865882169,351,Large,200,OK,true,1048891,137,25,25,8,0,0
1637865881864,662,Medium-Large,200,OK,true,512313,139,25,25,8,0,0
1637865882500,32,Small-Medium,200,OK,true,102713,139,25,25,8,0,0
1637865882504,34,Small-Medium,200,OK,true,102713,139,25,25,8,0,0
1637865882242,296,Large,200,OK,true,1048891,137,25,25,9,0,0
1637865882491,48,Small-Medium,200,OK,true,102713,139,25,25,8,0,0
1637865882492,59,Small,200,OK,true,51511,138,25,25,10,0,0
1637865882539,17,Small,200,OK,true,51511,138,25,25,9,0,0
1637865882443,133,Medium,200,OK,true,307513,139,25,25,8,0,0
1637865882552,39,Small-Medium,200,OK,true,102713,139,25,25,8,0,0
1637865882557,36,Small-Medium,200,OK,true,102713,139,25,25,9,0,0
1637865881374,1224,Large,200,OK,true,1048891,137,25,25,8,0,0
1637865882576,24,Small,200,OK,true,51511,138,25,25,8,0,0
1637865882112,498,Large,200,OK,true,1048891,137,25,25,9,0,0
1637865882474,145,Small-Medium,200,OK,true,102713,139,25,25,8,0,0
1637865882310,314,Medium-Large,200,OK,true,512313,139,25,25,8,0,0
1637865881297,1332,Large,200,OK,true,1048891,137,25,25,9,0,0
1637865882504,129,Medium-Large,200,OK,true,512313,139,25,25,9,0,0
1637865882592,52,Small-Medium,200,OK,true,102713,139,25,25,9,0,0
1637865882639,16,Small,200,OK,true,51511,138,25,25,9,0,0
1637865882482,176,Medium,200,OK,true,307513,139,25,25,9,0,0
1637865882185,473,Large,200,OK,true,1048891,137,25,25,8,0,0
1637865882522,137,Medium-Large,200,OK,true,512313,139,25,25,7,0,0
1637865882658,38,Small,200,OK,true,51511,138,25,25,9,0,0
1637865882658,41,Small-Medium,200,OK,true,102713,139,25,25,8,0,0
1637865882625,77,Small-Medium,200,OK,true,102713,139,25,25,9,0,0
1637865882599,110,Small-Medium,200,OK,true,102713,139,25,25,8,0,0
1637865882531,190,Medium-Large,200,OK,true,512313,139,25,25,8,0,0
1637865882400,329,Large,200,OK,true,1048855,137,25,25,8,0,0
1637865882633,114,Medium,200,OK,true,307513,139,25,25,9,0,0
1637865882418,331,Large,200,OK,true,1048891,137,25,25,9,0,0
1637865882721,28,Small,200,OK,true,51511,138,25,25,9,0,0
1637865882739,20,Small,200,OK,true,51511,138,25,25,13,0,0
1637865882604,162,Medium-Large,200,OK,true,512313,139,25,25,9,0,0
1637865882659,111,Medium,200,OK,true,307513,139,25,25,8,0,0
1637865882748,22,Small,200,OK,true,51511,138,25,25,7,0,0
1637865882599,177,Medium-Large,200,OK,true,512313,139,25,25,8,0,0
1637865882757,26,Small,200,OK,true,51511,138,25,25,8,0,0
1637865882709,76,Small,200,OK,true,51511,138,25,25,8,0,0
1637865882770,35,Small-Medium,200,OK,true,102713,139,25,25,9,0,0
1637865882591,234,Medium-Large,200,OK,true,512313,139,25,25,7,0,0
1637865882410,416,Medium,200,OK,true,307513,139,25,25,8,0,0
1637865882821,22,Small,200,OK,true,51511,138,25,25,8,0,0
1637865882839,15,Small,200,OK,true,51511,138,25,25,8,0,0
1637865882776,80,Medium,200,OK,true,307513,139,25,25,10,0,0
1637865882825,32,Small,200,OK,true,51511,138,25,25,8,0,0
1637865882767,141,Medium-Large,200,OK,true,512313,139,25,25,8,0,0
1637865882870,41,Small-Medium,200,OK,true,102713,139,25,25,8,0,0
1637865882434,480,Large,200,OK,true,1048891,137,25,25,8,0,0
1637865882939,19,Small,200,OK,true,51511,138,25,25,8,0,0
1637865882593,367,Medium,200,OK,true,307513,139,25,25,9,0,0
1637865882379,600,Large,200,OK,true,1048891,137,25,25,9,0,0
1637865882877,116,Medium,200,OK,true,307513,139,25,25,7,0,0
1637865882846,160,Medium-Large,200,OK,true,512313,139,25,25,8,0,0
1637865882970,42,Small-Medium,200,OK,true,102713,139,25,25,8,0,0
1637865882630,392,Medium,200,OK,true,307513,139,25,25,9,0,0
1637865882730,321,Medium-Large,200,OK,true,512314,139,25,25,21,0,8
1637865882653,403,Large,200,OK,true,1048891,137,25,25,11,0,0
1637865883039,18,Small,200,OK,true,51511,138,25,25,8,0,0
1637865882724,338,Medium-Large,200,OK,true,512313,139,25,25,9,0,0
1637865882611,467,Large,200,OK,true,1048891,137,25,25,8,0,0
1637865882749,346,Large,200,OK,true,1048891,137,25,25,7,0,0
1637865882993,126,Medium,200,OK,true,307513,139,25,25,8,0,0
1637865883006,130,Medium,200,OK,true,307513,139,25,25,9,0,0
1637865882659,478,Large,200,OK,true,1048891,137,25,25,10,0,0
1637865883095,43,Small-Medium,200,OK,true,102713,139,25,25,8,0,0
1637865883078,67,Small-Medium,200,OK,true,102713,139,25,25,9,0,0
1637865883138,18,Small,200,OK,true,51511,138,25,25,9,0,0
1637865883051,105,Medium,200,OK,true,307513,139,25,25,8,0,0
1637865883119,39,Small-Medium,200,OK,true,102713,139,25,25,8,0,0
1637865882925,234,Medium-Large,200,OK,true,512313,139,25,25,9,0,0
1637865882675,484,Large,200,OK,true,1048891,137,25,25,8,0,0
1637865882921,256,Medium-Large,200,OK,true,512313,139,25,25,7,0,0
1637865883136,41,Small-Medium,200,OK,true,102713,139,25,25,8,0,0
1637865883056,126,Medium,200,OK,true,307513,139,25,25,8,0,0
1637865882692,494,Large,200,OK,true,1048891,137,25,25,8,0,0
1637865883177,24,Small,200,OK,true,51511,138,25,25,8,0,0
1637865883177,34,Small,200,OK,true,51511,138,25,25,9,0,0
1637865883160,55,Small-Medium,200,OK,true,102713,139,25,25,8,0,0
1637865882857,360,Large,200,OK,true,1048891,137,25,25,9,0,0
1637865882826,410,Medium,200,OK,true,307513,139,25,25,9,0,0
1637865883217,36,Small-Medium,200,OK,true,102713,139,25,25,8,0,0
1637865883063,198,Medium,200,OK,true,307513,139,25,25,8,0,0
1637865883236,26,Small,200,OK,true,51511,138,25,25,8,0,0
1637865883240,26,Small-Medium,200,OK,true,102713,139,25,25,8,0,0
1637865882909,363,Large,200,OK,true,1048891,137,25,25,7,0,0
1637865882619,678,Medium-Large,200,OK,true,512313,139,25,25,8,0,0
1637865883261,37,Small,200,OK,true,51511,138,25,25,8,0,0
1637865883259,51,Small-Medium,200,OK,true,102713,139,25,25,7,0,0
1637865883272,39,Small-Medium,200,OK,true,102713,139,25,25,8,0,0
1637865883137,214,Medium-Large,200,OK,true,512313,139,25,25,9,0,0
1637865882809,547,Medium-Large,200,OK,true,512313,139,25,25,8,0,0
1637865882915,448,Large,200,OK,true,1048890,137,25,25,7,0,0
1637865883317,49,Small-Medium,200,OK,true,102713,139,25,25,8,0,0
1637865883196,172,Medium-Large,200,OK,true,512313,139,25,25,8,0,0
1637865883335,42,Small-Medium,200,OK,true,102713,139,25,25,9,0,0
1637865882758,632,Large,200,OK,true,1048891,137,25,25,16,0,0
1637865883070,323,Large,200,OK,true,1048891,137,25,25,9,0,0
1637865883022,377,Medium,200,OK,true,307513,139,25,25,8,0,0
1637865883351,58,Small-Medium,200,OK,true,102713,139,25,25,8,0,0
1637865883373,40,Small-Medium,200,OK,true,102713,139,25,25,10,0,0
1637865883364,59,Small-Medium,200,OK,true,102712,139,25,25,8,0,0
1637865883338,92,Medium,200,OK,true,307513,139,25,25,8,0,0
1637865883361,73,Small-Medium,200,OK,true,102713,139,25,25,8,0,0
1637865883156,287,Large,200,OK,true,1048891,137,25,25,9,0,0
1637865883418,36,Small-Medium,200,OK,true,102713,139,25,25,10,0,0
1637865883439,36,Small-Medium,200,OK,true,102713,139,25,25,8,0,0
1637865883277,214,Medium-Large,200,OK,true,512313,139,25,25,8,0,0
1637865882960,531,Medium-Large,200,OK,true,512313,139,25,25,9,0,0
1637865883453,41,Small,200,OK,true,51511,138,25,25,8,0,0
1637865883393,109,Medium,200,OK,true,307513,139,25,25,8,0,0
1637865883473,41,Small-Medium,200,OK,true,102713,139,25,25,9,0,0
1637865883502,27,Small,200,OK,true,51511,138,25,25,10,0,0
1637865883368,173,Medium-Large,200,OK,true,512313,139,25,25,8,0,0
1637865883436,117,Medium,200,OK,true,307513,139,25,25,8,0,0
1637865883539,21,Small,200,OK,true,51511,138,25,25,8,0,0
1637865883219,346,Large,200,OK,true,1048891,137,25,25,9,0,0
1637865883553,20,Small,200,OK,true,51511,138,25,25,9,0,0
1637865883182,402,Large,200,OK,true,1048891,137,25,25,9,0,0
1637865883551,39,Small,200,OK,true,51511,138,25,25,14,0,0
1637865882980,619,Large,200,OK,true,1048891,137,25,25,8,0,0
1637865883565,39,Small-Medium,200,OK,true,102713,139,25,25,9,0,0
1637865883359,247,Medium-Large,200,OK,true,512313,139,25,25,8,0,0
1637865883390,222,Medium-Large,200,OK,true,512313,139,25,25,11,0,0
1637865883573,41,Small-Medium,200,OK,true,102713,139,25,25,8,0,0
1637865883491,136,Medium,200,OK,true,307513,139,25,25,9,0,0
1637865883160,474,Large,200,OK,true,1048891,137,25,25,8,0,0
1637865883186,455,Large,200,OK,true,1048891,137,25,25,10,0,0
1637865883236,420,Medium,200,OK,true,307513,139,25,25,10,0,0
1637865883628,47,Small-Medium,200,OK,true,102713,139,25,25,7,0,0
1637865883651,36,Small,200,OK,true,51511,138,25,25,9,0,0
1637865883641,54,Small-Medium,200,OK,true,102713,139,25,25,9,0,0
1637865883462,244,Medium-Large,200,OK,true,512312,139,25,25,9,0,0
1637865883602,112,Medium,200,OK,true,307513,139,25,25,9,0,0
1637865883673,41,Small-Medium,200,OK,true,102713,139,25,25,8,0,0
1637865883541,179,Medium-Large,200,OK,true,512313,139,25,25,9,0,0
1637865882527,1200,Large,200,OK,true,1048891,137,25,25,9,0,0
1637865883606,141,Medium,200,OK,true,307513,139,25,25,8,0,0
1637865883444,311,Large,200,OK,true,1048891,137,25,25,7,0,0
1637865883278,481,Large,200,OK,true,1048891,137,25,25,8,0,0
1637865883585,184,Medium-Large,200,OK,true,512313,139,25,25,8,0,0
1637865883750,73,Small-Medium,200,OK,true,102713,139,25,25,9,0,0
1637865883600,225,Medium,200,OK,true,307513,139,25,25,9,0,0
1637865883714,119,Medium,200,OK,true,307513,139,25,25,8,0,0
1637865883706,148,Medium,200,OK,true,307512,139,25,25,8,0,0
1637865883727,129,Small-Medium,200,OK,true,102713,139,25,25,8,0,0
1637865883653,213,Medium-Large,200,OK,true,512313,139,25,25,8,0,0
1637865883664,205,Medium-Large,200,OK,true,512313,139,25,25,9,0,0
1637865883517,360,Large,200,OK,true,1048891,137,25,25,8,0,0
1637865883854,28,Small,200,OK,true,51510,138,25,25,9,0,0
1637865883728,160,Medium,200,OK,true,307513,139,25,25,8,0,0
1637865883773,126,Medium,200,OK,true,307513,139,25,25,9,0,0
1637865883851,65,Small-Medium,200,OK,true,102713,139,25,25,9,0,0
1637865883759,158,Medium,200,OK,true,307513,139,25,25,9,0,0
1637865883769,148,Medium,200,OK,true,307513,139,25,25,8,0,0
1637865883720,211,Medium-Large,200,OK,true,512313,139,25,25,10,0,0
1637865883357,582,Medium-Large,200,OK,true,512313,139,25,25,8,0,0
1637865883833,128,Medium,200,OK,true,307513,139,25,25,8,0,0
1637865883931,51,Small-Medium,200,OK,true,102713,139,25,25,9,0,0
1637865883743,241,Medium-Large,200,OK,true,512313,139,25,25,8,0,0
1637865883866,131,Medium,200,OK,true,307513,139,25,25,8,0,0
1637865883638,365,Large,200,OK,true,1048891,137,25,25,9,0,0
1637865883961,46,Small-Medium,200,OK,true,102713,139,25,25,10,0,0
1637865884003,23,Small,200,OK,true,51511,138,25,25,9,0,0
1637865883888,141,Medium,200,OK,true,307513,139,25,25,8,0,0
1637865883399,645,Medium-Large,200,OK,true,512313,139,25,25,8,0,0
1637865883918,142,Medium,200,OK,true,307513,139,25,25,9,0,0
1637865883869,211,Medium-Large,200,OK,true,512313,139,25,25,11,0,0
1637865883877,205,Medium-Large,200,OK,true,512313,139,25,25,8,0,0
1637865883917,167,Medium,200,OK,true,307513,139,25,25,8,0,0
1637865883954,140,Medium,200,OK,true,307512,139,25,25,9,0,0
1637865884082,21,Small,200,OK,true,51511,138,25,25,8,0,0
1637865883634,477,Large,200,OK,true,1048891,137,25,25,7,0,0
1637865884060,53,Small-Medium,200,OK,true,102713,139,25,25,9,0,0
1637865884044,72,Small,200,OK,true,51511,138,25,25,9,0,0
1637865884103,18,Small,200,OK,true,51511,138,25,25,8,0,0
1637865884080,43,Small-Medium,200,OK,true,102713,139,25,25,9,0,0
1637865883755,370,Large,200,OK,true,1048891,137,25,25,9,0,0
1637865883984,142,Medium,200,OK,true,307513,139,25,25,8,0,0
1637865884094,55,Small-Medium,200,OK,true,102712,139,25,25,8,0,0
1637865884029,135,Medium,200,OK,true,307513,139,25,25,9,0,0
1637865884061,107,Medium,200,OK,true,307513,139,25,25,9,0,0
1637865884126,48,Small-Medium,200,OK,true,102713,139,25,25,8,0,0
1637865883460,715,Large,200,OK,true,1048891,137,25,25,10,0,0
1637865883997,183,Medium-Large,200,OK,true,512313,139,25,25,7,0,0
1637865884168,23,Small,200,OK,true,51511,138,25,25,8,0,0
1637865884180,19,Small,200,OK,true,51511,138,25,25,9,0,0
1637865884175,26,Small,200,OK,true,51511,138,25,25,9,0,0
1637865884033,175,Medium-Large,200,OK,true,512313,139,25,25,9,0,0
1637865884180,35,Small-Medium,200,OK,true,102713,139,25,25,8,0,0
1637865883747,484,Large,200,OK,true,1048891,137,25,25,10,0,0
1637865884111,147,Medium,200,OK,true,307513,139,25,25,8,0,0
1637865883612,648,Large,200,OK,true,1048891,137,25,25,8,0,0
1637865883899,371,Large,200,OK,true,1048891,137,25,25,10,0,0
1637865884260,24,Small,200,OK,true,51511,138,25,25,9,0,0
1637865883940,350,Medium,200,OK,true,307513,139,25,25,8,0,0
1637865884258,33,Small,200,OK,true,51511,138,25,25,9,0,0
1637865884162,144,Medium,200,OK,true,307513,139,25,25,8,0,0
1637865884268,47,Small-Medium,200,OK,true,102713,139,25,25,8,0,0
1637865884271,51,Small-Medium,200,OK,true,102713,139,25,25,8,0,0
1637865884280,44,Small-Medium,200,OK,true,102713,139,25,25,8,0,0
1637865884306,42,Small-Medium,200,OK,true,102713,139,25,25,9,0,0
1637865884181,175,Medium-Large,200,OK,true,512313,139,25,25,9,0,0
1637865884226,150,Medium,200,OK,true,307513,139,25,25,8,0,0
1637865884208,178,Medium-Large,200,OK,true,512313,139,25,25,9,0,0
1637865883951,450,Large,200,OK,true,1048891,137,25,25,14,0,0
1637865884125,278,Large,200,OK,true,1048891,137,25,25,8,0,0
1637865884360,44,Small,200,OK,true,51511,138,25,25,9,0,0
1637865884380,28,Small,200,OK,true,51511,138,25,25,8,0,0
1637865884358,57,Small-Medium,200,OK,true,102713,139,25,25,9,0,0
1637865884196,230,Medium-Large,200,OK,true,512312,139,25,25,8,0,0
1637865883826,611,Large,200,OK,true,1048891,137,25,25,10,0,0
1637865884403,34,Small-Medium,200,OK,true,102713,139,25,25,8,0,0
1637865883856,594,Medium-Large,200,OK,true,512313,139,25,25,12,0,0
1637865884281,178,Medium-Large,200,OK,true,512313,139,25,25,8,0,0
1637865884426,43,Small-Medium,200,OK,true,102712,139,25,25,9,0,0
1637865884356,115,Medium,200,OK,true,307513,139,25,25,9,0,0
1637865884437,36,Small,200,OK,true,51511,138,25,25,8,0,0
1637865884368,110,Medium,200,OK,true,307513,139,25,25,9,0,0
1637865884458,33,Small,200,OK,true,51511,138,25,25,8,0,0
1637865884459,34,Small-Medium,200,OK,true,102713,139,25,25,8,0,0
1637865884387,107,Medium,200,OK,true,307513,139,25,25,8,0,0
1637865884202,294,Large,200,OK,true,1048891,137,25,25,9,0,0
1637865884478,24,Small,200,OK,true,51511,138,25,25,8,0,0
1637865884460,46,Small,200,OK,true,51511,138,25,25,10,0,0
1637865884494,17,Small,200,OK,true,51511,138,25,25,8,0,0
1637865884496,16,Small,200,OK,true,51511,138,25,25,8,0,0
1637865884401,116,Medium,200,OK,true,307513,139,25,25,8,0,0
1637865883492,1037,Large,200,OK,true,1048891,137,25,25,11,0,0
1637865884503,26,Small-Medium,200,OK,true,102713,139,25,25,9,0,0
1637865884370,166,Medium-Large,200,OK,true,512313,139,25,25,9,0,0
1637865884084,462,Large,200,OK,true,1048891,137,25,25,8,0,0
1637865884165,382,Large,200,OK,true,1048891,137,25,25,8,0,0
1637865884275,298,Medium-Large,200,OK,true,512313,139,26,26,10,0,0
1637865884527,57,Small-Medium,200,OK,true,102677,139,26,26,8,0,0
1637865884547,44,Small-Medium,200,OK,true,102713,139,26,26,9,0,0
1637865884546,49,Small-Medium,200,OK,true,102713,139,26,26,8,0,0
1637865884576,21,Small,200,OK,true,51511,138,26,26,9,0,0
1637865884573,28,Small,200,OK,true,51511,138,26,26,8,0,0
1637865884558,50,Small-Medium,200,OK,true,102713,139,26,26,8,0,0
1637865884471,139,Medium-Large,200,OK,true,512313,139,26,26,9,0,0
1637865884610,41,Small-Medium,200,OK,true,102713,139,26,26,9,0,0
1637865884231,446,Large,200,OK,true,1048890,137,26,26,8,0,0
1637865884571,113,Small-Medium,200,OK,true,102714,139,26,26,16,0,8
1637865883297,1399,Large,200,OK,true,1048891,137,26,26,8,0,0
1637865884518,180,Medium-Large,200,OK,true,512313,139,26,26,9,0,0
1637865884560,158,Medium-Large,200,OK,true,512313,139,26,26,10,0,0
1637865884677,50,Small-Medium,200,OK,true,102712,139,26,26,8,0,0
1637865884596,155,Medium-Large,200,OK,true,512313,139,26,26,9,0,0
1637865884144,628,Medium-Large,200,OK,true,512313,139,26,26,8,0,0
1637865884480,303,Large,200,OK,true,1048891,137,26,26,8,0,0
1637865884631,155,Small-Medium,200,OK,true,102714,139,26,26,16,0,8
1637865884603,191,Medium-Large,200,OK,true,512313,139,26,26,8,0,0
1637865884681,131,Medium,200,OK,true,307513,139,26,26,8,0,0
1637865884407,411,Large,200,OK,true,1048891,137,26,26,7,0,0
1637865884794,28,Small,200,OK,true,51511,138,26,26,9,0,0
1637865884376,469,Large,200,OK,true,1048891,137,26,26,9,0,0
1637865884782,63,Small-Medium,200,OK,true,102712,139,26,26,9,0,0
1637865884536,334,Large,200,OK,true,1048891,137,26,26,8,0,0
1637865884698,173,Medium,200,OK,true,307512,139,26,26,9,0,0
1637865884529,359,Medium,200,OK,true,307513,139,26,26,8,0,0
1637865884870,25,Small,200,OK,true,51511,138,26,26,9,0,0
1637865884651,261,Medium-Large,200,OK,true,512313,139,26,26,8,0,0
1637865884772,145,Small-Medium,200,OK,true,102713,139,26,26,8,0,0
1637865884752,167,Medium-Large,200,OK,true,512313,139,26,26,9,0,0
1637865884885,35,Small,200,OK,true,51510,138,26,26,8,0,0
1637865884718,204,Medium-Large,200,OK,true,512313,139,26,26,8,0,0
1637865884812,116,Medium,200,OK,true,307513,139,26,26,8,0,0
1637865884899,41,Small-Medium,200,OK,true,102713,139,26,26,8,0,0
1637865884919,22,Small,200,OK,true,51511,138,26,26,8,0,0
1637865884290,659,Medium-Large,200,OK,true,512313,139,26,26,9,0,0
1637865884560,391,Medium-Large,200,OK,true,512313,139,26,26,8,0,0
1637865884595,372,Large,200,OK,true,1048891,137,26,26,9,0,0
1637865884783,186,Medium-Large,200,OK,true,512313,139,26,26,9,0,0
1637865884967,20,Small,200,OK,true,51511,138,26,26,9,0,0
1637865884917,71,Small,200,OK,true,51511,138,26,26,8,0,0
1637865884845,149,Medium,200,OK,true,307513,139,26,26,9,0,0
1637865884450,552,Medium-Large,200,OK,true,512313,139,26,26,8,0,0
1637865884989,26,Small,200,OK,true,51510,138,26,26,11,0,0
1637865884928,91,Medium,200,OK,true,307513,139,26,26,8,0,0
1637865884995,26,Small,200,OK,true,51511,138,26,26,8,0,0
1637865885003,23,Small,200,OK,true,51511,138,26,26,8,0,0
1637865884871,157,Medium,200,OK,true,307512,139,26,26,15,0,0
1637865883656,1390,Large,200,OK,true,1048891,137,26,26,8,0,0
1637865884818,229,Medium-Large,200,OK,true,512313,139,26,26,9,0,0
1637865884912,145,Medium,200,OK,true,307513,139,26,26,9,0,0
1637865885029,29,Small,200,OK,true,51510,138,26,26,7,0,0
1637865884974,94,Medium,200,OK,true,307513,139,26,26,8,0,0
1637865884652,416,Large,200,OK,true,1048891,137,26,26,8,0,0
1637865884922,151,Medium-Large,200,OK,true,512313,139,26,26,8,0,0
1637865885047,40,Small-Medium,200,OK,true,102713,139,26,26,9,0,0
1637865885073,17,Small,200,OK,true,51511,138,26,26,10,0,0
1637865884714,385,Large,200,OK,true,1048891,137,26,26,8,0,0
1637865885021,79,Small,200,OK,true,51511,138,26,26,8,0,0
1637865884536,571,Large,200,OK,true,1048891,137,26,26,10,0,0
1637865884696,416,Medium,200,OK,true,307513,139,26,26,9,0,0
1637865885099,25,Small,200,OK,true,51511,138,26,26,9,0,0
1637865885099,29,Small,200,OK,true,51511,138,26,26,8,0,0
1637865884969,162,Medium-Large,200,OK,true,512313,139,26,26,8,0,0
1637865884662,476,Large,200,OK,true,1048891,137,26,26,9,0,0
1637865885131,43,Small-Medium,200,OK,true,102713,139,26,26,9,0,0
1637865884786,402,Medium-Large,200,OK,true,512313,139,26,26,8,0,0
1637865885078,111,Medium,200,OK,true,307513,139,26,26,9,0,0
1637865885125,65,Small,200,OK,true,51511,138,26,26,8,0,0
1637865885133,57,Small-Medium,200,OK,true,102712,139,26,26,9,0,0
1637865885177,15,Small,200,OK,true,51511,138,26,26,7,0,0
1637865885138,56,Small-Medium,200,OK,true,102713,139,26,26,9,0,0
1637865885202,22,Small,200,OK,true,51511,138,26,26,10,0,0
1637865885094,140,Medium,200,OK,true,307512,139,26,26,8,0,0
1637865885072,180,Medium-Large,200,OK,true,512313,139,26,26,8,0,0
1637865885107,189,Medium-Large,200,OK,true,512313,139,26,26,9,0,0
1637865885253,46,Small-Medium,200,OK,true,102713,139,26,26,7,0,0
1637865885242,63,Small-Medium,200,OK,true,102713,139,26,26,9,0,0
1637865885023,283,Large,200,OK,true,1048891,137,26,26,7,0,0
1637865885296,21,Small,200,OK,true,51511,138,26,26,9,0,0
1637865885306,17,Small,200,OK,true,51511,138,26,26,9,0,0
1637865885281,46,Small-Medium,200,OK,true,102713,139,26,26,9,0,0
1637865884684,661,Large,200,OK,true,1048891,137,26,26,10,0,0
1637865885234,144,Medium,200,OK,true,307512,139,26,26,9,0,0
1637865885346,34,Small,200,OK,true,51511,138,26,26,8,0,0
1637865885002,398,Medium,200,OK,true,307513,139,26,26,9,0,0
1637865885032,371,Large,200,OK,true,1048891,137,26,26,8,0,0
1637865885385,27,Small,200,OK,true,51511,138,26,26,8,0,0
1637865885400,20,Small,200,OK,true,51511,138,26,26,10,0,0
1637865885107,318,Medium-Large,200,OK,true,512313,139,26,26,9,0,0
1637865884677,765,Large,200,OK,true,1048891,137,26,26,10,0,0
1637865885410,38,Small-Medium,200,OK,true,102713,139,26,26,8,0,0
1637865885449,53,Small-Medium,200,OK,true,102713,139,26,26,8,0,0
1637865884951,553,Large,200,OK,true,1048891,137,26,26,10,0,0
1637865885425,81,Small-Medium,200,OK,true,102713,139,26,26,9,0,0
1637865885068,440,Large,200,OK,true,1048891,137,26,26,7,0,0
1637865885237,283,Medium-Large,200,OK,true,512312,139,26,26,16,0,0
1637865885504,19,Small,200,OK,true,51511,138,26,26,9,0,0
1637865885057,469,Large,200,OK,true,1048891,137,26,26,9,0,0
1637865885400,129,Small-Medium,200,OK,true,102713,139,26,26,8,0,0
1637865885508,22,Small,200,OK,true,51511,138,26,26,8,0,0
1637865885112,422,Medium,200,OK,true,307513,139,26,26,8,0,0
1637865885514,37,Small-Medium,200,OK,true,102713,139,26,26,7,0,0
1637865885189,373,Large,200,OK,true,1048891,137,26,26,8,0,0
1637865885403,188,Medium-Large,200,OK,true,512313,139,26,26,8,0,0
1637865885151,463,Large,200,OK,true,1048891,137,26,26,9,0,0
1637865885235,383,Large,200,OK,true,1048891,137,26,26,9,0,0
1637865885188,465,Large,200,OK,true,1048891,137,26,26,8,0,0
1637865885488,189,Medium-Large,200,OK,true,512313,139,26,26,9,0,0
1637865885611,67,Small-Medium,200,OK,true,102713,139,26,26,10,0,0
1637865885614,64,Small-Medium,200,OK,true,102713,139,26,26,10,0,0
1637865885529,160,Small-Medium,200,OK,true,102713,139,26,26,11,0,0
1637865885308,382,Large,200,OK,true,1048891,137,26,26,8,0,0
1637865885618,97,Medium,200,OK,true,307513,139,26,26,10,0,0
1637865885677,39,Small-Medium,200,OK,true,102713,139,26,26,10,0,0
1637865885202,526,Large,200,OK,true,1048891,137,26,26,9,0,0
1637865885527,208,Medium,200,OK,true,307513,139,26,26,11,0,0
1637865885357,381,Large,200,OK,true,1048891,137,26,26,11,0,0
1637865885520,226,Medium-Large,200,OK,true,512312,139,26,26,12,0,0
1637865885729,41,Small,200,OK,true,51511,138,26,26,10,0,0
1637865885689,84,Small,200,OK,true,51511,138,26,26,9,0,0
1637865885528,247,Medium,200,OK,true,307513,139,26,26,11,0,0
1637865885735,40,Small,200,OK,true,51511,138,26,26,10,0,0
1637865885442,338,Medium-Large,200,OK,true,512313,139,26,26,7,0,0
1637865885718,66,Small-Medium,200,OK,true,102713,139,26,26,8,0,0
1637865885618,194,Medium-Large,200,OK,true,512313,139,26,26,9,0,0
1637865885653,161,Medium,200,OK,true,307513,139,26,26,9,0,0
1637865885345,490,Large,200,OK,true,1048891,137,26,26,8,0,0
1637865885780,77,Small-Medium,200,OK,true,102713,139,26,26,10,0,0
1637865885738,122,Medium,200,OK,true,307513,139,26,26,11,0,0
1637865885775,88,Small-Medium,200,OK,true,102713,139,26,26,9,0,0
1637865885716,148,Medium,200,OK,true,307513,139,26,26,8,0,0
1637865885833,31,Small,200,OK,true,51511,138,26,26,10,0,0
1637865885814,56,Small-Medium,200,OK,true,102713,139,26,26,10,0,0
1637865885746,129,Medium,200,OK,true,307512,139,26,26,9,0,0
1637865885554,321,Medium-Large,200,OK,true,512313,139,26,26,10,0,0
1637865885378,520,Large,200,OK,true,1048890,137,26,26,9,0,0
1637865885876,38,Small,200,OK,true,51511,138,26,26,10,0,0
1637865885840,77,Small-Medium,200,OK,true,102713,139,26,26,10,0,0
1637865885813,113,Medium,200,OK,true,307513,139,26,26,8,0,0
1637865885875,51,Small-Medium,200,OK,true,102712,139,26,26,10,0,0
1637865885562,374,Large,200,OK,true,1048891,137,26,26,10,0,0
1637865885591,366,Large,200,OK,true,1048891,137,26,26,10,0,0
1637865885781,178,Medium-Large,200,OK,true,512313,139,26,26,9,0,0
1637865885860,111,Medium,200,OK,true,307513,139,26,26,9,0,0
1637865885884,95,Small-Medium,200,OK,true,102713,139,26,26,9,0,0
1637865885608,392,Large,200,OK,true,1048891,137,26,26,9,0,0
1637865885959,41,Small-Medium,200,OK,true,102713,139,26,26,9,0,0
1637865885979,29,Small,200,OK,true,51511,138,26,26,10,0,0
1637865885926,108,Medium,200,OK,true,307513,139,26,26,9,0,0
1637865885723,314,Large,200,OK,true,1048891,137,26,26,8,0,0
1637865885690,371,Large,200,OK,true,1048891,137,26,26,9,0,0
1637865885504,569,Large,200,OK,true,1048891,137,26,26,10,0,0
1637865886034,44,Small-Medium,200,OK,true,102713,139,26,26,7,0,0
1637865885972,120,Medium,200,OK,true,307513,139,26,26,10,0,0
1637865884888,1210,Large,200,OK,true,1048891,137,26,26,8,0,0
1637865886061,37,Small-Medium,200,OK,true,102713,139,26,26,9,0,0
1637865885879,223,Medium,200,OK,true,307513,139,26,26,11,0,0
1637865885821,282,Medium-Large,200,OK,true,512313,139,26,26,10,0,0
1637865886093,18,Small,200,OK,true,51511,138,26,26,9,0,0
1637865886084,30,Small,200,OK,true,51511,138,26,26,11,0,0
1637865886103,27,Small,200,OK,true,51511,138,26,26,8,0,0
1637865885864,272,Medium-Large,200,OK,true,512313,139,26,26,11,0,0
1637865885936,200,Medium,200,OK,true,307513,139,26,26,25,0,0
1637865885936,208,Medium-Large,200,OK,true,512313,139,26,26,24,0,0
1637865885898,256,Medium-Large,200,OK,true,512312,139,26,26,9,0,0
1637865885943,219,Medium,200,OK,true,307513,139,26,26,18,0,0
1637865886136,27,Small,200,OK,true,51511,138,26,26,8,0,0
1637865886000,187,Medium-Large,200,OK,true,512313,139,26,26,8,0,0
1637865886165,28,Small,200,OK,true,51511,138,26,26,9,0,0
1637865886187,31,Small,200,OK,true,51511,138,26,26,10,0,0
1637865886063,160,Medium-Large,200,OK,true,512313,139,26,26,10,0,0
1637865886162,70,Small-Medium,200,OK,true,102713,139,26,26,11,0,0
1637865886207,26,Small,200,OK,true,51511,138,26,26,9,0,0
1637865885988,245,Medium,200,OK,true,307513,139,26,26,11,0,0
1637865886136,158,Medium,200,OK,true,307513,139,26,26,9,0,0
1637865885957,339,Large,200,OK,true,1048891,137,26,26,9,0,0
1637865886239,61,Small-Medium,200,OK,true,102713,139,26,26,11,0,0
1637865886154,158,Medium,200,OK,true,307477,139,26,26,14,0,0
1637865886233,81,Small-Medium,200,OK,true,102713,139,26,26,13,0,0
1637865885836,499,Large,200,OK,true,1048891,137,26,26,10,0,0
1637865886037,299,Large,200,OK,true,1048891,137,26,26,8,0,0
1637865884949,1403,Large,200,OK,true,1048891,137,26,26,9,0,0
1637865886336,18,Small,200,OK,true,51511,138,26,26,9,0,0
1637865886187,173,Medium-Large,200,OK,true,512313,139,26,26,7,0,0
1637865886360,22,Small,200,OK,true,51511,138,26,26,11,0,0
1637865885980,406,Large,200,OK,true,1048890,137,26,26,12,0,0
1637865886386,20,Small,200,OK,true,51475,138,26,26,8,0,0
1637865886102,333,Medium-Large,200,OK,true,512313,139,26,26,8,0,0
1637865886292,177,Medium,200,OK,true,307513,139,26,26,9,0,0
1637865885919,552,Large,200,OK,true,1048891,137,26,26,9,0,0
1637865886265,206,Medium,200,OK,true,307513,139,26,26,16,0,0
1637865886435,36,Small,200,OK,true,51511,138,26,26,10,0,0
1637865886335,150,Medium,200,OK,true,307513,139,26,26,9,0,0
1637865886471,23,Small,200,OK,true,51511,138,26,26,9,0,0
1637865886138,364,Large,200,OK,true,1048891,137,26,26,9,0,0
1637865886144,361,Large,200,OK,true,1048891,137,26,26,11,0,0
1637865886471,37,Small,200,OK,true,51511,138,26,26,10,0,0
1637865886352,161,Small-Medium,200,OK,true,102713,139,26,26,10,0,0
1637865886502,18,Small,200,OK,true,51511,138,26,26,8,0,0
1637865886196,362,Large,200,OK,true,1048891,137,26,26,9,0,0
1637865886338,224,Medium,200,OK,true,307513,139,26,26,9,0,0
1637865886224,339,Large,200,OK,true,1048891,137,26,26,9,0,0
1637865886294,274,Medium-Large,200,OK,true,512313,139,26,26,10,0,0
1637865886310,266,Medium-Large,200,OK,true,512313,139,26,26,15,0,0
1637865886514,69,Small,200,OK,true,51511,138,26,26,9,0,0
1637865886558,28,Small-Medium,200,OK,true,102713,139,26,26,9,0,0
1637865886073,515,Large,200,OK,true,1048891,137,26,26,10,0,0
1637865886268,320,Large,200,OK,true,1048891,137,26,26,10,0,0
1637865886575,28,Small,200,OK,true,51511,138,26,26,10,0,0
1637865885046,1561,Large,200,OK,true,1048891,137,26,26,9,0,0
1637865886345,273,Medium-Large,200,OK,true,512313,139,26,26,9,0,0
1637865886486,137,Medium,200,OK,true,307513,139,26,26,9,0,0
1637865886588,44,Small-Medium,200,OK,true,102713,139,26,26,10,0,0
1637865886605,28,Small,200,OK,true,51511,138,26,26,10,0,0
1637865886296,363,Large,200,OK,true,1048891,137,26,26,10,0,0
1637865886563,100,Medium,200,OK,true,307513,139,26,26,8,0,0
1637865886668,19,Small,200,OK,true,51511,138,26,26,8,0,0
1637865886662,29,Small,200,OK,true,51511,138,26,26,8,0,0
1637865886539,163,Medium,200,OK,true,307513,139,26,26,8,0,0
1637865886577,153,Medium,200,OK,true,307513,139,26,26,9,0,0
1637865886440,291,Large,200,OK,true,1048891,137,26,26,14,0,0
1637865886588,166,Medium-Large,200,OK,true,512313,139,26,26,10,0,0
1637865886470,285,Medium-Large,200,OK,true,512313,139,26,26,12,0,0
1637865886731,25,Small,200,OK,true,51511,138,26,26,9,0,0
1637865886659,100,Medium,200,OK,true,307513,139,26,26,12,0,0
1637865886098,664,Medium-Large,200,OK,true,512313,139,26,26,9,0,0
1637865886562,201,Medium,200,OK,true,307513,139,26,26,8,0,0
1637865886623,145,Medium,200,OK,true,307513,139,26,26,12,0,0
1637865886568,205,Medium-Large,200,OK,true,512313,139,26,26,8,0,0
1637865886618,161,Small-Medium,200,OK,true,102713,139,26,26,12,0,0
1637865886574,205,Medium-Large,200,OK,true,512313,139,26,26,9,0,0
1637865886755,25,Small,200,OK,true,51511,138,26,26,9,0,0
1637865885229,1552,Large,200,OK,true,1048891,137,26,26,8,0,0
1637865886765,22,Small,200,OK,true,51511,138,26,26,9,0,0
1637865886731,79,Medium,200,OK,true,307513,139,26,26,9,0,0
1637865886780,30,Small,200,OK,true,51511,138,26,26,10,0,0
1637865886772,39,Small-Medium,200,OK,true,102713,139,26,26,9,0,0
1637865886466,352,Large,200,OK,true,1048891,137,26,26,9,0,0
1637865886762,67,Small,200,OK,true,51511,138,26,26,8,0,0
1637865886692,141,Medium,200,OK,true,307513,139,26,26,8,0,0
1637865886818,35,Small-Medium,200,OK,true,102713,139,26,26,8,0,0
1637865886836,18,Small,200,OK,true,51511,138,26,26,9,0,0
1637865886505,352,Large,200,OK,true,1048891,137,26,26,16,0,0
1637865886709,166,Medium-Large,200,OK,true,512313,139,26,26,9,0,0
1637865886764,141,Medium-Large,200,OK,true,512313,139,26,26,10,0,0
1637865886867,60,Small,200,OK,true,51511,138,26,26,8,0,0
1637865886763,180,Medium,200,OK,true,307513,139,26,26,8,0,0
1637865886773,241,Medium-Large,200,OK,true,512313,139,26,26,10,0,0
1637865886905,112,Medium,200,OK,true,307513,139,26,26,8,0,0
1637865886971,66,Small,200,OK,true,51511,138,26,26,10,0,0
1637865886702,336,Medium-Large,200,OK,true,512313,139,26,26,10,0,0
1637865886943,100,Small-Medium,200,OK,true,102713,139,26,26,9,0,0
1637865887014,33,Small,200,OK,true,51511,138,26,26,12,0,0
1637865887017,42,Small-Medium,200,OK,true,102713,139,26,26,10,0,0
1637865886312,758,Medium-Large,200,OK,true,512314,139,26,26,19,0,9
1637865886871,201,Medium-Large,200,OK,true,512313,139,26,26,9,0,0
1637865886876,198,Medium-Large,200,OK,true,512313,139,26,26,11,0,0
1637865887038,36,Small,200,OK,true,51511,138,26,26,9,0,0
1637865886754,329,Large,200,OK,true,1048891,137,26,26,9,0,0
1637865887072,19,Small,200,OK,true,51511,138,26,26,8,0,0
1637865887048,71,Small-Medium,200,OK,true,102713,139,26,26,9,0,0
1637865886883,239,Medium-Large,200,OK,true,512313,139,26,26,10,0,0
1637865886619,528,Large,200,OK,true,1048891,137,26,26,10,0,0
1637865887118,31,Small,200,OK,true,51511,138,26,26,11,0,0
1637865887070,79,Small,200,OK,true,51511,138,26,26,9,0,0
1637865885534,1616,Large,200,OK,true,1048891,137,26,26,13,0,0
1637865886858,295,Medium-Large,200,OK,true,512313,139,26,26,9,0,0
1637865886490,678,Medium-Large,200,OK,true,512314,139,26,26,17,0,9
1637865887074,103,Medium,200,OK,true,307513,139,26,26,9,0,0
1637865887123,55,Small-Medium,200,OK,true,102713,139,26,26,9,0,0
1637865887153,28,Small,200,OK,true,51511,138,26,26,9,0,0
1637865886857,326,Large,200,OK,true,1048891,137,26,26,7,0,0
1637865887148,61,Small-Medium,200,OK,true,102713,139,26,26,8,0,0
1637865886768,453,Large,200,OK,true,1048891,137,26,26,9,0,0
1637865886940,289,Large,200,OK,true,1048891,137,26,26,8,0,0
1637865886678,559,Large,200,OK,true,1048891,137,26,26,13,0,0
1637865886875,363,Large,200,OK,true,1048891,137,26,26,9,0,0
1637865887221,20,Small,200,OK,true,51511,138,26,26,9,0,0
1637865886833,427,Large,200,OK,true,1048891,137,26,26,9,0,0
1637865886922,360,Large,200,OK,true,1048891,137,26,26,9,0,0
1637865887141,161,Medium,200,OK,true,307513,139,26,26,10,0,0
1637865887260,43,Small-Medium,200,OK,true,102713,139,26,26,9,0,0
1637865886835,468,Large,200,OK,true,1048891,137,26,26,8,0,0
1637865887253,65,Small-Medium,200,OK,true,102713,139,26,26,9,0,0
1637865885793,1530,Large,200,OK,true,1048891,137,26,26,10,0,0
1637865887282,41,Small-Medium,200,OK,true,102713,139,26,26,9,0,0
1637865887258,65,Small-Medium,200,OK,true,102713,139,26,26,11,0,0
1637865887179,165,Medium-Large,200,OK,true,512313,139,26,26,9,0,0
1637865887176,178,Medium-Large,200,OK,true,512313,139,26,26,9,0,0
1637865887227,142,Medium,200,OK,true,307513,139,26,26,10,0,0
1637865886607,773,Medium-Large,200,OK,true,512313,139,26,26,10,0,0
1637865887237,143,Medium,200,OK,true,307513,139,26,26,12,0,0
1637865887238,170,Medium-Large,200,OK,true,512313,139,26,26,10,0,0
1637865887355,69,Small-Medium,200,OK,true,102713,139,26,26,10,0,0
1637865887121,325,Large,200,OK,true,1048891,137,26,26,9,0,0
1637865887398,48,Small-Medium,200,OK,true,102713,139,26,26,10,0,0
1637865887084,373,Large,200,OK,true,1048891,137,26,26,9,0,0
1637865887221,253,Medium-Large,200,OK,true,512313,139,26,26,11,0,0
1637865887354,130,Medium,200,OK,true,307513,139,26,26,9,0,0
1637865887323,161,Small-Medium,200,OK,true,102713,139,26,26,10,0,0
1637865887446,41,Small-Medium,200,OK,true,102713,139,26,26,9,0,0
1637865886779,725,Medium-Large,200,OK,true,512313,139,26,26,11,0,0
1637865887229,291,Large,200,OK,true,1048891,137,26,26,9,0,0
1637865887362,159,Medium,200,OK,true,307513,139,26,26,9,0,0
1637865887152,376,Medium-Large,200,OK,true,512313,139,26,26,9,0,0
1637865887490,50,Small-Medium,200,OK,true,102713,139,26,26,9,0,0
1637865887183,378,Large,200,OK,true,1048891,137,26,26,9,0,0
1637865887528,44,Small,200,OK,true,51511,138,26,26,10,0,0
1637865887168,405,Medium-Large,200,OK,true,512313,139,26,26,9,0,0
1637865887521,55,Small-Medium,200,OK,true,102713,139,26,26,11,0,0
1637865887550,27,Small,200,OK,true,51511,138,26,26,9,0,0
1637865887457,121,Medium,200,OK,true,307513,139,26,26,9,0,0
1637865887364,221,Medium-Large,200,OK,true,512313,139,26,26,10,0,0
1637865887409,184,Medium-Large,200,OK,true,512313,139,26,26,10,0,0
1637865887585,26,Small,200,OK,true,51511,138,26,26,8,0,0
1637865887460,157,Medium,200,OK,true,307513,139,26,26,8,0,0
1637865887150,468,Medium,200,OK,true,307513,139,26,26,9,0,0
1637865887369,271,Medium-Large,200,OK,true,512313,139,26,26,9,0,0
1637865887302,343,Medium-Large,200,OK,true,512313,139,26,26,8,0,0
1637865887521,147,Medium-Large,200,OK,true,512313,139,26,26,10,0,0
1637865887484,189,Medium-Large,200,OK,true,512313,139,26,26,9,0,0
1637865887618,62,Small-Medium,200,OK,true,102713,139,26,26,7,0,0
1637865887668,29,Small-Medium,200,OK,true,102713,139,26,26,9,0,0
1637865887618,82,Small,200,OK,true,51511,138,26,26,10,0,0
1637865887633,75,Small-Medium,200,OK,true,102713,139,26,26,9,0,0
1637865887645,75,Small-Medium,200,OK,true,102713,139,26,26,11,0,0
1637865887344,380,Large,200,OK,true,1048891,137,26,26,8,0,0
1637865887075,678,Medium-Large,200,OK,true,512313,139,26,26,10,0,0
1637865887593,164,Medium-Large,200,OK,true,512313,139,26,26,9,0,0
1637865887594,168,Medium-Large,200,OK,true,512313,139,26,26,10,0,0
1637865887303,474,Large,200,OK,true,1048891,137,26,26,7,0,0
1637865887640,141,Medium,200,OK,true,307513,139,26,26,8,0,0
1637865887720,65,Small-Medium,200,OK,true,102713,139,26,26,12,0,0
1637865887772,22,Small,200,OK,true,51511,138,26,26,9,0,0
1637865887758,38,Small-Medium,200,OK,true,102713,139,26,26,9,0,0
1637865887762,38,Small-Medium,200,OK,true,102713,139,26,26,9,0,0
1637865887722,82,Small,200,OK,true,51510,138,26,26,10,0,0
1637865887326,485,Large,200,OK,true,1048891,137,26,26,10,0,0
1637865887777,47,Small-Medium,200,OK,true,102713,139,26,26,11,0,0
1637865887749,79,Small-Medium,200,OK,true,102713,139,26,26,14,0,0
1637865887655,182,Medium-Large,200,OK,true,512313,139,26,26,9,0,0
1637865887674,172,Medium-Large,200,OK,true,512313,139,26,26,8,0,0
1637865887724,151,Medium-Large,200,OK,true,512313,139,26,26,12,0,0
1637865887561,332,Large,200,OK,true,1048891,137,26,26,10,0,0
1637865887867,26,Small,200,OK,true,51511,138,26,26,8,0,0
1637865887875,25,Small,200,OK,true,51511,138,26,26,11,0,0
1637865887862,38,Small-Medium,200,OK,true,102713,139,26,26,9,0,0
1637865887474,447,Large,200,OK,true,1048891,137,26,26,10,0,0
1637865887484,448,Medium,200,OK,true,307513,139,26,26,10,0,0
1637865887381,552,Large,200,OK,true,1048891,137,26,26,17,0,0
1637865887737,205,Medium,200,OK,true,307513,139,26,26,15,0,0
1637865887578,367,Large,200,OK,true,1048891,137,26,26,8,0,0
1637865887173,778,Medium-Large,200,OK,true,512313,139,26,26,11,0,0
1637865887934,28,Small,200,OK,true,51511,138,26,26,9,0,0
1637865887893,78,Medium,200,OK,true,307513,139,26,26,8,0,0
1637865887876,98,Medium,200,OK,true,307513,139,26,26,10,0,0
1637865887825,153,Medium,200,OK,true,307513,139,26,26,9,0,0
1637865887980,22,Small,200,OK,true,51511,138,26,26,10,0,0
1637865887951,81,Small,200,OK,true,51511,138,26,26,9,0,0
1637865887811,223,Medium-Large,200,OK,true,512313,139,26,26,9,0,0
1637865887945,113,Medium,200,OK,true,307513,139,26,26,10,0,0
1637865888058,38,Small-Medium,200,OK,true,102713,139,26,26,10,0,0
1637865888038,58,Small-Medium,200,OK,true,102713,139,26,26,9,0,0
1637865887932,164,Small-Medium,200,OK,true,102713,139,26,26,9,0,0
1637865888034,65,Small-Medium,200,OK,true,102713,139,26,26,9,0,0
1637865887688,431,Large,200,OK,true,1048891,137,26,26,10,0,0
1637865888083,40,Small-Medium,200,OK,true,102713,139,26,26,10,0,0
1637865887978,147,Medium,200,OK,true,307513,139,26,26,9,0,0
1637865888119,18,Small,200,OK,true,51511,138,26,26,8,0,0
1637865887970,171,Medium-Large,200,OK,true,512313,139,26,26,9,0,0
1637865887837,308,Large,200,OK,true,1048891,137,26,26,7,0,0
1637865887881,269,Medium-Large,200,OK,true,512313,139,26,26,9,0,0
1637865887754,407,Medium,200,OK,true,307513,139,26,26,9,0,0
1637865887625,537,Large,200,OK,true,1048891,137,26,26,11,0,0
1637865887854,321,Medium-Large,200,OK,true,512313,139,26,26,10,0,0
1637865888146,34,Small-Medium,200,OK,true,102713,139,26,26,8,0,0
1637865888142,47,Small,200,OK,true,51511,138,26,26,10,0,0
1637865887846,349,Large,200,OK,true,1048891,137,26,26,9,0,0
1637865888137,64,Small-Medium,200,OK,true,102713,139,26,26,10,0,0
1637865888150,56,Small-Medium,200,OK,true,102713,139,26,26,9,0,0
1637865888188,27,Small,200,OK,true,51511,138,26,26,8,0,0
1637865888195,20,Small,200,OK,true,51511,138,26,26,9,0,0
1637865888055,171,Small-Medium,200,OK,true,102713,139,26,26,9,0,0
1637865887781,446,Large,200,OK,true,1048891,137,26,26,10,0,0
1637865888227,43,Small-Medium,200,OK,true,102713,139,26,26,10,0,0
1637865888141,131,Medium-Large,200,OK,true,512313,139,26,26,9,0,0
1637865887979,305,Large,200,OK,true,1048891,137,26,26,10,0,0
1637865887965,321,Large,200,OK,true,1048891,137,26,26,9,0,0
1637865887826,464,Medium,200,OK,true,307512,139,26,26,9,0,0
1637865888272,19,Small,200,OK,true,51511,138,26,26,8,0,0
1637865888161,131,Small-Medium,200,OK,true,102713,139,26,26,12,0,0
1637865888245,55,Small-Medium,200,OK,true,102713,139,26,26,10,0,0
1637865888226,79,Small,200,OK,true,51511,138,26,26,9,0,0
1637865887997,320,Large,200,OK,true,1048891,137,26,26,10,0,0
1637865888162,161,Medium,200,OK,true,307513,139,26,26,15,0,0
1637865888299,26,Small,200,OK,true,51511,138,26,26,11,0,0
1637865888162,167,Medium-Large,200,OK,true,512312,139,26,26,12,0,0
1637865888317,17,Small,200,OK,true,51511,138,26,26,7,0,0
1637865887921,418,Large,200,OK,true,1048891,137,26,26,9,0,0
1637865888249,97,Medium,200,OK,true,307513,139,26,26,11,0,0
1637865888323,28,Small,200,OK,true,51511,138,26,26,9,0,0
1637865888292,61,Small,200,OK,true,51511,138,26,26,10,0,0
1637865888175,178,Medium,200,OK,true,307513,139,26,26,10,0,0
1637865886781,1581,Large,200,OK,true,1048891,137,26,26,10,0,0
1637865888284,79,Medium,200,OK,true,307513,139,26,26,9,0,0
1637865888125,254,Medium-Large,200,OK,true,512313,139,26,26,11,0,0
1637865888291,104,Medium,200,OK,true,307513,139,26,26,13,0,0
1637865888350,60,Small-Medium,200,OK,true,102713,139,26,26,8,0,0
1637865888379,49,Small-Medium,200,OK,true,102713,139,26,26,10,0,0
1637865888340,105,Medium,200,OK,true,307513,139,26,26,9,0,0
1637865888290,164,Small-Medium,200,OK,true,102712,139,26,26,10,0,0
1637865888388,81,Medium,200,OK,true,307513,139,26,26,9,0,0
1637865888426,51,Small-Medium,200,OK,true,102713,139,26,26,8,0,0
1637865888331,149,Medium,200,OK,true,307513,139,26,26,12,0,0
1637865888445,50,Small-Medium,200,OK,true,102713,139,26,26,9,0,0
1637865888395,101,Medium,200,OK,true,307513,139,26,26,8,0,0
1637865888330,166,Small-Medium,200,OK,true,102713,139,26,26,12,0,0
1637865888329,169,Medium-Large,200,OK,true,512312,139,26,26,10,0,0
1637865888480,28,Small,200,OK,true,51511,138,26,26,9,0,0
1637865888491,18,Small,200,OK,true,51511,138,26,26,9,0,0
1637865888354,169,Medium-Large,200,OK,true,512313,139,26,26,9,0,0
1637865888096,430,Medium,200,OK,true,307513,139,26,26,9,0,0
1637865888454,80,Small,200,OK,true,51510,138,26,26,9,0,0
1637865888403,154,Medium-Large,200,OK,true,512313,139,26,26,8,0,0
1637865888498,82,Medium,200,OK,true,307512,139,26,26,9,0,0
1637865887942,640,Large,200,OK,true,1048891,137,26,26,10,0,0
1637865888500,100,Medium,200,OK,true,307513,139,26,26,10,0,0
1637865887573,1030,Large,200,OK,true,1048891,137,26,26,9,0,0
1637865888286,322,Large,200,OK,true,1048891,137,26,26,10,0,0
1637865888523,101,Medium,200,OK,true,307513,139,26,26,7,0,0
1637865888602,22,Small,200,OK,true,51510,138,26,26,10,0,0
1637865888583,47,Small-Medium,200,OK,true,102713,139,26,26,9,0,0
1637865888608,27,Small,200,OK,true,51511,138,26,26,9,0,0
1637865888582,64,Small-Medium,200,OK,true,102713,139,26,26,9,0,0
1637865888627,28,Small-Medium,200,OK,true,102713,139,26,26,9,0,0
1637865888223,436,Large,200,OK,true,1048891,137,26,26,8,0,0
1637865888660,21,Small,200,OK,true,51511,138,26,26,8,0,0
1637865888596,86,Medium,200,OK,true,307513,139,26,26,9,0,0
1637865888549,136,Medium,200,OK,true,307513,139,26,26,9,0,0
1637865888604,103,Medium,200,OK,true,307513,139,26,26,11,0,0
1637865888242,467,Large,200,OK,true,1048891,137,26,26,8,0,0
1637865888531,186,Medium,200,OK,true,307513,139,26,26,7,0,0
1637865888376,342,Large,200,OK,true,1048891,137,26,26,9,0,0
1637865888705,19,Small,200,OK,true,51510,138,26,26,8,0,0
1637865888254,471,Large,200,OK,true,1048891,137,26,26,10,0,0
1637865888731,25,Small,200,OK,true,51511,138,26,26,8,0,0
1637865888421,340,Large,200,OK,true,1048891,137,26,26,10,0,0
1637865888763,40,Small-Medium,200,OK,true,102713,139,26,26,9,0,0
1637865888685,120,Medium,200,OK,true,307513,139,26,26,8,0,0
1637865888711,101,Medium,200,OK,true,307513,139,26,26,9,0,0
1637865888362,461,Medium,200,OK,true,307513,139,26,26,9,0,0
1637865888603,221,Medium,200,OK,true,307513,139,26,26,11,0,0
1637865888699,149,Medium-Large,200,OK,true,512313,139,26,26,10,0,0
1637865888824,47,Small,200,OK,true,51511,138,26,26,10,0,0
1637865888725,153,Medium,200,OK,true,307513,139,26,26,9,0,0
1637865888848,37,Small-Medium,200,OK,true,102713,139,26,26,9,0,0
1637865888707,182,Medium-Large,200,OK,true,512313,139,26,26,9,0,0
1637865888558,337,Large,200,OK,true,1048891,137,26,26,10,0,0
1637865888718,177,Medium-Large,200,OK,true,512313,139,26,26,10,0,0
1637865888867,36,Small,200,OK,true,51511,138,26,26,10,0,0
1637865888810,117,Medium,200,OK,true,307512,139,26,26,8,0,0
1637865888878,55,Small-Medium,200,OK,true,102713,139,26,26,10,0,0
1637865888805,130,Medium,200,OK,true,307513,139,26,26,8,0,0
1637865888834,104,Medium,200,OK,true,307513,139,26,26,10,0,0
1637865888709,233,Medium-Large,200,OK,true,512313,139,26,26,10,0,0
1637865887504,1438,Large,200,OK,true,1048891,137,26,26,9,0,0
1637865888688,258,Medium-Large,200,OK,true,512313,139,26,26,8,0,0
1637865887381,1580,Large,200,OK,true,1048891,137,26,26,17,0,0
1637865888717,257,Medium-Large,200,OK,true,512313,139,26,26,9,0,0
1637865888354,632,Large,200,OK,true,1048891,137,26,26,10,0,0
1637865888824,166,Small-Medium,200,OK,true,102713,139,26,26,9,0,0
1637865888454,536,Large,200,OK,true,1048891,137,26,26,10,0,0
1637865888952,39,Small-Medium,200,OK,true,102713,139,26,26,10,0,0
1637865888895,112,Medium,200,OK,true,307513,139,26,26,9,0,0
1637865888817,191,Medium-Large,200,OK,true,512313,139,26,26,9,0,0
1637865888558,466,Medium,200,OK,true,307512,139,26,26,10,0,0
1637865888974,59,Small-Medium,200,OK,true,102713,139,26,26,10,0,0
1637865888484,550,Large,200,OK,true,1048891,137,26,26,8,0,0
1637865888984,57,Small-Medium,200,OK,true,102713,139,26,26,10,0,0
1637865888927,118,Medium,200,OK,true,307512,139,26,26,9,0,0
1637865888940,110,Medium,200,OK,true,307513,139,26,26,8,0,0
1637865889009,45,Small-Medium,200,OK,true,102713,139,26,26,9,0,0
1637865888986,72,Small-Medium,200,OK,true,102713,139,26,26,9,0,0
1637865889034,26,Small,200,OK,true,51511,138,26,26,8,0,0
1637865889045,18,Small,200,OK,true,51510,138,26,26,9,0,0
1637865888895,173,Medium-Large,200,OK,true,512313,139,26,26,9,0,0
1637865888935,137,Medium,200,OK,true,307513,139,26,26,9,0,0
1637865888942,145,Medium,200,OK,true,307513,139,26,26,10,0,0
1637865889057,34,Small-Medium,200,OK,true,102713,139,26,26,9,0,0
1637865888762,339,Large,200,OK,true,1048891,137,26,26,10,0,0
1637865888990,134,Medium,200,OK,true,307513,139,26,26,9,0,0
1637865889050,88,Medium,200,OK,true,307513,139,26,26,8,0,0
1637865889112,29,Small,200,OK,true,51511,138,26,26,9,0,0
1637865888990,164,Small-Medium,200,OK,true,102713,139,26,26,9,0,0
1637865889007,155,Medium-Large,200,OK,true,512313,139,26,26,10,0,0
1637865889139,24,Small,200,OK,true,51511,138,26,26,8,0,0
1637865888972,203,Medium-Large,200,OK,true,512313,139,26,26,9,0,0
1637865889102,98,Medium,200,OK,true,307513,139,26,26,9,0,0
1637865889162,39,Small-Medium,200,OK,true,102713,139,26,26,9,0,0
1637865889087,148,Medium,200,OK,true,307513,139,26,26,10,0,0
1637865888889,352,Large,200,OK,true,1048891,137,26,26,8,0,0
1637865889078,185,Medium,200,OK,true,307513,139,26,26,10,0,0
1637865889241,23,Small,200,OK,true,51511,138,26,26,9,0,0
1637865889154,112,Medium,200,OK,true,307513,139,26,26,10,0,0
1637865888496,774,Medium-Large,200,OK,true,512313,139,26,26,8,0,0
1637865889124,147,Medium,200,OK,true,307513,139,26,26,10,0,0
1637865889266,26,Small,200,OK,true,51511,138,26,26,7,0,0
1637865889072,220,Medium-Large,200,OK,true,512313,139,26,26,8,0,0
1637865888928,368,Medium-Large,200,OK,true,512313,139,26,26,8,0,0
1637865889266,44,Small-Medium,200,OK,true,102713,139,26,26,8,0,0
1637865889205,114,Medium,200,OK,true,307513,139,26,26,10,0,0
1637865889154,168,Small-Medium,200,OK,true,102713,139,26,26,9,0,0
1637865889217,108,Medium,200,OK,true,307513,139,26,26,10,0,0
1637865889087,243,Medium-Large,200,OK,true,512313,139,26,26,9,0,0
1637865889346,17,Small,200,OK,true,51511,138,26,26,8,0,0
1637865889296,83,Small-Medium,200,OK,true,102713,139,26,26,9,0,0
1637865888942,441,Medium,200,OK,true,307513,139,26,26,10,0,0
1637865888946,445,Large,200,OK,true,1048891,137,26,26,10,0,0
1637865889369,27,Small,200,OK,true,51511,138,26,26,10,0,0
1637865889241,160,Medium,200,OK,true,307513,139,26,26,10,0,0
1637865889322,81,Small,200,OK,true,51511,138,26,26,9,0,0
1637865889068,336,Large,200,OK,true,1048891,137,26,26,8,0,0
1637865889090,332,Medium-Large,200,OK,true,512313,139,26,26,9,0,0
1637865888961,464,Medium,200,OK,true,307513,139,26,26,8,0,0
1637865889293,138,Medium,200,OK,true,307513,139,26,26,10,0,0
1637865889319,113,Medium,200,OK,true,307513,139,26,26,8,0,0
1637865889401,37,Small,200,OK,true,51511,138,26,26,9,0,0
1637865889392,53,Small-Medium,200,OK,true,102713,139,26,26,9,0,0
1637865889432,19,Small,200,OK,true,51511,138,26,26,8,0,0
1637865889160,302,Large,200,OK,true,1048891,137,26,26,9,0,0
1637865889330,143,Medium,200,OK,true,307513,139,26,26,11,0,0
1637865889326,149,Medium-Large,200,OK,true,512313,139,26,26,9,0,0
1637865888686,791,Large,200,OK,true,1048891,137,26,26,8,0,0
1637865889462,27,Small-Medium,200,OK,true,102713,139,26,26,8,0,0
1637865889235,255,Medium-Large,200,OK,true,512313,139,26,26,9,0,0
1637865889150,341,Large,200,OK,true,1048890,137,26,26,8,0,0
1637865889474,28,Small-Medium,200,OK,true,102713,139,26,26,9,0,0
1637865889426,76,Small,200,OK,true,51511,138,26,26,9,0,0
1637865889473,35,Small,200,OK,true,51511,138,26,26,10,0,0
1637865889450,80,Medium,200,OK,true,307513,139,26,26,10,0,0
1637865889496,36,Small,200,OK,true,51511,138,26,26,9,0,0
1637865889263,290,Medium-Large,200,OK,true,512313,139,26,26,8,0,0
1637865889476,87,Medium,200,OK,true,307513,139,26,26,9,0,0
1637865889176,389,Large,200,OK,true,1048891,137,26,26,9,0,0
1637865889491,98,Medium,200,OK,true,307477,139,26,26,8,0,0
1637865889422,168,Medium,200,OK,true,307513,139,26,26,9,0,0
1637865889565,28,Small,200,OK,true,51511,138,26,26,8,0,0
1637865889553,52,Small-Medium,200,OK,true,102713,139,26,26,8,0,0
1637865889600,27,Small,200,OK,true,51511,138,26,26,8,0,0
1637865889399,238,Medium,200,OK,true,307513,139,26,26,10,0,0
1637865889431,216,Medium-Large,200,OK,true,512313,139,26,26,8,0,0
1637865889554,105,Medium,200,OK,true,307513,139,26,26,8,0,0
1637865889590,74,Small-Medium,200,OK,true,102713,139,26,26,8,0,0
1637865889529,136,Small-Medium,200,OK,true,102713,139,26,26,8,0,0
1637865889370,303,Large,200,OK,true,1048891,137,26,26,10,0,0
1637865889490,186,Medium-Large,200,OK,true,512313,139,26,26,8,0,0
1637865889477,201,Medium,200,OK,true,307513,139,26,26,9,0,0
1637865889660,18,Small,200,OK,true,51511,138,26,26,8,0,0
1637865889657,36,Small,200,OK,true,51511,138,26,26,9,0,0
1637865889669,43,Small-Medium,200,OK,true,102713,139,26,26,9,0,0
1637865889674,42,Small-Medium,200,OK,true,102713,139,26,26,8,0,0
1637865889536,181,Medium-Large,200,OK,true,512313,139,26,26,9,0,0
1637865889505,221,Medium-Large,200,OK,true,512313,139,26,26,9,0,0
1637865889694,37,Small,200,OK,true,51511,138,26,26,9,0,0
1637865889577,175,Medium-Large,200,OK,true,512313,139,26,26,9,0,0
1637865889579,174,Medium-Large,200,OK,true,512313,139,26,26,8,0,0
1637865889405,352,Large,200,OK,true,1048891,137,26,26,9,0,0
1637865889024,745,Medium-Large,200,OK,true,512312,139,26,26,9,0,0
1637865889383,394,Medium,200,OK,true,307513,139,26,26,9,0,0
1637865889758,21,Small,200,OK,true,51511,138,26,26,8,0,0
1637865889765,19,Small,200,OK,true,51511,138,26,26,8,0,0
1637865889676,108,Medium,200,OK,true,307513,139,26,26,8,0,0
1637865889271,517,Large,200,OK,true,1048891,137,26,26,10,0,0
1637865889778,25,Small,200,OK,true,51511,138,26,26,9,0,0
1637865889784,21,Small,200,OK,true,51511,138,26,26,8,0,0
1637865889703,131,Medium,200,OK,true,307513,139,26,26,8,0,0
1637865889788,56,Small-Medium,200,OK,true,102713,139,26,26,8,0,0
1637865889426,427,Medium,200,OK,true,307513,139,26,26,8,0,0
1637865889566,288,Large,200,OK,true,1048891,137,26,26,9,0,0
1637865889799,68,Small-Medium,200,OK,true,102713,139,26,26,11,0,0
1637865889595,280,Medium-Large,200,OK,true,512314,139,26,26,16,0,8
1637865889834,44,Small-Medium,200,OK,true,102713,139,26,26,8,0,0
1637865889868,19,Small,200,OK,true,51511,138,26,26,8,0,0
1637865889772,117,Medium,200,OK,true,307513,139,26,26,9,0,0
1637865889777,128,Small-Medium,200,OK,true,102713,139,26,26,8,0,0
1637865888526,1381,Large,200,OK,true,1048891,137,26,26,9,0,0
1637865889753,170,Medium-Large,200,OK,true,512313,139,26,26,9,0,0
1637865888396,1529,Large,200,OK,true,1048891,137,26,26,8,0,0
1637865889752,191,Medium-Large,200,OK,true,512313,139,26,26,8,0,0
1637865889893,60,Small-Medium,200,OK,true,102713,139,26,26,9,0,0
1637865889902,53,Small,200,OK,true,51510,138,26,26,10,0,0
1637865889937,30,Small,200,OK,true,51511,138,26,26,9,0,0
1637865889905,63,Small,200,OK,true,51511,138,26,26,8,0,0
1637865889637,339,Medium-Large,200,OK,true,512313,139,26,26,8,0,0
1637865889907,75,Small,200,OK,true,51511,138,26,26,8,0,0
1637865889860,129,Medium,200,OK,true,307513,139,26,26,9,0,0
1637865889761,235,Medium-Large,200,OK,true,512313,139,26,26,8,0,0
1637865889882,117,Medium,200,OK,true,307513,139,26,26,8,0,0
1637865889853,155,Small-Medium,200,OK,true,102713,139,26,26,9,0,0
1637865889999,24,Small,200,OK,true,51511,138,26,26,9,0,0
1637865889854,173,Medium-Large,200,OK,true,512313,139,26,26,9,0,0
1637865889889,138,Medium,200,OK,true,307513,139,26,26,8,0,0
1637865889576,463,Large,200,OK,true,1048891,137,26,26,8,0,0
1637865889875,165,Medium-Large,200,OK,true,512313,139,26,26,10,0,0
1637865889943,114,Medium,200,OK,true,307513,139,26,26,9,0,0
1637865890039,33,Small,200,OK,true,51511,138,26,26,9,0,0
1637865889665,407,Medium,200,OK,true,307513,139,26,26,8,0,0
1637865889717,357,Large,200,OK,true,1048891,137,26,26,7,0,0
1637865889647,466,Large,200,OK,true,1048891,137,26,26,11,0,0
1637865889989,125,Medium,200,OK,true,307513,139,26,26,8,0,0
1637865889890,229,Medium-Large,200,OK,true,512313,139,26,26,10,0,0
1637865890074,49,Small-Medium,200,OK,true,102713,139,26,26,9,0,0
1637865890009,125,Small-Medium,200,OK,true,102713,139,26,26,8,0,0
1637865890114,27,Small,200,OK,true,51511,138,26,26,9,0,0
1637865889996,146,Medium,200,OK,true,307513,139,26,26,10,0,0
1637865890113,29,Small,200,OK,true,51511,138,26,26,9,0,0
1637865890027,119,Medium,200,OK,true,307513,139,26,26,9,0,0
1637865890119,29,Small,200,OK,true,51511,138,26,26,8,0,0
1637865890040,115,Medium,200,OK,true,307513,139,26,26,9,0,0
1637865889973,190,Medium-Large,200,OK,true,512313,139,26,26,11,0,0
1637865889996,169,Medium,200,OK,true,307513,139,26,26,9,0,0
1637865890146,20,Small,200,OK,true,51511,138,26,26,9,0,0
1637865890165,28,Small,200,OK,true,51511,138,26,26,8,0,0
1637865890134,64,Small,200,OK,true,51511,138,26,26,8,0,0
1637865889726,472,Large,200,OK,true,1048891,137,26,26,9,0,0
1637865890178,26,Small,200,OK,true,51511,138,26,26,8,0,0
1637865890103,106,Medium,200,OK,true,307513,139,26,26,8,0,0
1637865890218,23,Small,200,OK,true,51511,138,26,26,9,0,0
1637865890042,212,Medium-Large,200,OK,true,512313,139,26,26,9,0,0
1637865890250,19,Small,200,OK,true,51511,138,26,26,8,0,0
1637865890156,138,Medium-Large,200,OK,true,512313,139,26,26,8,0,0
1637865890269,29,Small,200,OK,true,51511,138,26,26,9,0,0
1637865889924,378,Large,200,OK,true,1048891,137,26,26,8,0,0
1637865890281,24,Small,200,OK,true,51511,138,26,26,9,0,0
1637865890302,21,Small,200,OK,true,51511,138,26,26,9,0,0
1637865889977,349,Medium-Large,200,OK,true,512313,139,26,26,12,0,0
1637865890163,169,Medium-Large,200,OK,true,512313,139,26,26,8,0,0
1637865890321,18,Small,200,OK,true,51511,138,26,26,8,0,0
1637865889678,671,Large,200,OK,true,1048891,137,26,26,8,0,0
1637865890218,133,Medium,200,OK,true,307513,139,26,26,9,0,0
1637865890332,30,Small-Medium,200,OK,true,102713,139,26,26,8,0,0
1637865890209,158,Medium-Large,200,OK,true,512313,139,26,26,9,0,0
1637865890354,20,Small,200,OK,true,51511,138,26,26,9,0,0
1637865890255,127,Medium,200,OK,true,307513,139,26,26,8,0,0
1637865890327,75,Small-Medium,200,OK,true,102713,139,26,26,8,0,0
1637865890057,351,Large,200,OK,true,1048891,137,26,26,8,0,0
1637865890386,41,Small-Medium,200,OK,true,102713,139,26,26,8,0,0
1637865890199,237,Medium-Large,200,OK,true,512313,139,26,26,7,0,0
1637865890027,415,Large,200,OK,true,1048891,137,26,26,9,0,0
1637865890437,32,Small,200,OK,true,51511,138,26,26,9,0,0
1637865890351,121,Medium,200,OK,true,307513,139,26,26,9,0,0
1637865890436,50,Small-Medium,200,OK,true,102713,139,26,26,10,0,0
1637865890442,50,Small-Medium,200,OK,true,102713,139,26,26,8,0,0
1637865890406,112,Medium,200,OK,true,307513,139,26,26,8,0,0
1637865890368,183,Medium-Large,200,OK,true,512313,139,26,26,8,0,0
1637865890143,411,Large,200,OK,true,1048891,137,26,26,8,0,0
1637865890350,218,Medium,200,OK,true,307513,139,27,27,8,0,0
1637865890011,586,Medium-Large,200,OK,true,512313,139,27,27,8,0,0
1637865890374,230,Medium-Large,200,OK,true,512313,139,27,27,9,0,0
1637865890551,53,Small-Medium,200,OK,true,102713,139,27,27,10,0,0
1637865890142,465,Large,200,OK,true,1048890,137,27,27,8,0,0
1637865890294,314,Large,200,OK,true,1048891,137,27,27,9,0,0
1637865890408,203,Medium-Large,200,OK,true,512313,139,27,27,9,0,0
1637865890568,50,Small,200,OK,true,51511,138,27,27,10,0,0
1637865890382,236,Medium-Large,200,OK,true,512313,139,27,27,8,0,0
1637865890427,197,Medium-Large,200,OK,true,512313,139,27,27,9,0,0
1637865890608,21,Small,200,OK,true,51511,138,27,27,9,0,0
1637865890607,32,Small,200,OK,true,51510,138,27,27,9,0,0
1637865890458,182,Medium-Large,200,OK,true,512313,139,27,27,8,0,0
1637865890619,27,Small,200,OK,true,51511,138,27,27,8,0,0
1637865890007,645,Large,200,OK,true,1048890,137,27,27,8,0,0
1637865890624,38,Small-Medium,200,OK,true,102713,139,27,27,8,0,0
1637865889271,1409,Large,200,OK,true,1048891,137,27,27,10,0,0
1637865890224,469,Large,200,OK,true,1048891,137,27,27,8,0,0
1637865890008,708,Medium-Large,200,OK,true,512313,139,27,27,9,0,0
1637865890597,135,Small-Medium,200,OK,true,102713,139,27,27,8,0,0
1637865890541,196,Medium-Large,200,OK,true,512313,139,27,27,8,0,0
1637865890072,667,Medium-Large,200,OK,true,512313,139,27,27,8,0,0
1637865890680,64,Small,200,OK,true,51511,138,27,27,4,0,0
1637865890640,189,Medium-Large,200,OK,true,512313,139,27,27,10,0,0
1637865890604,245,Medium-Large,200,OK,true,512313,139,27,27,9,0,0
1637865890431,420,Medium-Large,200,OK,true,512313,139,27,27,9,0,0
1637865890716,152,Small-Medium,200,OK,true,102713,139,27,27,9,0,0
1637865890716,160,Medium,200,OK,true,307512,139,27,27,9,0,0
1637865890829,50,Small-Medium,200,OK,true,102713,139,27,27,9,0,0
1637865890652,238,Medium,200,OK,true,307512,139,27,27,9,0,0
1637865890868,73,Small,200,OK,true,51511,138,27,27,8,0,0
1637865890718,224,Medium-Large,200,OK,true,512313,139,27,27,9,0,0
1637865890518,432,Large,200,OK,true,1048891,137,27,27,10,0,0
1637865890490,466,Large,200,OK,true,1048891,137,27,27,9,0,0
1637865890737,261,Medium-Large,200,OK,true,512312,139,27,27,10,0,0
1637865890472,532,Large,200,OK,true,1048891,137,27,27,10,0,0
1637865891004,45,Small,200,OK,true,51511,138,27,27,10,0,0
1637865890999,53,Small-Medium,200,OK,true,102712,139,27,27,7,0,0
1637865890975,86,Small,200,OK,true,51511,138,27,27,8,0,0
1637865889925,1137,Large,200,OK,true,1048891,137,27,27,8,0,0
1637865890942,123,Medium,200,OK,true,307513,139,27,27,8,0,0
1637865890569,499,Large,200,OK,true,1048892,137,27,27,16,0,9
1637865890611,461,Large,200,OK,true,1048891,137,27,27,10,0,0
1637865890554,526,Large,200,OK,true,1048891,137,27,27,8,0,0
1637865891065,26,Small,200,OK,true,51511,138,27,27,8,0,0
1637865890541,551,Large,200,OK,true,1048891,137,27,27,8,0,0
1637865891068,24,Small,200,OK,true,51511,138,27,27,10,0,0
1637865890546,550,Large,200,OK,true,1048891,137,27,27,7,0,0
1637865890938,175,Medium-Large,200,OK,true,512312,139,27,27,8,0,0
1637865891072,42,Small-Medium,200,OK,true,102713,139,27,27,8,0,0
1637865890659,469,Large,200,OK,true,1048891,137,27,27,10,0,0
1637865891113,20,Small,200,OK,true,51510,138,27,27,10,0,0
1637865891112,28,Small,200,OK,true,51511,138,27,27,9,0,0
1637865890877,268,Medium-Large,200,OK,true,512312,139,27,27,9,0,0
1637865891092,53,Small-Medium,200,OK,true,102713,139,27,27,9,0,0
1637865891096,50,Small-Medium,200,OK,true,102713,139,27,27,8,0,0
1637865890677,470,Medium-Large,200,OK,true,512313,139,27,27,7,0,0
1637865890956,198,Medium-Large,200,OK,true,512313,139,27,27,10,0,0
1637865890950,215,Medium-Large,200,OK,true,512313,139,27,27,9,0,0
1637865890850,316,Medium-Large,200,OK,true,512313,139,27,27,8,0,0
1637865891154,16,Small,200,OK,true,51511,138,27,27,8,0,0
1637865891145,32,Small,200,OK,true,51510,138,27,27,8,0,0
1637865891147,35,Small,200,OK,true,51511,138,27,27,9,0,0
1637865891173,20,Small,200,OK,true,51511,138,27,27,8,0,0
1637865890694,505,Large,200,OK,true,1048891,137,27,27,8,0,0
1637865890731,471,Large,200,OK,true,1048891,137,27,27,8,0,0
1637865891177,32,Small-Medium,200,OK,true,102713,139,27,27,9,0,0
1637865891179,32,Small-Medium,200,OK,true,102713,139,27,27,8,0,0
1637865889769,1443,Large,200,OK,true,1048890,137,27,27,9,0,0
1637865890726,488,Large,200,OK,true,1048891,137,27,27,9,0,0
1637865891214,21,Small,200,OK,true,51511,138,27,27,8,0,0
1637865891166,74,Medium,200,OK,true,307513,139,27,27,9,0,0
1637865891219,24,Small,200,OK,true,51511,138,27,27,9,0,0
1637865891081,171,Medium-Large,200,OK,true,512313,139,27,27,8,0,0
1637865890852,413,Medium-Large,200,OK,true,512313,139,27,27,9,0,0
1637865891212,67,Small,200,OK,true,51510,138,27,27,7,0,0
1637865891262,34,Small-Medium,200,OK,true,102713,139,27,27,9,0,0
1637865891222,75,Medium,200,OK,true,307512,139,27,27,9,0,0
1637865891252,47,Small-Medium,200,OK,true,102713,139,27,27,10,0,0
1637865891285,25,Small,200,OK,true,51511,138,27,27,8,0,0
1637865891288,39,Small-Medium,200,OK,true,102713,139,27,27,8,0,0
1637865891204,128,Medium,200,OK,true,307513,139,27,27,9,0,0
1637865891266,75,Small-Medium,200,OK,true,102713,139,27,27,8,0,0
1637865891333,28,Small,200,OK,true,51511,138,27,27,9,0,0
1637865891322,42,Small-Medium,200,OK,true,102713,139,27,27,9,0,0
1637865891319,74,Small,200,OK,true,51510,138,27,27,8,0,0
1637865891253,144,Medium,200,OK,true,307512,139,27,27,8,0,0
1637865891062,341,Medium,200,OK,true,307513,139,27,27,9,0,0
1637865891106,300,Large,200,OK,true,1048890,137,27,27,10,0,0
1637865891199,219,Medium-Large,200,OK,true,512313,139,27,27,7,0,0
1637865891406,27,Small,200,OK,true,51510,138,27,27,8,0,0
1637865891397,36,Small,200,OK,true,51510,138,27,27,12,0,0
1637865891200,238,Medium-Large,200,OK,true,512313,139,27,27,7,0,0
1637865891393,56,Small-Medium,200,OK,true,102713,139,27,27,9,0,0
1637865891272,180,Medium-Large,200,OK,true,512313,139,27,27,9,0,0
1637865891128,326,Large,200,OK,true,1048891,137,27,27,9,0,0
1637865891429,30,Small,200,OK,true,51511,138,27,27,9,0,0
1637865890788,679,Medium-Large,200,OK,true,512313,139,27,27,8,0,0
1637865891439,30,Small,200,OK,true,51511,138,27,27,9,0,0
1637865891418,55,Small-Medium,200,OK,true,102713,139,27,27,8,0,0
1637865891452,25,Small,200,OK,true,51511,138,27,27,9,0,0
1637865890237,1255,Large,200,OK,true,1048891,137,27,27,8,0,0
1637865890890,640,Large,200,OK,true,1048890,137,27,27,9,0,0
1637865891370,168,Medium-Large,200,OK,true,512313,139,27,27,8,0,0
1637865891502,40,Small-Medium,200,OK,true,102713,139,27,27,8,0,0
1637865891538,30,Small,200,OK,true,51511,138,27,27,9,0,0
1637865891281,297,Large,200,OK,true,1048891,137,27,27,9,0,0
1637865891203,379,Large,200,OK,true,1048891,137,27,27,8,0,0
1637865891526,58,Small-Medium,200,OK,true,102713,139,27,27,8,0,0
1637865891438,150,Medium,200,OK,true,307513,139,27,27,8,0,0
1637865891360,232,Medium-Large,200,OK,true,512313,139,27,27,9,0,0
1637865891530,76,Small-Medium,200,OK,true,102712,139,27,27,8,0,0
1637865891493,124,Small-Medium,200,OK,true,102713,139,27,27,8,0,0
1637865891468,151,Small-Medium,200,OK,true,102713,139,27,27,8,0,0
1637865891609,28,Small,200,OK,true,51511,138,27,27,9,0,0
1637865891454,186,Medium-Large,200,OK,true,512313,139,27,27,8,0,0
1637865891330,314,Large,200,OK,true,1048890,137,27,27,9,0,0
1637865891505,149,Medium,200,OK,true,307512,139,27,27,9,0,0
1637865891579,94,Medium,200,OK,true,307513,139,27,27,8,0,0
1637865891638,50,Small,200,OK,true,51510,138,27,27,8,0,0
1637865891619,73,Small,200,OK,true,51511,138,27,27,9,0,0
1637865891167,527,Large,200,OK,true,1048891,137,27,27,9,0,0
1637865891582,118,Medium,200,OK,true,307513,139,27,27,8,0,0
1637865891547,154,Medium,200,OK,true,307512,139,27,27,9,0,0
1637865891645,57,Small-Medium,200,OK,true,102713,139,27,27,9,0,0
1637865891514,207,Medium-Large,200,OK,true,512312,139,27,27,9,0,0
1637865891588,157,Medium,200,OK,true,307513,139,27,27,9,0,0
1637865891329,421,Large,200,OK,true,1048891,137,27,27,9,0,0
1637865891644,114,Medium,200,OK,true,307512,139,27,27,9,0,0
1637865891640,125,Medium,200,OK,true,307513,139,27,27,8,0,0
1637865891721,57,Small-Medium,200,OK,true,102712,139,27,27,9,0,0
1637865891084,696,Medium-Large,200,OK,true,512313,139,27,27,8,0,0
1637865891559,221,Medium-Large,200,OK,true,512313,139,27,27,9,0,0
1637865891374,407,Medium-Large,200,OK,true,512313,139,27,27,8,0,0
1637865891747,43,Small,200,OK,true,51510,138,27,27,8,0,0
1637865891396,419,Large,200,OK,true,1048891,137,27,27,9,0,0
1637865891701,151,Medium,200,OK,true,307512,139,27,27,9,0,0
1637865891427,427,Medium,200,OK,true,307477,139,27,27,8,0,0
1637865891686,208,Medium-Large,200,OK,true,512313,139,27,27,8,0,0
1637865891894,34,Small,200,OK,true,51511,138,27,27,11,0,0
1637865891780,157,Small-Medium,200,OK,true,102713,139,27,27,10,0,0
1637865891654,301,Medium-Large,200,OK,true,512312,139,27,27,9,0,0
1637865891855,101,Small-Medium,200,OK,true,102712,139,27,27,12,0,0
1637865890732,1243,Large,200,OK,true,1048891,137,27,27,14,0,0
1637865891830,153,Medium,200,OK,true,307512,139,27,27,8,0,0
1637865891758,227,Medium-Large,200,OK,true,512312,139,27,27,9,0,0
1637865891956,35,Small,200,OK,true,51475,138,27,27,8,0,0
1637865891538,456,Large,200,OK,true,1048891,137,27,27,9,0,0
1637865891765,233,Medium-Large,200,OK,true,512313,139,27,27,8,0,0
1637865891745,256,Medium-Large,200,OK,true,512313,139,27,27,8,0,0
1637865891754,264,Medium-Large,200,OK,true,512313,139,27,27,9,0,0
1637865891780,241,Medium-Large,200,OK,true,512313,139,27,27,11,0,0
1637865891256,771,Large,200,OK,true,1048891,137,27,27,10,0,0
1637865891983,45,Small-Medium,200,OK,true,102712,139,27,27,8,0,0
1637865891994,47,Small-Medium,200,OK,true,102713,139,27,27,8,0,0
1637865891963,78,Small-Medium,200,OK,true,102712,139,27,27,11,0,0
1637865891998,56,Small-Medium,200,OK,true,102713,139,27,27,9,0,0
1637865891815,239,Medium-Large,200,OK,true,512313,139,27,27,9,0,0
1637865892027,40,Small,200,OK,true,51511,138,27,27,9,0,0
1637865891985,105,Medium,200,OK,true,307512,139,27,27,9,0,0
1637865891592,533,Large,200,OK,true,1048891,137,27,27,10,0,0
1637865890739,1395,Large,200,OK,true,1048891,137,27,27,9,0,0
1637865892093,42,Small-Medium,200,OK,true,102712,139,27,27,9,0,0
1637865892106,29,Small,200,OK,true,51511,138,27,27,8,0,0
1637865892102,39,Small-Medium,200,OK,true,102713,139,27,27,9,0,0
1637865891700,450,Large,200,OK,true,1048891,137,27,27,9,0,0
1637865891781,370,Medium-Large,200,OK,true,512313,139,27,27,9,0,0
1637865891634,518,Large,200,OK,true,1048891,137,27,27,8,0,0
1637865892018,143,Medium,200,OK,true,307513,139,27,27,7,0,0
1637865891716,471,Large,200,OK,true,1048891,137,27,27,9,0,0
1637865892150,40,Small-Medium,200,OK,true,102713,139,27,27,9,0,0
1637865892151,44,Small,200,OK,true,51511,138,27,27,10,0,0
1637865892092,115,Medium,200,OK,true,307512,139,27,27,8,0,0
1637865892054,182,Medium-Large,200,OK,true,512313,139,27,27,9,0,0
1637865892201,40,Small-Medium,200,OK,true,102712,139,27,27,7,0,0
1637865891694,554,Large,200,OK,true,1048891,137,27,27,9,0,0
1637865891750,520,Large,200,OK,true,1048891,137,27,27,7,0,0
1637865892134,137,Small-Medium,200,OK,true,102713,139,27,27,9,0,0
1637865892001,315,Large,200,OK,true,1048891,137,27,27,10,0,0
1637865892209,128,Medium,200,OK,true,307513,139,27,27,9,0,0
1637865892259,80,Small-Medium,200,OK,true,102713,139,27,27,11,0,0
1637865892213,128,Medium,200,OK,true,307513,139,27,27,8,0,0
1637865891975,370,Medium,200,OK,true,307513,139,27,27,9,0,0
1637865892271,75,Small,200,OK,true,51511,138,27,27,9,0,0
1637865891852,495,Large,200,OK,true,1048890,137,27,27,8,0,0
1637865892309,47,Small-Medium,200,OK,true,102677,139,27,27,8,0,0
1637865892237,145,Medium,200,OK,true,307513,139,27,27,8,0,0
1637865892125,258,Medium-Large,200,OK,true,512313,139,27,27,12,0,0
1637865892348,35,Small,200,OK,true,51510,138,27,27,7,0,0
1637865892152,231,Medium-Large,200,OK,true,512312,139,27,27,9,0,0
1637865892337,50,Small-Medium,200,OK,true,102713,139,27,27,9,0,0
1637865892341,56,Small-Medium,200,OK,true,102713,139,27,27,7,0,0
1637865892187,215,Medium-Large,200,OK,true,512313,139,27,27,9,0,0
1637865892316,96,Medium,200,OK,true,307513,139,27,27,9,0,0
1637865892383,30,Small,200,OK,true,51510,138,27,27,10,0,0
1637865892270,165,Medium,200,OK,true,307513,139,27,27,9,0,0
1637865891726,711,Medium-Large,200,OK,true,512313,139,27,27,8,0,0
1637865892402,37,Small-Medium,200,OK,true,102713,139,27,27,10,0,0
1637865892021,422,Large,200,OK,true,1048891,137,27,27,9,0,0
1637865892345,123,Small-Medium,200,OK,true,102713,139,27,27,8,0,0
1637865892446,23,Small,200,OK,true,51511,138,27,27,8,0,0
1637865892443,39,Small-Medium,200,OK,true,102713,139,27,27,8,0,0
1637865892436,49,Small-Medium,200,OK,true,102713,139,27,27,8,0,0
1637865892248,241,Medium-Large,200,OK,true,512313,139,27,27,8,0,0
1637865892416,80,Small,200,OK,true,51512,138,27,27,15,0,7
1637865892449,47,Small-Medium,200,OK,true,102713,139,27,27,8,0,0
1637865892064,438,Medium,200,OK,true,307514,139,27,27,17,0,8
1637865892001,508,Large,200,OK,true,1048891,137,27,27,8,0,0
1637865892424,88,Medium,200,OK,true,307513,139,27,27,8,0,0
1637865892510,28,Small,200,OK,true,51511,138,27,27,8,0,0
1637865892491,49,Small-Medium,200,OK,true,102712,139,27,27,8,0,0
1637865892489,59,Small-Medium,200,OK,true,102713,139,27,27,8,0,0
1637865892133,415,Medium-Large,200,OK,true,512313,139,27,27,8,0,0
1637865892382,169,Medium-Large,200,OK,true,512313,139,27,27,12,0,0
1637865892509,63,Small-Medium,200,OK,true,102713,139,27,27,8,0,0
1637865892383,199,Medium-Large,200,OK,true,512313,139,27,27,7,0,0
1637865892207,377,Large,200,OK,true,1048855,137,27,27,8,0,0
1637865892456,129,Medium,200,OK,true,307512,139,27,27,9,0,0
1637865892551,38,Small-Medium,200,OK,true,102713,139,27,27,8,0,0
1637865892544,48,Small-Medium,200,OK,true,102713,139,27,27,9,0,0
1637865892551,47,Small-Medium,200,OK,true,102713,139,27,27,8,0,0
1637865892532,73,Medium,200,OK,true,307513,139,27,27,7,0,0
1637865892162,448,Large,200,OK,true,1048891,137,27,27,8,0,0
1637865891855,760,Large,200,OK,true,1048892,137,27,27,16,0,8
1637865892582,34,Small-Medium,200,OK,true,102713,139,27,27,8,0,0
1637865892257,371,Large,200,OK,true,1048890,137,27,27,11,0,0
1637865892554,88,Medium,200,OK,true,307513,139,27,27,9,0,0
1637865892525,118,Small-Medium,200,OK,true,102713,139,27,27,9,0,0
1637865892610,36,Small-Medium,200,OK,true,102713,139,27,27,8,0,0
1637865892584,80,Small,200,OK,true,51512,138,27,27,16,0,8
1637865892640,29,Small-Medium,200,OK,true,102713,139,27,27,9,0,0
1637865892643,35,Small,200,OK,true,51511,138,27,27,8,0,0
1637865892557,144,Medium-Large,200,OK,true,512313,139,27,27,8,0,0
1637865892502,216,Medium,200,OK,true,307513,139,27,27,9,0,0
1637865892071,660,Large,200,OK,true,1048855,137,27,27,8,0,0
1637865892628,107,Medium,200,OK,true,307512,139,27,27,8,0,0
1637865892599,138,Medium,200,OK,true,307512,139,27,27,9,0,0
1637865892737,28,Small,200,OK,true,51510,138,27,27,9,0,0
1637865892718,55,Small-Medium,200,OK,true,102713,139,27,27,8,0,0
1637865892718,57,Small-Medium,200,OK,true,102713,139,27,27,9,0,0
1637865892659,126,Medium,200,OK,true,307513,139,27,27,10,0,0
1637865892661,124,Medium,200,OK,true,307513,139,27,27,10,0,0
1637865892585,210,Medium-Large,200,OK,true,512312,139,27,27,8,0,0
1637865891403,1405,Large,200,OK,true,1048891,137,27,27,9,0,0
1637865892731,80,Small,200,OK,true,51512,138,27,27,17,0,9
1637865892795,24,Small,200,OK,true,51510,138,27,27,8,0,0
1637865892785,47,Small-Medium,200,OK,true,102713,139,27,27,9,0,0
1637865892597,246,Medium-Large,200,OK,true,512313,139,27,27,9,0,0
1637865891617,1232,Large,200,OK,true,1048891,137,27,27,8,0,0
1637865892747,103,Medium,200,OK,true,307513,139,27,27,10,0,0
1637865892658,201,Medium-Large,200,OK,true,512313,139,27,27,8,0,0
1637865892826,36,Small,200,OK,true,51511,138,27,27,9,0,0
1637865892548,327,Medium-Large,200,OK,true,512313,139,27,27,8,0,0
1637865892826,60,Small-Medium,200,OK,true,102713,139,27,27,12,0,0
1637865892693,225,Medium,200,OK,true,307513,139,27,27,8,0,0
1637865892750,179,Medium-Large,200,OK,true,512313,139,27,27,9,0,0
1637865892918,22,Small,200,OK,true,51511,138,27,27,9,0,0
1637865892904,53,Small-Medium,200,OK,true,102712,139,27,27,8,0,0
1637865892856,119,Medium,200,OK,true,307513,139,27,27,8,0,0
1637865892849,127,Small-Medium,200,OK,true,102713,139,27,27,8,0,0
1637865892737,256,Medium-Large,200,OK,true,512312,139,27,27,10,0,0
1637865892785,209,Medium-Large,200,OK,true,512313,139,27,27,8,0,0
1637865892976,24,Small,200,OK,true,51511,138,27,27,8,0,0
1637865892843,161,Medium,200,OK,true,307513,139,27,27,8,0,0
1637865892617,400,Large,200,OK,true,1048891,137,27,27,11,0,0
1637865892893,136,Medium,200,OK,true,307513,139,27,27,10,0,0
1637865892929,125,Medium,200,OK,true,307513,139,27,27,8,0,0
1637865893011,57,Small-Medium,200,OK,true,102712,139,27,27,9,0,0
1637865892616,461,Large,200,OK,true,1048891,137,27,27,8,0,0
1637865892859,232,Medium-Large,200,OK,true,512313,139,27,27,14,0,0
1637865892437,659,Medium-Large,200,OK,true,512313,139,27,27,9,0,0
1637865892468,642,Medium-Large,200,OK,true,512313,139,27,27,9,0,0
1637865893082,29,Small,200,OK,true,51511,138,27,27,8,0,0
1637865893077,57,Small-Medium,200,OK,true,102713,139,27,27,9,0,0
1637865892618,517,Large,200,OK,true,1048891,137,27,27,8,0,0
1637865892701,439,Large,200,OK,true,1048891,137,27,27,10,0,0
1637865893091,53,Small-Medium,200,OK,true,102713,139,27,27,8,0,0
1637865892652,501,Large,200,OK,true,1048891,137,27,27,8,0,0
1637865892934,245,Medium-Large,200,OK,true,512313,139,27,27,10,0,0
1637865892934,252,Medium-Large,200,OK,true,512313,139,27,27,8,0,0
1637865892690,503,Large,200,OK,true,1048891,137,27,27,8,0,0
1637865892367,831,Large,200,OK,true,1048891,137,27,27,15,0,0
1637865893191,21,Small,200,OK,true,51511,138,27,27,9,0,0
1637865892875,342,Medium-Large,200,OK,true,512313,139,27,27,9,0,0
1637865893185,39,Small,200,OK,true,51511,138,27,27,8,0,0
1637865893179,60,Small-Medium,200,OK,true,102713,139,27,27,11,0,0
1637865893140,109,Medium,200,OK,true,307513,139,27,27,9,0,0
1637865893200,52,Small-Medium,200,OK,true,102713,139,27,27,10,0,0
1637865893054,207,Medium-Large,200,OK,true,512313,139,27,27,9,0,0
1637865893027,241,Medium-Large,200,OK,true,512313,139,27,27,11,0,0
1637865893249,25,Small,200,OK,true,51511,138,27,27,8,0,0
1637865892843,449,Large,200,OK,true,1048890,137,27,27,12,0,0
1637865893135,162,Medium,200,OK,true,307513,139,27,27,8,0,0
1637865893004,301,Medium-Large,200,OK,true,512313,139,27,27,8,0,0
1637865893193,144,Medium,200,OK,true,307513,139,27,27,17,0,0
1637865893292,54,Small-Medium,200,OK,true,102712,139,27,27,9,0,0
1637865893308,54,Small-Medium,200,OK,true,102713,139,27,27,8,0,0
1637865891937,1439,Large,200,OK,true,1048891,137,27,27,9,0,0
1637865893359,23,Small,200,OK,true,51511,138,27,27,7,0,0
1637865893153,252,Medium-Large,200,OK,true,512313,139,27,27,9,0,0
1637865892994,429,Large,200,OK,true,1048891,137,27,27,9,0,0
1637865893402,34,Small,200,OK,true,51510,138,27,27,9,0,0
1637865893288,149,Medium,200,OK,true,307513,139,27,27,9,0,0
1637865893029,416,Large,200,OK,true,1048891,137,27,27,9,0,0
1637865893017,442,Large,200,OK,true,1048891,137,27,27,9,0,0
1637865893416,54,Small-Medium,200,OK,true,102713,139,27,27,9,0,0
1637865893337,147,Medium,200,OK,true,307513,139,27,27,8,0,0
1637865893261,224,Medium-Large,200,OK,true,512313,139,27,27,11,0,0
1637865892993,499,Large,200,OK,true,1048890,137,27,27,12,0,0
1637865893305,192,Medium,200,OK,true,307513,139,27,27,9,0,0
1637865893096,413,Medium,200,OK,true,307513,139,27,27,8,0,0
1637865892839,672,Large,200,OK,true,1048891,137,27,27,8,0,0
1637865893466,46,Small-Medium,200,OK,true,102713,139,27,27,8,0,0
1637865893492,33,Small,200,OK,true,51510,138,27,27,9,0,0
1637865893509,24,Small,200,OK,true,51510,138,27,27,10,0,0
1637865893293,245,Medium-Large,200,OK,true,512313,139,27,27,9,0,0
1637865893217,322,Medium-Large,200,OK,true,512313,139,27,27,7,0,0
1637865893297,255,Medium-Large,200,OK,true,512313,139,27,27,8,0,0
1637865893405,158,Medium,200,OK,true,307513,139,27,27,9,0,0
1637865893538,28,Small,200,OK,true,51511,138,27,27,8,0,0
1637865893486,137,Medium,200,OK,true,307513,139,27,27,9,0,0
1637865893604,24,Small,200,OK,true,51510,138,27,27,9,0,0
1637865893119,523,Large,200,OK,true,1048855,137,27,27,9,0,0
1637865893511,135,Medium,200,OK,true,307513,139,27,27,9,0,0
1637865893445,212,Medium-Large,200,OK,true,512313,139,27,27,7,0,0
1637865893646,34,Small,200,OK,true,51511,138,27,27,9,0,0
1637865893299,388,Large,200,OK,true,1048891,137,27,27,9,0,0
1637865893459,234,Medium-Large,200,OK,true,512313,139,27,27,8,0,0
1637865893646,50,Small-Medium,200,OK,true,102713,139,27,27,9,0,0
1637865893657,44,Small-Medium,200,OK,true,102713,139,27,27,8,0,0
1637865893268,441,Large,200,OK,true,1048891,137,27,27,10,0,0
1637865893574,139,Medium,200,OK,true,307513,139,27,27,9,0,0
1637865892383,1346,Large,200,OK,true,1048891,137,27,27,7,0,0
1637865893111,623,Medium-Large,200,OK,true,512313,139,27,27,7,0,0
1637865893186,549,Large,200,OK,true,1048891,137,27,27,10,0,0
1637865893485,264,Medium-Large,200,OK,true,512313,139,27,27,9,0,0
1637865893623,135,Medium,200,OK,true,307513,139,27,27,8,0,0
1637865893735,64,Small-Medium,200,OK,true,102713,139,27,27,10,0,0
1637865893694,125,Medium,200,OK,true,307513,139,27,27,8,0,0
1637865893563,261,Medium-Large,200,OK,true,512313,139,27,27,9,0,0
1637865893709,135,Medium,200,OK,true,307513,139,27,27,8,0,0
1637865893713,144,Medium,200,OK,true,307513,139,27,27,8,0,0
1637865893539,321,Medium-Large,200,OK,true,512313,139,27,27,8,0,0
1637865893707,154,Medium,200,OK,true,307512,139,27,27,8,0,0
1637865893423,462,Large,200,OK,true,1048891,137,27,27,8,0,0
1637865893754,148,Medium,200,OK,true,307513,139,27,27,9,0,0
1637865893857,53,Small-Medium,200,OK,true,102713,139,27,27,9,0,0
1637865893885,52,Small-Medium,200,OK,true,102713,139,27,27,8,0,0
1637865893509,435,Medium,200,OK,true,307513,139,27,27,9,0,0
1637865893902,51,Small-Medium,200,OK,true,102713,139,27,27,9,0,0
1637865893437,527,Large,200,OK,true,1048891,137,27,27,7,0,0
1637865893525,445,Large,200,OK,true,1048890,137,27,27,8,0,0
1637865893824,158,Medium,200,OK,true,307513,139,27,27,9,0,0
1637865892808,1179,Large,200,OK,true,1048891,137,27,27,10,0,0
1637865893758,243,Medium-Large,200,OK,true,512313,139,27,27,9,0,0
1637865893970,32,Small,200,OK,true,51510,138,27,27,8,0,0
1637865893844,162,Medium,200,OK,true,307513,139,27,27,11,0,0
1637865893982,25,Small,200,OK,true,51511,138,27,27,8,0,0
1637865893749,264,Medium-Large,200,OK,true,512313,139,27,27,8,0,0
1637865893754,264,Medium-Large,200,OK,true,512313,139,27,27,8,0,0
1637865894002,18,Small,200,OK,true,51511,138,27,27,8,0,0
1637865893861,160,Medium,200,OK,true,307477,139,27,27,9,0,0
1637865893944,77,Small,200,OK,true,51511,138,27,27,8,0,0
1637865893198,837,Large,200,OK,true,1048891,137,27,27,13,0,0
1637865893617,418,Large,200,OK,true,1048890,137,27,27,8,0,0
1637865893687,362,Large,200,OK,true,1048891,137,27,27,9,0,0
1637865894010,46,Small-Medium,200,OK,true,102713,139,27,27,9,0,0
1637865893860,200,Medium,200,OK,true,307513,139,27,27,8,0,0
1637865894049,18,Small,200,OK,true,51511,138,27,27,9,0,0
1637865893844,225,Medium-Large,200,OK,true,512313,139,27,27,9,0,0
1637865894019,54,Small-Medium,200,OK,true,102713,139,27,27,9,0,0
1637865893965,110,Medium,200,OK,true,307513,139,27,27,8,0,0
1637865893552,533,Large,200,OK,true,1048891,137,27,27,9,0,0
1637865893643,452,Medium,200,OK,true,307514,139,27,27,17,0,9
1637865894069,31,Small-Medium,200,OK,true,102713,139,27,27,8,0,0
1637865893376,725,Medium-Large,200,OK,true,512313,139,27,27,8,0,0
1637865894060,51,Small-Medium,200,OK,true,102713,139,27,27,7,0,0
1637865894036,82,Medium,200,OK,true,307512,139,27,27,8,0,0
1637865893734,387,Medium,200,OK,true,307513,139,27,27,9,0,0
1637865894052,73,Small,200,OK,true,51511,138,27,27,8,0,0
1637865893497,636,Large,200,OK,true,1048891,137,27,27,8,0,0
1637865894085,52,Small-Medium,200,OK,true,102713,139,27,27,8,0,0
1637865893729,420,Medium,200,OK,true,307513,139,27,27,8,0,0
1637865894127,31,Small,200,OK,true,51511,138,27,27,8,0,0
1637865894006,157,Medium,200,OK,true,307513,139,27,27,9,0,0
1637865894095,73,Small,200,OK,true,51511,138,27,27,9,0,0
1637865893766,412,Large,200,OK,true,1048891,137,27,27,7,0,0
1637865894121,59,Small,200,OK,true,51511,138,27,27,9,0,0
1637865894021,159,Small-Medium,200,OK,true,102714,139,27,27,18,0,9
1637865894133,57,Small-Medium,200,OK,true,102713,139,27,27,9,0,0
1637865894163,35,Small,200,OK,true,51511,138,27,27,9,0,0
1637865893964,235,Medium-Large,200,OK,true,512313,139,27,27,9,0,0
1637865893819,404,Large,200,OK,true,1048891,137,27,27,8,0,0
1637865892977,1259,Large,200,OK,true,1048891,137,27,27,7,0,0
1637865894168,69,Small-Medium,200,OK,true,102713,139,27,27,9,0,0
1637865894075,167,Medium-Large,200,OK,true,512313,139,27,27,7,0,0
1637865894199,47,Small-Medium,200,OK,true,102713,139,27,27,8,0,0
1637865894101,148,Small-Medium,200,OK,true,102713,139,27,27,8,0,0
1637865894014,236,Medium-Large,200,OK,true,512313,139,27,27,9,0,0
1637865894193,60,Small-Medium,200,OK,true,102713,139,27,27,9,0,0
1637865894202,59,Small,200,OK,true,51511,138,27,27,8,0,0
1637865894077,187,Medium-Large,200,OK,true,512312,139,27,27,9,0,0
1637865894224,43,Small-Medium,200,OK,true,102713,139,27,27,8,0,0
1637865894110,171,Medium-Large,200,OK,true,512313,139,27,27,8,0,0
1637865894091,202,Medium-Large,200,OK,true,512313,139,27,27,9,0,0
1637865894149,148,Small-Medium,200,OK,true,102713,139,27,27,8,0,0
1637865894177,120,Medium,200,OK,true,307513,139,27,27,7,0,0
1637865894264,36,Small-Medium,200,OK,true,102712,139,27,27,9,0,0
1637865894230,71,Small,200,OK,true,51511,138,27,27,9,0,0
1637865894241,62,Small-Medium,200,OK,true,102713,139,27,27,9,0,0
1637865894157,151,Medium-Large,200,OK,true,512313,139,27,27,8,0,0
1637865894118,191,Medium-Large,200,OK,true,512313,139,27,27,9,0,0
1637865894178,166,Medium-Large,200,OK,true,512313,139,27,27,8,0,0
1637865894234,117,Medium,200,OK,true,307513,139,27,27,9,0,0
1637865894236,121,Small-Medium,200,OK,true,102713,139,27,27,10,0,0
1637865894275,85,Small-Medium,200,OK,true,102713,139,27,27,8,0,0
1637865893993,372,Large,200,OK,true,1048891,137,27,27,10,0,0
1637865894311,55,Small,200,OK,true,51511,138,27,27,9,0,0
1637865894332,47,Small-Medium,200,OK,true,102713,139,27,27,8,0,0
1637865894351,32,Small,200,OK,true,51511,138,27,27,8,0,0
1637865894250,150,Medium,200,OK,true,307513,139,27,27,8,0,0
1637865894338,64,Small,200,OK,true,51511,138,27,27,8,0,0
1637865894365,47,Small-Medium,200,OK,true,102713,139,27,27,9,0,0
1637865894357,67,Small,200,OK,true,51511,138,27,27,9,0,0
1637865894400,26,Small,200,OK,true,51511,138,27,27,9,0,0
1637865894309,121,Medium,200,OK,true,307513,139,27,27,9,0,0
1637865894035,401,Medium-Large,200,OK,true,512313,139,27,27,9,0,0
1637865894307,139,Medium,200,OK,true,307513,139,27,27,8,0,0
1637865894419,32,Small,200,OK,true,51511,138,27,27,8,0,0
1637865894243,208,Medium-Large,200,OK,true,512313,139,27,27,9,0,0
1637865894344,116,Medium,200,OK,true,307513,139,27,27,9,0,0
1637865894430,32,Small-Medium,200,OK,true,102713,139,27,27,8,0,0
1637865894440,30,Small,200,OK,true,51511,138,27,27,9,0,0
1637865894281,193,Medium-Large,200,OK,true,512313,139,27,27,9,0,0
1637865894297,188,Medium-Large,200,OK,true,512313,139,27,27,8,0,0
1637865894447,43,Small-Medium,200,OK,true,102713,139,27,27,9,0,0
1637865894475,22,Small,200,OK,true,51511,138,27,27,9,0,0
1637865894436,74,Small-Medium,200,OK,true,102713,139,27,27,8,0,0
1637865894485,34,Small-Medium,200,OK,true,102713,139,27,27,8,0,0
1637865894271,251,Medium-Large,200,OK,true,512313,139,27,27,8,0,0
1637865894144,379,Large,200,OK,true,1048855,137,27,27,8,0,0
1637865894467,66,Small,200,OK,true,51511,138,27,27,9,0,0
1637865893987,562,Medium-Large,200,OK,true,512313,139,27,27,9,0,0
1637865894451,103,Medium,200,OK,true,307513,139,27,27,10,0,0
1637865894460,100,Medium,200,OK,true,307513,139,27,27,8,0,0
1637865894384,183,Medium,200,OK,true,307513,139,27,27,8,0,0
1637865894548,21,Small,200,OK,true,51511,138,27,27,9,0,0
1637865894446,128,Small-Medium,200,OK,true,102713,139,27,27,9,0,0
1637865894560,22,Small,200,OK,true,51511,138,27,27,9,0,0
1637865894538,49,Small-Medium,200,OK,true,102713,139,27,27,9,0,0
1637865894309,301,Large,200,OK,true,1048891,137,27,27,8,0,0
1637865894568,64,Small-Medium,200,OK,true,102713,139,27,27,8,0,0
1637865894610,23,Small,200,OK,true,51511,138,27,27,8,0,0
1637865894474,167,Medium-Large,200,OK,true,512313,139,27,27,9,0,0
1637865894594,49,Small-Medium,200,OK,true,102713,139,27,27,8,0,0
1637865894522,142,Medium,200,OK,true,307513,139,27,27,9,0,0
1637865894549,119,Small-Medium,200,OK,true,102713,139,27,27,9,0,0
1637865894656,21,Small,200,OK,true,51511,138,27,27,9,0,0
1637865894568,110,Medium,200,OK,true,307513,139,27,27,9,0,0
1637865894555,128,Medium,200,OK,true,307513,139,27,27,8,0,0
1637865894664,26,Small,200,OK,true,51511,138,27,27,9,0,0
1637865894526,167,Medium-Large,200,OK,true,512313,139,27,27,8,0,0
1637865894573,129,Small-Medium,200,OK,true,102713,139,27,27,8,0,0
1637865894683,25,Small,200,OK,true,51511,138,27,27,8,0,0
1637865894678,40,Small-Medium,200,OK,true,102713,139,27,27,9,0,0
1637865894297,432,Medium,200,OK,true,307513,139,27,27,8,0,0
1637865894693,44,Small-Medium,200,OK,true,102713,139,27,27,9,0,0
1637865894372,367,Large,200,OK,true,1048890,137,27,27,7,0,0
1637865894293,448,Large,200,OK,true,1048891,137,27,27,9,0,0
1637865894739,16,Small,200,OK,true,51510,138,27,27,7,0,0
1637865894646,118,Medium,200,OK,true,307513,139,27,27,9,0,0
1637865894583,184,Medium-Large,200,OK,true,512313,139,27,27,8,0,0
1637865894668,101,Medium,200,OK,true,307513,139,27,27,10,0,0
1637865894301,496,Large,200,OK,true,1048891,137,27,27,8,0,0
1637865894786,25,Small,200,OK,true,51511,138,27,27,9,0,0
1637865894719,94,Medium,200,OK,true,307513,139,27,27,9,0,0
1637865894642,171,Medium-Large,200,OK,true,512313,139,27,27,7,0,0
1637865894773,57,Small-Medium,200,OK,true,102713,139,27,27,10,0,0
1637865894180,654,Medium-Large,200,OK,true,512313,139,27,27,9,0,0
1637865894350,500,Large,200,OK,true,1048891,137,27,27,7,0,0
1637865894813,45,Small-Medium,200,OK,true,102713,139,27,27,9,0,0
1637865894797,61,Small-Medium,200,OK,true,102713,139,27,27,9,0,0
1637865894847,21,Small,200,OK,true,51510,138,27,27,9,0,0
1637865894159,710,Medium-Large,200,OK,true,512313,139,27,27,8,0,0
1637865894729,141,Small-Medium,200,OK,true,102713,139,27,27,8,0,0
1637865894851,26,Small,200,OK,true,51511,138,27,27,7,0,0
1637865894764,127,Medium,200,OK,true,307513,139,27,27,9,0,0
1637865894767,125,Medium,200,OK,true,307513,139,27,27,9,0,0
1637865894459,436,Large,200,OK,true,1048891,137,27,27,8,0,0
1637865894776,128,Medium,200,OK,true,307513,139,27,27,9,0,0
1637865894881,38,Small,200,OK,true,51511,138,27,27,8,0,0
1637865894895,24,Small,200,OK,true,51511,138,27,27,10,0,0
1637865894792,138,Medium,200,OK,true,307513,139,27,27,7,0,0
1637865894870,81,Small,200,OK,true,51511,138,27,27,9,0,0
1637865894544,408,Medium-Large,200,OK,true,512313,139,27,27,8,0,0
1637865894510,447,Large,200,OK,true,1048891,137,27,27,9,0,0
1637865894574,383,Medium,200,OK,true,307513,139,27,27,9,0,0
1637865894765,199,Medium-Large,200,OK,true,512313,139,27,27,7,0,0
1637865894964,27,Small,200,OK,true,51511,138,27,27,9,0,0
1637865894959,38,Small,200,OK,true,51511,138,27,27,8,0,0
1637865894826,174,Medium-Large,200,OK,true,512313,139,27,27,8,0,0
1637865894957,51,Small-Medium,200,OK,true,102713,139,27,27,9,0,0
1637865894801,209,Medium-Large,200,OK,true,512313,139,27,27,8,0,0
1637865894892,125,Medium,200,OK,true,307513,139,27,27,11,0,0
1637865895005,26,Small,200,OK,true,51511,138,27,27,8,0,0
1637865894668,363,Medium,200,OK,true,307513,139,27,27,11,0,0
1637865895017,27,Small,200,OK,true,51511,138,27,27,8,0,0
1637865894523,536,Large,200,OK,true,1048892,137,27,27,17,0,9
1637865895010,50,Small-Medium,200,OK,true,102713,139,27,27,9,0,0
1637865894702,369,Medium,200,OK,true,307513,139,27,27,9,0,0
1637865895059,32,Small-Medium,200,OK,true,102713,139,27,27,9,0,0
1637865894702,392,Large,200,OK,true,1048891,137,27,27,8,0,0
1637865895032,80,Small,200,OK,true,51511,138,27,27,11,0,0
1637865895118,31,Small,200,OK,true,51511,138,27,27,10,0,0
1637865894905,251,Medium-Large,200,OK,true,512313,139,27,27,8,0,0
1637865894834,331,Medium,200,OK,true,307513,139,27,27,9,0,0
1637865895000,168,Medium-Large,200,OK,true,512313,139,27,27,9,0,0
1637865894952,221,Medium,200,OK,true,307513,139,27,27,9,0,0
1637865894930,248,Medium-Large,200,OK,true,512313,139,27,27,9,0,0
1637865895168,43,Small-Medium,200,OK,true,102713,139,27,27,10,0,0
1637865894742,486,Large,200,OK,true,1048891,137,27,27,7,0,0
1637865894989,258,Medium-Large,200,OK,true,512313,139,27,27,9,0,0
1637865895071,231,Medium-Large,200,OK,true,512313,139,27,27,12,0,0
1637865895276,30,Small,200,OK,true,51511,138,27,27,9,0,0
1637865895247,64,Small-Medium,200,OK,true,102713,139,27,27,10,0,0
1637865894869,446,Medium,200,OK,true,307513,139,27,27,10,0,0
1637865894892,436,Large,200,OK,true,1048891,137,27,27,10,0,0
1637865894894,440,Large,200,OK,true,1048891,137,27,27,10,0,0
1637865894677,663,Large,200,OK,true,1048891,137,27,27,8,0,0
1637865894904,447,Large,200,OK,true,1048891,137,27,27,9,0,0
1637865895178,175,Medium,200,OK,true,307513,139,27,27,8,0,0
1637865894922,437,Large,200,OK,true,1048891,137,27,27,8,0,0
1637865895302,59,Small-Medium,200,OK,true,102713,139,27,27,9,0,0
1637865895111,250,Medium-Large,200,OK,true,512313,139,27,27,8,0,0
1637865895225,143,Medium,200,OK,true,307513,139,27,27,8,0,0
1637865895355,37,Small,200,OK,true,51511,138,27,27,9,0,0
1637865894955,443,Large,200,OK,true,1048890,137,27,27,9,0,0
1637865895383,19,Small,200,OK,true,51511,138,27,27,9,0,0
1637865895359,47,Small-Medium,200,OK,true,102713,139,27,27,9,0,0
1637865895361,60,Small-Medium,200,OK,true,102713,139,27,27,9,0,0
1637865895156,266,Medium-Large,200,OK,true,512313,139,27,27,9,0,0
1637865894978,446,Medium,200,OK,true,307513,139,27,27,9,0,0
1637865895422,33,Small,200,OK,true,51511,138,27,27,9,0,0
1637865895334,124,Medium,200,OK,true,307513,139,27,27,8,0,0
1637865895353,132,Medium,200,OK,true,307513,139,27,27,9,0,0
1637865895174,347,Medium-Large,200,OK,true,512313,139,27,27,9,0,0
1637865895492,30,Small,200,OK,true,51511,138,27,27,9,0,0
1637865895470,62,Small-Medium,200,OK,true,102713,139,27,27,8,0,0
1637865895410,130,Medium,200,OK,true,307513,139,27,27,9,0,0
1637865895486,54,Small-Medium,200,OK,true,102713,139,27,27,8,0,0
1637865895328,215,Medium-Large,200,OK,true,512313,139,27,27,9,0,0
1637865895094,449,Large,200,OK,true,1048891,137,27,27,8,0,0
1637865895351,206,Medium-Large,200,OK,true,512313,139,27,27,9,0,0
1637865895368,193,Medium-Large,200,OK,true,512313,139,27,27,8,0,0
1637865895125,440,Large,200,OK,true,1048891,137,27,27,9,0,0
1637865895065,509,Large,200,OK,true,1048891,137,27,27,9,0,0
1637865895139,436,Medium,200,OK,true,307513,139,27,27,9,0,0
1637865895425,155,Small-Medium,200,OK,true,102713,139,27,27,9,0,0
1637865895530,60,Small-Medium,200,OK,true,102713,139,27,27,8,0,0
1637865895558,48,Small-Medium,200,OK,true,102713,139,27,27,9,0,0
1637865895561,49,Small-Medium,200,OK,true,102713,139,27,27,9,0,0
1637865895167,444,Large,200,OK,true,1048891,137,27,27,11,0,0
1637865895463,152,Medium,200,OK,true,307513,139,27,27,8,0,0
1637865895574,50,Small-Medium,200,OK,true,102713,139,27,27,9,0,0
1637865895578,62,Small-Medium,200,OK,true,102713,139,27,27,8,0,0
1637865895611,37,Small-Medium,200,OK,true,102713,139,27,27,8,0,0
1637865895575,74,Small,200,OK,true,51511,138,27,27,9,0,0
1637865895540,121,Medium,200,OK,true,307513,139,27,27,9,0,0
1637865895458,213,Medium-Large,200,OK,true,512313,139,27,27,8,0,0
1637865895616,55,Small-Medium,200,OK,true,102713,139,27,27,9,0,0
1637865895066,610,Large,200,OK,true,1048891,137,27,27,9,0,0
1637865895340,343,Medium-Large,200,OK,true,512313,139,27,27,8,0,0
1637865895599,91,Medium,200,OK,true,307513,139,27,27,9,0,0
1637865895165,535,Medium-Large,200,OK,true,512313,139,27,27,9,0,0
1637865895666,48,Small-Medium,200,OK,true,102712,139,27,27,8,0,0
1637865894249,1475,Large,200,OK,true,1048891,137,27,27,11,0,0
1637865895228,497,Large,200,OK,true,1048891,137,27,27,10,0,0
1637865895682,49,Small-Medium,200,OK,true,102713,139,27,27,9,0,0
1637865895071,662,Medium-Large,200,OK,true,512313,139,27,27,13,0,0
1637865895543,201,Medium-Large,200,OK,true,512313,139,27,27,11,0,0
1637865895700,61,Small,200,OK,true,51511,138,27,27,9,0,0
1637865895724,60,Small-Medium,200,OK,true,102713,139,27,27,9,0,0
1637865895638,151,Medium,200,OK,true,307513,139,27,27,9,0,0
1637865895733,63,Small,200,OK,true,51511,138,27,27,8,0,0
1637865895670,136,Medium,200,OK,true,307513,139,27,27,8,0,0
1637865895398,414,Large,200,OK,true,1048890,137,27,27,10,0,0
1637865895594,236,Medium-Large,200,OK,true,512313,139,27,27,10,0,0
1637865895812,27,Small,200,OK,true,51475,138,27,27,8,0,0
1637865895830,59,Small-Medium,200,OK,true,102713,139,27,27,9,0,0
1637865895684,213,Medium,200,OK,true,307513,139,27,27,8,0,0
1637865895841,69,Small,200,OK,true,51511,138,27,27,9,0,0
1637865895467,445,Large,200,OK,true,1048891,137,27,27,8,0,0
1637865895676,237,Medium-Large,200,OK,true,512313,139,27,27,10,0,0
1637865895686,243,Medium-Large,200,OK,true,512313,139,27,27,8,0,0
1637865895708,223,Medium-Large,200,OK,true,512313,139,27,27,8,0,0
1637865895913,29,Small,200,OK,true,51511,138,27,27,9,0,0
1637865895789,155,Medium,200,OK,true,307513,139,27,27,9,0,0
1637865895719,238,Medium-Large,200,OK,true,512313,139,27,27,8,0,0
1637865895543,430,Large,200,OK,true,1048891,137,27,27,8,0,0
1637865895745,233,Medium-Large,200,OK,true,512313,139,27,27,8,0,0
1637865895929,49,Small-Medium,200,OK,true,102713,139,27,27,9,0,0
1637865895957,32,Small,200,OK,true,51511,138,27,27,8,0,0
1637865895774,225,Medium-Large,200,OK,true,512312,139,27,27,9,0,0
1637865895833,167,Medium,200,OK,true,307513,139,27,27,9,0,0
1637865895565,440,Large,200,OK,true,1048891,137,27,27,10,0,0
1637865895978,28,Small,200,OK,true,51511,138,27,27,9,0,0
1637865895944,62,Small-Medium,200,OK,true,102713,139,27,27,14,0,0
1637865896000,28,Small,200,OK,true,51511,138,27,27,10,0,0
1637865896005,25,Small,200,OK,true,51511,138,27,27,8,0,0
1637865895671,405,Large,200,OK,true,1048891,137,27,27,9,0,0
1637865895931,149,Medium-Large,200,OK,true,512313,139,27,27,9,0,0
1637865895682,417,Medium,200,OK,true,307513,139,27,27,8,0,0
1637865896076,26,Small,200,OK,true,51511,138,27,27,9,0,0
1637865895661,454,Large,200,OK,true,1048891,137,27,27,10,0,0
1637865896108,40,Small,200,OK,true,51511,138,27,27,8,0,0
1637865896114,43,Small-Medium,200,OK,true,102713,139,27,27,8,0,0
1637865895938,238,Medium-Large,200,OK,true,512313,139,27,27,8,0,0
1637865895974,205,Medium-Large,200,OK,true,512313,139,27,27,8,0,0
1637865896080,100,Medium,200,OK,true,307513,139,27,27,16,0,0
1637865896020,173,Medium,200,OK,true,307513,139,27,27,9,0,0
1637865895999,194,Medium-Large,200,OK,true,512312,139,27,27,8,0,0
1637865896183,18,Small,200,OK,true,51511,138,27,27,8,0,0
1637865895726,487,Large,200,OK,true,1048891,137,27,27,9,0,0
1637865896100,118,Small-Medium,200,OK,true,102713,139,27,27,9,0,0
1637865896193,25,Small,200,OK,true,51510,138,27,27,10,0,0
1637865895521,700,Large,200,OK,true,1048891,137,27,27,9,0,0
1637865895806,416,Large,200,OK,true,1048891,137,27,27,9,0,0
1637865896065,181,Medium-Large,200,OK,true,512313,139,27,27,9,0,0
1637865896246,27,Small,200,OK,true,51511,138,27,27,9,0,0
1637865895790,503,Large,200,OK,true,1048891,137,27,27,9,0,0
1637865896188,105,Medium,200,OK,true,307513,139,27,27,8,0,0
1637865896221,74,Small-Medium,200,OK,true,102713,139,27,27,9,0,0
1637865896085,211,Medium-Large,200,OK,true,512313,139,27,27,10,0,0
1637865895913,403,Large,200,OK,true,1048891,137,27,27,8,0,0
1637865896053,266,Medium-Large,200,OK,true,512313,139,27,27,9,0,0
1637865896115,209,Medium-Large,200,OK,true,512313,139,27,27,9,0,0
1637865895808,524,Medium-Large,200,OK,true,512313,139,27,27,8,0,0
1637865895949,398,Medium,200,OK,true,307513,139,27,27,10,0,0
1637865896296,52,Small-Medium,200,OK,true,102713,139,27,27,8,0,0
1637865896292,57,Small-Medium,200,OK,true,102713,139,27,27,11,0,0
1637865896316,39,Small-Medium,200,OK,true,102713,139,27,27,9,0,0
1637865896222,136,Medium,200,OK,true,307513,139,27,27,10,0,0
1637865896179,202,Medium-Large,200,OK,true,512313,139,27,27,8,0,0
1637865896215,174,Medium,200,OK,true,307513,139,27,27,10,0,0
1637865896332,60,Small,200,OK,true,51511,138,27,27,11,0,0
1637865896176,236,Medium-Large,200,OK,true,512313,139,27,27,8,0,0
1637865896347,66,Small,200,OK,true,51511,138,27,27,8,0,0
1637865896300,131,Medium,200,OK,true,307512,139,27,27,8,0,0
1637865896221,216,Medium-Large,200,OK,true,512313,139,27,27,10,0,0
1637865896193,254,Medium-Large,200,OK,true,512313,139,27,27,9,0,0
1637865894957,1494,Large,200,OK,true,1048891,137,27,27,9,0,0
1637865896447,29,Small,200,OK,true,51511,138,27,27,8,0,0
1637865896296,190,Medium-Large,200,OK,true,512313,139,27,27,9,0,0
1637865896353,134,Medium,200,OK,true,307513,139,27,27,9,0,0
1637865896437,51,Small-Medium,200,OK,true,102713,139,27,27,9,0,0
1637865896038,465,Large,200,OK,true,1048891,137,27,27,7,0,0
1637865896381,136,Medium,200,OK,true,307513,139,27,27,9,0,0
1637865896451,75,Small,200,OK,true,51511,138,27,27,9,0,0
1637865896503,24,Small,200,OK,true,51511,138,27,27,9,0,0
1637865896400,141,Medium,200,OK,true,307513,139,27,27,8,0,0
1637865896404,138,Medium,200,OK,true,307513,139,27,27,8,0,0
1637865896424,137,Medium,200,OK,true,307512,139,27,27,9,0,0
1637865896319,243,Medium-Large,200,OK,true,512313,139,27,27,9,0,0
1637865896431,137,Medium,200,OK,true,307512,139,27,27,9,0,0
1637865895897,695,Large,200,OK,true,1048891,137,28,28,9,0,0
1637865896486,108,Medium,200,OK,true,307513,139,28,28,9,0,0
1637865896329,266,Medium,200,OK,true,307513,139,28,28,9,0,0
1637865896487,132,Medium,200,OK,true,307513,139,28,28,9,0,0
1637865896598,33,Small,200,OK,true,51511,138,28,28,9,0,0
1637865896389,257,Medium-Large,200,OK,true,512313,139,28,28,8,0,0
1637865896574,83,Small,200,OK,true,51512,138,28,28,17,0,8
1637865896412,260,Medium-Large,200,OK,true,512313,139,28,28,9,0,0
1637865896619,54,Small-Medium,200,OK,true,102713,139,28,28,9,0,0
1637865896560,132,Small-Medium,200,OK,true,102713,139,28,28,8,0,0
1637865896568,147,Medium,200,OK,true,307512,139,28,28,9,0,0
1637865896213,503,Large,200,OK,true,1048891,137,28,28,9,0,0
1637865895315,1437,Large,200,OK,true,1048891,137,28,28,8,0,0
1637865896715,56,Small-Medium,200,OK,true,102712,139,28,28,7,0,0
1637865896324,449,Large,200,OK,true,1048891,137,28,28,9,0,0
1637865896542,238,Medium-Large,200,OK,true,512313,139,28,28,10,0,0
1637865896358,440,Large,200,OK,true,1048891,137,28,28,8,0,0
1637865896293,506,Large,200,OK,true,1048891,137,28,28,9,0,0
1637865896562,238,Medium-Large,200,OK,true,512312,139,28,28,9,0,0
1637865896780,32,Small,200,OK,true,51511,138,28,28,9,0,0
1637865896440,383,Medium,200,OK,true,307513,139,28,28,8,0,0
1637865896798,27,Small,200,OK,true,51511,138,28,28,9,0,0
1637865896672,153,Medium,200,OK,true,307513,139,28,28,9,0,0
1637865896562,265,Medium-Large,200,OK,true,512313,139,28,28,10,0,0
1637865896753,76,Small,200,OK,true,51511,138,28,28,9,0,0
1637865896554,276,Medium-Large,200,OK,true,512313,139,28,28,14,0,0
1637865896799,31,Small,200,OK,true,51511,138,28,28,10,0,0
1637865896800,31,Small,200,OK,true,51510,138,28,28,9,0,0
1637865896709,124,Medium,200,OK,true,307513,139,28,28,9,0,0
1637865896685,152,Small-Medium,200,OK,true,102713,139,28,28,9,0,0
1637865896612,241,Medium-Large,200,OK,true,512313,139,28,28,8,0,0
1637865896827,27,Small,200,OK,true,51510,138,28,28,8,0,0
1637865896218,647,Medium-Large,200,OK,true,512313,139,28,28,9,0,0
1637865896853,21,Small,200,OK,true,51511,138,28,28,9,0,0
1637865896837,80,Small,200,OK,true,51511,138,28,28,9,0,0
1637865896595,352,Medium-Large,200,OK,true,512313,139,28,28,9,0,0
1637865896517,445,Large,200,OK,true,1048891,137,28,28,9,0,0
1637865896541,429,Large,200,OK,true,1048891,137,28,28,9,0,0
1637865896716,254,Medium-Large,200,OK,true,512313,139,28,28,9,0,0
1637865896830,141,Medium,200,OK,true,307513,139,28,28,9,0,0
1637865896827,159,Medium,200,OK,true,307513,139,28,28,10,0,0
1637865896546,447,Large,200,OK,true,1048891,137,28,28,9,0,0
1637865896940,58,Small-Medium,200,OK,true,102677,139,28,28,8,0,0
1637865895580,1433,Large,200,OK,true,1048891,137,28,28,10,0,0
1637865896963,56,Small-Medium,200,OK,true,102713,139,28,28,8,0,0
1637865895920,1101,Large,200,OK,true,1048892,137,28,28,17,0,9
1637865896965,61,Small-Medium,200,OK,true,102713,139,28,28,8,0,0
1637865896892,145,Medium,200,OK,true,307513,139,28,28,8,0,0
1637865897021,48,Small-Medium,200,OK,true,102713,139,28,28,8,0,0
1637865896949,154,Small-Medium,200,OK,true,102713,139,28,28,8,0,0
1637865897077,33,Small,200,OK,true,51511,138,28,28,9,0,0
1637865896970,146,Medium,200,OK,true,307513,139,28,28,8,0,0
1637865897116,23,Small,200,OK,true,51511,138,28,28,8,0,0
1637865896823,322,Medium,200,OK,true,307513,139,28,28,8,0,0
1637865897133,28,Small,200,OK,true,51511,138,28,28,8,0,0
1637865897013,156,Small-Medium,200,OK,true,102713,139,28,28,9,0,0
1637865896646,531,Large,200,OK,true,1048891,137,28,28,9,0,0
1637865896731,456,Large,200,OK,true,1048891,137,28,28,8,0,0
1637865895725,1464,Large,200,OK,true,1048891,137,28,28,8,0,0
1637865897177,28,Small,200,OK,true,51511,138,28,28,9,0,0
1637865896773,441,Large,200,OK,true,1048891,137,28,28,9,0,0
1637865896833,386,Large,200,OK,true,1048891,137,28,28,9,0,0
1637865896865,359,Medium,200,OK,true,307513,139,28,28,9,0,0
1637865896993,232,Medium-Large,200,OK,true,512313,139,28,28,9,0,0
1637865897225,23,Small,200,OK,true,51511,138,28,28,9,0,0
1637865896593,661,Large,200,OK,true,1048891,137,28,28,8,0,0
1637865897214,49,Small-Medium,200,OK,true,102713,139,28,28,8,0,0
1637865897228,44,Small-Medium,200,OK,true,102713,139,28,28,9,0,0
1637865896825,515,Large,200,OK,true,1048891,137,28,28,9,0,0
1637865896911,441,Large,200,OK,true,1048890,137,28,28,11,0,0
1637865896912,449,Large,200,OK,true,1048891,137,28,28,8,0,0
1637865897340,30,Small,200,OK,true,51511,138,28,28,11,0,0
1637865897325,53,Small-Medium,200,OK,true,102713,139,28,28,9,0,0
1637865897219,166,Medium-Large,200,OK,true,512313,139,28,28,9,0,0
1637865897187,212,Medium-Large,200,OK,true,512313,139,28,28,7,0,0
1637865897245,177,Medium-Large,200,OK,true,512313,139,28,28,10,0,0
1637865897398,24,Small,200,OK,true,51511,138,28,28,8,0,0
1637865897421,21,Small,200,OK,true,51511,138,28,28,9,0,0
1637865896911,555,Large,200,OK,true,1048891,137,28,28,11,0,0
1637865897450,24,Small,200,OK,true,51511,138,28,28,8,0,0
1637865897037,445,Large,200,OK,true,1048891,137,28,28,9,0,0
1637865897437,50,Small-Medium,200,OK,true,102713,139,28,28,10,0,0
1637865896971,540,Large,200,OK,true,1048891,137,28,28,9,0,0
1637865897465,50,Small-Medium,200,OK,true,102713,139,28,28,9,0,0
1637865896986,533,Large,200,OK,true,1048891,137,28,28,9,0,0
1637865897075,447,Large,200,OK,true,1048891,137,28,28,12,0,0
1637865897337,195,Medium-Large,200,OK,true,512313,139,28,28,9,0,0
1637865897385,164,Medium-Large,200,OK,true,512313,139,28,28,12,0,0
1637865897360,200,Medium-Large,200,OK,true,512313,139,28,28,11,0,0
1637865897521,47,Small-Medium,200,OK,true,102713,139,28,28,9,0,0
1637865897290,285,Medium-Large,200,OK,true,512313,139,28,28,9,0,0
1637865896971,605,Large,200,OK,true,1048891,137,28,28,9,0,0
1637865897340,249,Medium-Large,200,OK,true,512313,139,28,28,10,0,0
1637865897254,353,Medium-Large,200,OK,true,512313,139,28,28,9,0,0
1637865897169,465,Medium,200,OK,true,307513,139,28,28,10,0,0
1637865897575,61,Small-Medium,200,OK,true,102713,139,28,28,9,0,0
1637865897589,56,Small-Medium,200,OK,true,102713,139,28,28,9,0,0
1637865897578,70,Small-Medium,200,OK,true,102713,139,28,28,9,0,0
1637865897549,113,Medium,200,OK,true,307513,139,28,28,9,0,0
1637865897663,29,Small-Medium,200,OK,true,102713,139,28,28,9,0,0
1637865897189,511,Large,200,OK,true,1048891,137,28,28,7,0,0
1637865896947,773,Large,200,OK,true,1048891,137,28,28,8,0,0
1637865897699,30,Small,200,OK,true,51511,138,28,28,9,0,0
1637865897104,629,Medium-Large,200,OK,true,512313,139,28,28,7,0,0
1637865897633,136,Medium,200,OK,true,307513,139,28,28,9,0,0
1637865897532,237,Medium-Large,200,OK,true,512313,139,28,28,10,0,0
1637865897560,220,Medium-Large,200,OK,true,512313,139,28,28,10,0,0
1637865897351,430,Large,200,OK,true,1048890,137,28,28,9,0,0
1637865897051,742,Medium-Large,200,OK,true,512314,139,28,28,17,0,8
1637865896454,1347,Large,200,OK,true,1048891,137,28,28,9,0,0
1637865897780,33,Small,200,OK,true,51511,138,28,28,11,0,0
1637865897769,56,Small-Medium,200,OK,true,102713,139,28,28,10,0,0
1637865897534,393,Large,200,OK,true,1048891,137,28,28,9,0,0
1637865897481,453,Large,200,OK,true,1048891,137,28,28,8,0,0
1637865897510,465,Large,200,OK,true,1048891,137,28,28,9,0,0
1637865897688,292,Medium-Large,200,OK,true,512313,139,28,28,9,0,0
1637865897775,231,Medium-Large,200,OK,true,512313,139,28,28,9,0,0
1637865896692,1341,Large,200,OK,true,1048891,137,28,28,9,0,0
1637865897549,483,Large,200,OK,true,1048891,137,28,28,9,0,0
1637865897510,532,Large,200,OK,true,1048891,137,28,28,9,0,0
1637865897564,486,Large,200,OK,true,1048891,137,28,28,9,0,0
1637865897811,262,Medium-Large,200,OK,true,512313,139,28,28,9,0,0
1637865898051,32,Small,200,OK,true,51511,138,28,28,9,0,0
1637865897928,157,Medium,200,OK,true,307513,139,28,28,8,0,0
1637865897518,572,Large,200,OK,true,1048891,137,28,28,9,0,0
1637865897574,567,Large,200,OK,true,1048891,137,28,28,9,0,0
1637865897893,258,Medium-Large,200,OK,true,512313,139,28,28,8,0,0
1637865898032,131,Small-Medium,200,OK,true,102713,139,28,28,9,0,0
1637865898042,167,Medium,200,OK,true,307513,139,28,28,9,0,0
1637865897691,544,Large,200,OK,true,1048891,137,28,28,8,0,0
1637865898209,28,Small,200,OK,true,51511,138,28,28,9,0,0
1637865898073,172,Medium,200,OK,true,307513,139,28,28,10,0,0
1637865897701,551,Large,200,OK,true,1048891,137,28,28,9,0,0
1637865897732,533,Medium-Large,200,OK,true,512313,139,28,28,8,0,0
1637865897769,505,Large,200,OK,true,1048891,137,28,28,9,0,0
1637865898252,30,Small,200,OK,true,51511,138,28,28,8,0,0
1637865898033,254,Medium-Large,200,OK,true,512313,139,28,28,8,0,0
1637865897781,518,Large,200,OK,true,1048890,137,28,28,9,0,0
1637865897606,705,Large,200,OK,true,1048891,137,28,28,10,0,0
1637865897980,341,Medium-Large,200,OK,true,512313,139,28,28,8,0,0
1637865898085,238,Medium-Large,200,OK,true,512313,139,28,28,12,0,0
1637865898299,25,Small,200,OK,true,51510,138,28,28,9,0,0
1637865897633,710,Medium-Large,200,OK,true,512313,139,28,28,9,0,0
1637865898090,261,Medium-Large,200,OK,true,512312,139,28,28,8,0,0
1637865896865,1492,Large,200,OK,true,1048891,137,28,28,8,0,0
1637865897792,564,Medium-Large,200,OK,true,512313,139,28,28,10,0,0
1637865898321,59,Small-Medium,200,OK,true,102713,139,28,28,10,0,0
1637865898151,240,Medium-Large,200,OK,true,512313,139,28,28,9,0,0
1637865897881,511,Large,200,OK,true,1048891,137,28,28,9,0,0
1637865898161,243,Medium-Large,200,OK,true,512313,139,28,28,9,0,0
1637865897719,705,Large,200,OK,true,1048891,137,28,28,9,0,0
1637865897934,506,Large,200,OK,true,1048891,137,28,28,8,0,0
1637865898006,435,Large,200,OK,true,1048891,137,28,28,9,0,0
1637865897145,1304,Large,200,OK,true,1048891,137,28,28,9,0,0
1637865897800,656,Medium-Large,200,OK,true,512313,139,28,28,9,0,0
1637865898323,134,Medium,200,OK,true,307513,139,28,28,9,0,0
1637865898441,17,Small,200,OK,true,51511,138,28,28,10,0,0
1637865897224,1243,Large,200,OK,true,1048891,137,28,28,11,0,0
1637865898356,111,Small-Medium,200,OK,true,102713,139,28,28,9,0,0
1637865897975,503,Large,200,OK,true,1048891,137,28,28,9,0,0
1637865898457,36,Small-Medium,200,OK,true,102713,139,28,28,10,0,0
1637865898236,261,Medium-Large,200,OK,true,512313,139,28,28,8,0,0
1637865898321,184,Medium,200,OK,true,307513,139,28,28,9,0,0
1637865898274,232,Medium-Large,200,OK,true,512313,139,28,28,9,0,0
1637865898356,151,Small-Medium,200,OK,true,102713,139,28,28,10,0,0
1637865898351,174,Medium,200,OK,true,307512,139,28,28,8,0,0
1637865898456,73,Small,200,OK,true,51511,138,28,28,11,0,0
1637865898497,54,Small-Medium,200,OK,true,102713,139,28,28,8,0,0
1637865898364,239,Medium-Large,200,OK,true,512313,139,28,28,9,0,0
1637865898434,170,Medium,200,OK,true,307513,139,28,28,8,0,0
1637865898478,128,Medium,200,OK,true,307513,139,28,28,9,0,0
1637865898391,217,Medium-Large,200,OK,true,512313,139,28,28,9,0,0
1637865898569,42,Small-Medium,200,OK,true,102713,139,28,28,9,0,0
1637865898411,207,Medium-Large,200,OK,true,512312,139,28,28,9,0,0
1637865898604,22,Small,200,OK,true,51511,138,28,28,8,0,0
1637865898404,239,Medium-Large,200,OK,true,512313,139,28,28,9,0,0
1637865898606,40,Small-Medium,200,OK,true,102713,139,28,28,8,0,0
1637865898265,386,Medium,200,OK,true,307513,139,28,28,9,0,0
1637865898618,34,Small,200,OK,true,51510,138,28,28,9,0,0
1637865898311,350,Medium-Large,200,OK,true,512313,139,28,28,9,0,0
1637865898644,20,Small,200,OK,true,51511,138,28,28,10,0,0
1637865898508,158,Small-Medium,200,OK,true,102713,139,28,28,8,0,0
1637865898141,528,Large,200,OK,true,1048891,137,28,28,9,0,0
1637865898440,242,Medium-Large,200,OK,true,512313,139,28,28,10,0,0
1637865897189,1511,Large,200,OK,true,1048891,137,28,28,8,0,0
1637865898661,42,Small,200,OK,true,51511,138,28,28,10,0,0
1637865898568,144,Small-Medium,200,OK,true,102713,139,28,28,10,0,0
1637865898506,208,Medium-Large,200,OK,true,512313,139,28,28,9,0,0
1637865898553,168,Medium-Large,200,OK,true,512313,139,28,28,8,0,0
1637865898669,54,Small-Medium,200,OK,true,102713,139,28,28,9,0,0
1637865898287,439,Large,200,OK,true,1048891,137,28,28,9,0,0
1637865898714,42,Small-Medium,200,OK,true,102713,139,28,28,8,0,0
1637865898603,156,Medium,200,OK,true,307513,139,28,28,9,0,0
1637865898245,519,Large,200,OK,true,1048891,137,28,28,9,0,0
1637865898729,49,Small-Medium,200,OK,true,102677,139,28,28,9,0,0
1637865898392,390,Large,200,OK,true,1048891,137,28,28,9,0,0
1637865898651,135,Small-Medium,200,OK,true,102713,139,28,28,8,0,0
1637865898759,35,Small,200,OK,true,51511,138,28,28,10,0,0
1637865898163,655,Medium-Large,200,OK,true,512313,139,28,28,8,0,0
1637865898782,43,Small-Medium,200,OK,true,102713,139,28,28,9,0,0
1637865898773,75,Small-Medium,200,OK,true,102713,139,28,28,10,0,0
1637865898699,157,Small-Medium,200,OK,true,102713,139,28,28,9,0,0
1637865898726,134,Medium,200,OK,true,307513,139,28,28,10,0,0
1637865898682,218,Medium-Large,200,OK,true,512313,139,28,28,9,0,0
1637865898860,49,Small-Medium,200,OK,true,102713,139,28,28,9,0,0
1637865898871,62,Small-Medium,200,OK,true,102713,139,28,28,10,0,0
1637865898718,217,Medium-Large,200,OK,true,512313,139,28,28,11,0,0
1637865898818,131,Small-Medium,200,OK,true,102713,139,28,28,10,0,0
1637865898756,208,Medium-Large,200,OK,true,512313,139,28,28,10,0,0
1637865898935,47,Small-Medium,200,OK,true,102713,139,28,28,8,0,0
1637865898972,34,Small,200,OK,true,51511,138,28,28,10,0,0
1637865898682,356,Large,200,OK,true,1048891,137,28,28,8,0,0
1637865898901,137,Medium,200,OK,true,307513,139,28,28,7,0,0
1637865898609,433,Large,200,OK,true,1048891,137,28,28,7,0,0
1637865898525,518,Large,200,OK,true,1048890,137,28,28,9,0,0
1637865898343,705,Medium-Large,200,OK,true,512313,139,28,28,9,0,0
1637865898826,224,Medium-Large,200,OK,true,512313,139,28,28,7,0,0
1637865899042,29,Small,200,OK,true,51511,138,28,28,9,0,0
1637865898466,608,Medium-Large,200,OK,true,512313,139,28,28,9,0,0
1637865898721,361,Large,200,OK,true,1048891,137,28,28,10,0,0
1637865898886,200,Medium,200,OK,true,307513,139,28,28,9,0,0
1637865898470,617,Medium-Large,200,OK,true,512313,139,28,28,8,0,0
1637865898950,144,Small-Medium,200,OK,true,102713,139,28,28,8,0,0
1637865899047,50,Small-Medium,200,OK,true,102713,139,28,28,8,0,0
1637865898505,599,Large,200,OK,true,1048891,137,28,28,9,0,0
1637865898610,519,Large,200,OK,true,1048891,137,28,28,8,0,0
1637865898786,347,Medium,200,OK,true,307513,139,28,28,9,0,0
1637865899105,29,Small,200,OK,true,51511,138,28,28,10,0,0
1637865899038,107,Medium,200,OK,true,307513,139,28,28,11,0,0
1637865899086,70,Small-Medium,200,OK,true,102713,139,28,28,12,0,0
1637865899129,29,Small,200,OK,true,51511,138,28,28,9,0,0
1637865899050,116,Medium,200,OK,true,307513,139,28,28,8,0,0
1637865899166,42,Small-Medium,200,OK,true,102713,139,28,28,9,0,0
1637865899084,136,Medium,200,OK,true,307513,139,28,28,8,0,0
1637865898717,521,Large,200,OK,true,1048891,137,28,28,9,0,0
1637865899220,29,Small,200,OK,true,51511,138,28,28,10,0,0
1637865899083,171,Medium-Large,200,OK,true,512313,139,28,28,7,0,0
1637865898764,509,Large,200,OK,true,1048891,137,28,28,10,0,0
1637865899254,20,Small,200,OK,true,51511,138,28,28,8,0,0
1637865899153,130,Medium,200,OK,true,307513,139,28,28,9,0,0
1637865899159,131,Medium,200,OK,true,307513,139,28,28,8,0,0
1637865899043,255,Medium-Large,200,OK,true,512312,139,28,28,10,0,0
1637865898781,521,Large,200,OK,true,1048891,137,28,28,9,0,0
1637865899284,22,Small,200,OK,true,51511,138,28,28,8,0,0
1637865899273,44,Small-Medium,200,OK,true,102713,139,28,28,8,0,0
1637865898893,427,Large,200,OK,true,1048891,137,28,28,8,0,0
1637865898425,899,Large,200,OK,true,1048891,137,28,28,9,0,0
1637865899334,25,Small,200,OK,true,51511,138,28,28,9,0,0
1637865899320,42,Small-Medium,200,OK,true,102713,139,28,28,9,0,0
1637865899240,125,Medium,200,OK,true,307513,139,28,28,8,0,0
1637865898965,401,Large,200,OK,true,1048891,137,28,28,9,0,0
1637865899238,143,Medium,200,OK,true,307513,139,28,28,8,0,0
1637865899278,117,Medium,200,OK,true,307513,139,28,28,9,0,0
1637865899365,31,Small,200,OK,true,51511,138,28,28,10,0,0
1637865898842,556,Medium-Large,200,OK,true,512314,139,28,28,16,0,9
1637865899366,34,Small-Medium,200,OK,true,102713,139,28,28,9,0,0
1637865899198,202,Medium,200,OK,true,307513,139,28,28,7,0,0
1637865899366,43,Small-Medium,200,OK,true,102713,139,28,28,10,0,0
1637865899400,28,Small,200,OK,true,51511,138,28,28,9,0,0
1637865899384,66,Small-Medium,200,OK,true,102713,139,28,28,10,0,0
1637865899039,423,Large,200,OK,true,1048891,137,28,28,9,0,0
1637865899151,323,Large,200,OK,true,1048891,137,28,28,9,0,0
1637865899218,266,Medium-Large,200,OK,true,512313,139,28,28,9,0,0
1637865899094,404,Medium,200,OK,true,307513,139,28,28,9,0,0
1637865898984,518,Large,200,OK,true,1048891,137,28,28,10,0,0
1637865899462,40,Small-Medium,200,OK,true,102713,139,28,28,9,0,0
1637865899478,25,Small,200,OK,true,51511,138,28,28,9,0,0
1637865899399,105,Small-Medium,200,OK,true,102713,139,28,28,8,0,0
1637865899502,29,Small,200,OK,true,51511,138,28,28,8,0,0
1637865899484,57,Small-Medium,200,OK,true,102713,139,28,28,8,0,0
1637865899381,162,Medium,200,OK,true,307513,139,28,28,9,0,0
1637865899133,414,Medium,200,OK,true,307513,139,28,28,9,0,0
1637865899302,265,Medium-Large,200,OK,true,512313,139,28,28,8,0,0
1637865898449,1121,Large,200,OK,true,1048891,137,28,28,8,0,0
1637865899543,29,Small,200,OK,true,51511,138,28,28,10,0,0
1637865899477,100,Medium,200,OK,true,307513,139,28,28,9,0,0
1637865899395,199,Medium-Large,200,OK,true,512313,139,28,28,7,0,0
1637865899574,36,Small,200,OK,true,51511,138,28,28,8,0,0
1637865899445,188,Medium-Large,200,OK,true,512313,139,28,28,12,0,0
1637865899474,170,Medium-Large,200,OK,true,512313,139,28,28,9,0,0
1637865899596,67,Small-Medium,200,OK,true,102713,139,28,28,9,0,0
1637865899290,387,Large,200,OK,true,1048891,137,28,28,8,0,0
1637865899497,217,Medium-Large,200,OK,true,512313,139,28,28,9,0,0
1637865899568,152,Medium,200,OK,true,307513,139,28,28,8,0,0
1637865899591,138,Medium,200,OK,true,307512,139,28,28,9,0,0
1637865899513,217,Medium,200,OK,true,307513,139,28,28,8,0,0
1637865899476,264,Medium-Large,200,OK,true,512313,139,28,28,9,0,0
1637865899613,150,Medium,200,OK,true,307513,139,28,28,13,0,0
1637865899590,185,Medium-Large,200,OK,true,512313,139,28,28,9,0,0
1637865899074,701,Medium-Large,200,OK,true,512313,139,28,28,8,0,0
1637865899048,732,Medium-Large,200,OK,true,512313,139,28,28,9,0,0
1637865899720,62,Small-Medium,200,OK,true,102713,139,28,28,9,0,0
1637865899729,58,Small-Medium,200,OK,true,102712,139,28,28,10,0,0
1637865899396,406,Large,200,OK,true,1048891,137,28,28,8,0,0
1637865899730,75,Small-Medium,200,OK,true,102713,139,28,28,11,0,0
1637865899594,215,Medium-Large,200,OK,true,512313,139,28,28,8,0,0
1637865899654,162,Medium,200,OK,true,307513,139,28,28,8,0,0
1637865899298,523,Large,200,OK,true,1048890,137,28,28,8,0,0
1637865899802,19,Small,200,OK,true,51511,138,28,28,9,0,0
1637865899431,400,Large,200,OK,true,1048891,137,28,28,22,0,0
1637865899633,210,Medium-Large,200,OK,true,512313,139,28,28,11,0,0
1637865899809,40,Small-Medium,200,OK,true,102713,139,28,28,12,0,0
1637865899843,22,Small,200,OK,true,51511,138,28,28,9,0,0
1637865899775,93,Medium,200,OK,true,307513,139,28,28,9,0,0
1637865899833,61,Small-Medium,200,OK,true,102713,139,28,28,8,0,0
1637865899842,53,Small,200,OK,true,51511,138,28,28,11,0,0
1637865899763,149,Medium,200,OK,true,307513,139,28,28,9,0,0
1637865899888,27,Small-Medium,200,OK,true,102713,139,28,28,9,0,0
1637865899912,28,Small,200,OK,true,51511,138,28,28,9,0,0
1637865899921,36,Small-Medium,200,OK,true,102713,139,28,28,8,0,0
1637865898712,1267,Large,200,OK,true,1048891,137,28,28,9,0,0
1637865899645,339,Large,200,OK,true,1048891,137,28,28,11,0,0
1637865899956,42,Small-Medium,200,OK,true,102713,139,28,28,7,0,0
1637865899944,54,Small-Medium,200,OK,true,102713,139,28,28,8,0,0
1637865899955,59,Small-Medium,200,OK,true,102713,139,28,28,8,0,0
1637865899831,184,Medium-Large,200,OK,true,512313,139,28,28,9,0,0
1637865899511,528,Medium-Large,200,OK,true,512313,139,28,28,9,0,0
1637865900015,28,Small,200,OK,true,51511,138,28,28,8,0,0
1637865899979,78,Small,200,OK,true,51511,138,28,28,8,0,0
1637865899686,384,Large,200,OK,true,1048891,137,28,28,8,0,0
1637865899324,750,Large,200,OK,true,1048891,137,28,28,8,0,0
1637865899677,397,Large,200,OK,true,1048891,137,28,28,10,0,0
1637865900056,36,Small,200,OK,true,51511,138,28,28,9,0,0
1637865900001,97,Medium,200,OK,true,307513,139,28,28,8,0,0
1637865899915,192,Medium-Large,200,OK,true,512313,139,28,28,8,0,0
1637865898666,1453,Large,200,OK,true,1048891,137,28,28,9,0,0
1637865899714,414,Large,200,OK,true,1048891,137,28,28,8,0,0
1637865900108,50,Small-Medium,200,OK,true,102713,139,28,28,14,0,0
1637865900024,159,Medium,200,OK,true,307513,139,28,28,15,0,0
1637865900167,31,Small,200,OK,true,51511,138,28,28,13,0,0
1637865900070,137,Medium,200,OK,true,307513,139,28,28,9,0,0
1637865900067,141,Medium,200,OK,true,307513,139,28,28,7,0,0
1637865900207,27,Small,200,OK,true,51511,138,28,28,10,0,0
1637865900091,144,Small-Medium,200,OK,true,102713,139,28,28,8,0,0
1637865899740,501,Large,200,OK,true,1048891,137,28,28,9,0,0
1637865899842,407,Large,200,OK,true,1048890,137,28,28,10,0,0
1637865900220,53,Small-Medium,200,OK,true,102713,139,28,28,9,0,0
1637865900249,28,Small,200,OK,true,51510,138,28,28,8,0,0
1637865900067,226,Medium,200,OK,true,307513,139,28,28,9,0,0
1637865899709,589,Large,200,OK,true,1048891,137,28,28,11,0,0
1637865900112,186,Medium-Large,200,OK,true,512313,139,28,28,13,0,0
1637865899816,486,Large,200,OK,true,1048891,137,28,28,10,0,0
1637865899984,327,Large,200,OK,true,1048891,137,28,28,8,0,0
1637865900299,17,Small,200,OK,true,51511,138,28,28,9,0,0
1637865900074,242,Medium,200,OK,true,307513,139,28,28,8,0,0
1637865900208,118,Medium,200,OK,true,307513,139,28,28,9,0,0
1637865900280,65,Small-Medium,200,OK,true,102713,139,28,28,12,0,0
1637865900311,34,Small-Medium,200,OK,true,102713,139,28,28,9,0,0
1637865900298,63,Small-Medium,200,OK,true,102713,139,28,28,8,0,0
1637865898856,1505,Large,200,OK,true,1048891,137,28,28,9,0,0
1637865900326,40,Small-Medium,200,OK,true,102713,139,28,28,8,0,0
1637865900241,133,Medium,200,OK,true,307513,139,28,28,9,0,0
1637865899821,554,Large,200,OK,true,1048890,137,28,28,9,0,0
1637865900128,249,Medium-Large,200,OK,true,512313,139,28,28,9,0,0
1637865900362,18,Small,200,OK,true,51510,138,28,28,10,0,0
1637865900317,75,Small-Medium,200,OK,true,102713,139,28,28,8,0,0
1637865900183,233,Medium-Large,200,OK,true,512313,139,28,28,9,0,0
1637865900375,44,Small-Medium,200,OK,true,102713,139,28,28,8,0,0
1637865900039,381,Large,200,OK,true,1048891,137,28,28,12,0,0
1637865900074,359,Large,200,OK,true,1048891,137,28,28,9,0,0
1637865900416,24,Small,200,OK,true,51511,138,28,28,9,0,0
1637865900039,402,Medium-Large,200,OK,true,512313,139,28,28,13,0,0
1637865900361,80,Small,200,OK,true,51511,138,28,28,8,0,0
1637865900423,20,Small,200,OK,true,51511,138,28,28,9,0,0
1637865900411,33,Small-Medium,200,OK,true,102713,139,28,28,9,0,0
1637865900392,57,Small-Medium,200,OK,true,102713,139,28,28,9,0,0
1637865900433,25,Small,200,OK,true,51511,138,28,28,9,0,0
1637865900420,50,Small-Medium,200,OK,true,102713,139,28,28,10,0,0
1637865900293,179,Medium,200,OK,true,307513,139,28,28,9,0,0
1637865900411,63,Small-Medium,200,OK,true,102713,139,28,28,10,0,0
1637865900428,46,Small,200,OK,true,51511,138,28,28,9,0,0
1637865900319,156,Medium-Large,200,OK,true,512313,139,28,28,9,0,0
1637865900127,351,Large,200,OK,true,1048891,137,28,28,9,0,0
1637865899780,708,Medium-Large,200,OK,true,512313,139,28,28,10,0,0
1637865900473,15,Small,200,OK,true,51510,138,28,28,8,0,0
1637865900487,39,Small-Medium,200,OK,true,102713,139,28,28,8,0,0
1637865900479,72,Medium,200,OK,true,307513,139,28,28,7,0,0
1637865900377,177,Medium-Large,200,OK,true,512313,139,28,28,9,0,0
1637865900537,18,Small,200,OK,true,51511,138,28,28,10,0,0
1637865900528,41,Small-Medium,200,OK,true,102713,139,28,28,8,0,0
1637865900532,39,Small-Medium,200,OK,true,102713,139,28,28,8,0,0
1637865899087,1494,Large,200,OK,true,1048891,137,28,28,9,0,0
1637865900540,44,Small,200,OK,true,51511,138,28,28,9,0,0
1637865900375,214,Medium-Large,200,OK,true,512312,139,28,28,8,0,0
1637865900585,17,Small,200,OK,true,51510,138,28,28,9,0,0
1637865900332,282,Large,200,OK,true,1048891,137,28,28,8,0,0
1637865900589,27,Small,200,OK,true,51510,138,28,28,9,0,0
1637865900441,190,Medium,200,OK,true,307513,139,28,28,10,0,0
1637865900302,334,Large,200,OK,true,1048891,137,28,28,8,0,0
1637865900546,96,Medium,200,OK,true,307513,139,28,28,8,0,0
1637865899570,1087,Large,200,OK,true,1048891,137,28,28,9,0,0
1637865900523,138,Medium-Large,200,OK,true,512313,139,28,28,9,0,0
1637865900636,27,Small,200,OK,true,51511,138,28,28,8,0,0
1637865900554,118,Medium,200,OK,true,307513,139,28,28,9,0,0
1637865900648,25,Small-Medium,200,OK,true,102713,139,28,28,8,0,0
1637865900599,131,Medium,200,OK,true,307513,139,28,28,8,0,0
1637865900672,59,Small-Medium,200,OK,true,102713,139,28,28,10,0,0
1637865900614,119,Medium,200,OK,true,307513,139,28,28,12,0,0
1637865899548,1195,Large,200,OK,true,1048891,137,28,28,8,0,0
1637865900438,312,Large,200,OK,true,1048891,137,28,28,8,0,0
1637865900662,89,Medium,200,OK,true,307513,139,28,28,8,0,0
1637865900472,284,Medium-Large,200,OK,true,512313,139,28,28,7,0,0
1637865900644,119,Medium,200,OK,true,307513,139,28,28,8,0,0
1637865900590,174,Medium-Large,200,OK,true,512313,139,28,28,9,0,0
1637865900522,249,Medium-Large,200,OK,true,512313,139,28,28,7,0,0
1637865900640,145,Medium,200,OK,true,307513,139,28,28,9,0,0
1637865899498,1288,Large,200,OK,true,1048891,137,28,28,9,0,0
1637865900763,27,Small,200,OK,true,51511,138,28,28,9,0,0
1637865900475,323,Large,200,OK,true,1048891,137,28,28,8,0,0
1637865900744,60,Small,200,OK,true,51511,138,28,28,8,0,0
1637865900785,30,Small,200,OK,true,51511,138,28,28,8,0,0
1637865900764,55,Small-Medium,200,OK,true,102713,139,28,28,8,0,0
1637865900708,111,Medium,200,OK,true,307512,139,28,28,11,0,0
1637865900756,73,Small-Medium,200,OK,true,102713,139,28,28,9,0,0
1637865900798,41,Small-Medium,200,OK,true,102713,139,28,28,9,0,0
1637865900819,24,Small,200,OK,true,51510,138,28,28,12,0,0
1637865900731,132,Medium,200,OK,true,307513,139,28,28,9,0,0
1637865900774,94,Medium,200,OK,true,307513,139,28,28,8,0,0
1637865900653,249,Medium,200,OK,true,307513,139,28,28,7,0,0
1637865900863,47,Small-Medium,200,OK,true,102713,139,28,28,9,0,0
1637865900856,67,Small,200,OK,true,51511,138,28,28,7,0,0
1637865900708,233,Medium-Large,200,OK,true,512312,139,28,28,10,0,0
1637865900896,63,Small-Medium,200,OK,true,102713,139,28,28,8,0,0
1637865899776,1200,Large,200,OK,true,1048891,137,28,28,9,0,0
1637865900658,327,Medium,200,OK,true,307513,139,28,28,9,0,0
1637865900886,113,Medium,200,OK,true,307513,139,28,28,8,0,0
1637865900785,217,Medium-Large,200,OK,true,512313,139,28,28,10,0,0
1637865900941,61,Small-Medium,200,OK,true,102677,139,28,28,9,0,0
1637865900505,514,Large,200,OK,true,1048891,137,28,28,8,0,0
1637865901008,32,Small,200,OK,true,51511,138,28,28,8,0,0
1637865900999,42,Small-Medium,200,OK,true,102713,139,28,28,8,0,0
1637865900771,271,Medium-Large,200,OK,true,512313,139,28,28,9,0,0
1637865900658,388,Large,200,OK,true,1048891,137,28,28,8,0,0
1637865900985,61,Small,200,OK,true,51511,138,28,28,9,0,0
1637865901046,25,Small,200,OK,true,51511,138,28,28,9,0,0
1637865900876,206,Medium-Large,200,OK,true,512313,139,28,28,9,0,0
1637865900760,331,Large,200,OK,true,1048891,137,28,28,9,0,0
1637865900910,204,Medium-Large,200,OK,true,512313,139,28,28,9,0,0
1637865900931,195,Medium-Large,200,OK,true,512277,139,28,28,8,0,0
1637865900631,507,Medium-Large,200,OK,true,512313,139,28,28,9,0,0
1637865900902,236,Medium,200,OK,true,307513,139,28,28,9,0,0
1637865901115,25,Small,200,OK,true,51511,138,28,28,8,0,0
1637865900734,407,Large,200,OK,true,1048891,137,28,28,8,0,0
1637865900751,393,Large,200,OK,true,1048891,137,28,28,9,0,0
1637865901144,21,Small,200,OK,true,51511,138,28,28,8,0,0
1637865900581,593,Medium-Large,200,OK,true,512313,139,28,28,12,0,0
1637865900748,451,Large,200,OK,true,1048890,137,28,28,9,0,0
1637865901126,80,Small,200,OK,true,51512,138,28,28,17,0,9
1637865901002,212,Medium-Large,200,OK,true,512313,139,28,28,8,0,0
1637865900976,248,Medium-Large,200,OK,true,512313,139,28,28,11,0,0
1637865901019,254,Medium-Large,200,OK,true,512313,139,28,28,8,0,0
1637865900876,405,Large,200,OK,true,1048891,137,28,28,8,0,0
1637865901238,44,Small,200,OK,true,51511,138,28,28,7,0,0
1637865901174,111,Small-Medium,200,OK,true,102713,139,28,28,9,0,0
1637865901111,182,Medium-Large,200,OK,true,512313,139,28,28,8,0,0
1637865900976,326,Medium,200,OK,true,307513,139,28,28,10,0,0
1637865901042,266,Medium-Large,200,OK,true,512312,139,28,28,10,0,0
1637865900968,342,Medium,200,OK,true,307513,139,28,28,12,0,0
1637865901274,36,Small,200,OK,true,51511,138,28,28,7,0,0
1637865901053,290,Medium,200,OK,true,307514,139,28,28,16,0,8
1637865901138,207,Medium,200,OK,true,307513,139,28,28,9,0,0
1637865901293,55,Small-Medium,200,OK,true,102713,139,28,28,7,0,0
1637865900786,566,Medium-Large,200,OK,true,512313,139,28,28,11,0,0
1637865901343,29,Small,200,OK,true,51511,138,28,28,6,0,0
1637865901158,225,Medium-Large,200,OK,true,512313,139,28,28,9,0,0
1637865901224,163,Medium,200,OK,true,307513,139,28,28,9,0,0
1637865901345,49,Small,200,OK,true,51511,138,28,28,7,0,0
1637865901256,151,Medium,200,OK,true,307513,139,28,28,7,0,0
1637865901383,25,Small,200,OK,true,51511,138,28,28,8,0,0
1637865900235,1189,Large,200,OK,true,1048891,137,28,28,8,0,0
1637865900119,1320,Large,200,OK,true,1048891,137,28,28,10,0,0
1637865901199,256,Medium-Large,200,OK,true,512312,139,28,28,8,0,0
1637865901138,324,Medium-Large,200,OK,true,512313,139,28,28,9,0,0
1637865901227,247,Medium-Large,200,OK,true,512313,139,28,28,8,0,0
1637865901091,387,Large,200,OK,true,1048891,137,28,28,9,0,0
1637865901352,129,Small-Medium,200,OK,true,102713,139,28,28,16,0,0
1637865901454,37,Small,200,OK,true,51511,138,28,28,7,0,0
1637865901350,161,Medium,200,OK,true,307513,139,28,28,18,0,0
1637865900868,657,Large,200,OK,true,1048891,137,28,28,9,0,0
1637865901457,71,Small-Medium,200,OK,true,102713,139,28,28,8,0,0
1637865901462,69,Small-Medium,200,OK,true,102713,139,28,28,8,0,0
1637865901405,135,Medium,200,OK,true,307513,139,28,28,8,0,0
1637865901495,50,Small-Medium,200,OK,true,102713,139,28,28,8,0,0
1637865901407,139,Medium,200,OK,true,307513,139,28,28,8,0,0
1637865901525,28,Small,200,OK,true,51511,138,28,28,7,0,0
1637865901082,477,Large,200,OK,true,1048891,137,28,28,10,0,0
1637865901097,475,Medium-Large,200,OK,true,512313,139,28,28,9,0,0
1637865901309,265,Medium-Large,200,OK,true,512312,139,28,28,6,0,0
1637865901546,29,Small,200,OK,true,51511,138,28,28,8,0,0
1637865901541,35,Small-Medium,200,OK,true,102713,139,28,28,7,0,0
1637865901119,474,Large,200,OK,true,1048891,137,28,28,10,0,0
1637865901482,111,Small-Medium,200,OK,true,102713,139,28,28,7,0,0
1637865901141,454,Large,200,OK,true,1048891,137,28,28,9,0,0
1637865901559,41,Small-Medium,200,OK,true,102713,139,28,28,8,0,0
1637865901595,20,Small,200,OK,true,51511,138,28,28,7,0,0
1637865901385,244,Medium-Large,200,OK,true,512313,139,28,28,8,0,0
1637865901593,42,Small-Medium,200,OK,true,102713,139,28,28,8,0,0
1637865901479,161,Medium-Large,200,OK,true,512313,139,28,28,7,0,0
1637865901511,132,Medium,200,OK,true,307513,139,28,28,7,0,0
1637865901593,61,Small,200,OK,true,51511,138,28,28,10,0,0
1637865901640,17,Small,200,OK,true,51511,138,28,28,7,0,0
1637865901572,90,Small-Medium,200,OK,true,102713,139,28,28,9,0,0
1637865901474,195,Medium-Large,200,OK,true,512313,139,28,28,8,0,0
1637865901652,20,Small,200,OK,true,51511,138,28,28,9,0,0
1637865901281,406,Large,200,OK,true,1048891,137,28,28,7,0,0
1637865901214,475,Large,200,OK,true,1048891,137,28,28,8,0,0
1637865901669,24,Small,200,OK,true,51511,138,28,28,8,0,0
1637865901607,92,Medium,200,OK,true,307513,139,28,28,8,0,0
1637865900488,1237,Large,200,OK,true,1048891,137,28,28,8,0,0
1637865901575,194,Medium,200,OK,true,307513,139,28,28,8,0,0
1637865901569,209,Medium,200,OK,true,307513,139,28,28,8,0,0
1637865901637,157,Medium,200,OK,true,307513,139,28,28,8,0,0
1637865901574,234,Medium-Large,200,OK,true,512312,139,28,28,9,0,0
1637865901687,121,Medium,200,OK,true,307513,139,28,28,8,0,0
1637865901769,69,Small-Medium,200,OK,true,102713,139,28,28,8,0,0
1637865901387,451,Large,200,OK,true,1048891,137,28,28,9,0,0
1637865901707,137,Medium,200,OK,true,307513,139,28,28,8,0,0
1637865901719,137,Medium,200,OK,true,307513,139,28,28,6,0,0
1637865901808,54,Small-Medium,200,OK,true,102712,139,28,28,9,0,0
1637865900473,1393,Large,200,OK,true,1048891,137,28,28,8,0,0
1637865901671,208,Medium-Large,200,OK,true,512313,139,28,28,8,0,0
1637865901629,252,Medium-Large,200,OK,true,512313,139,28,28,7,0,0
1637865901643,246,Medium-Large,200,OK,true,512313,139,28,28,8,0,0
1637865901302,588,Medium-Large,200,OK,true,512313,139,28,28,7,0,0
1637865901879,24,Small,200,OK,true,51511,138,28,28,7,0,0
1637865901455,451,Large,200,OK,true,1048890,137,28,28,8,0,0
1637865901765,142,Medium,200,OK,true,307513,139,28,28,10,0,0
1637865901857,51,Small-Medium,200,OK,true,102713,139,28,28,7,0,0
1637865901689,241,Medium-Large,200,OK,true,512313,139,28,28,9,0,0
1637865901890,48,Small-Medium,200,OK,true,102713,139,28,28,7,0,0
1637865901866,73,Small,200,OK,true,51511,138,28,28,7,0,0
1637865901920,53,Small-Medium,200,OK,true,102712,139,28,28,8,0,0
1637865901844,131,Medium,200,OK,true,307513,139,28,28,7,0,0
1637865901778,198,Medium,200,OK,true,307513,139,28,28,8,0,0
1637865901931,56,Small-Medium,200,OK,true,102713,139,28,28,8,0,0
1637865901782,222,Medium-Large,200,OK,true,512313,139,28,28,9,0,0
1637865901907,120,Medium,200,OK,true,307513,139,28,28,8,0,0
1637865901881,164,Medium,200,OK,true,307513,139,28,28,7,0,0
1637865901991,58,Small-Medium,200,OK,true,102713,139,28,28,7,0,0
1637865901976,90,Small-Medium,200,OK,true,102713,139,28,28,8,0,0
1637865902027,43,Small-Medium,200,OK,true,102713,139,28,28,6,0,0
1637865901567,504,Large,200,OK,true,1048891,137,28,28,7,0,0
1637865902046,26,Small,200,OK,true,51511,138,28,28,8,0,0
1637865901659,416,Large,200,OK,true,1048891,137,28,28,7,0,0
1637865902042,35,Small,200,OK,true,51511,138,28,28,8,0,0
1637865901439,647,Medium-Large,200,OK,true,512313,139,28,28,8,0,0
1637865902075,20,Small,200,OK,true,51511,138,28,28,8,0,0
1637865901726,372,Medium,200,OK,true,307513,139,28,28,7,0,0
1637865901794,311,Medium-Large,200,OK,true,512313,139,28,28,8,0,0
1637865902103,23,Small,200,OK,true,51511,138,28,28,8,0,0
1637865902106,33,Small,200,OK,true,51511,138,28,28,10,0,0
1637865901752,390,Large,200,OK,true,1048891,137,28,28,8,0,0
1637865901705,452,Large,200,OK,true,1048891,137,28,28,8,0,0
1637865902098,60,Small,200,OK,true,51511,138,28,28,8,0,0
1637865902004,205,Medium-Large,200,OK,true,512313,139,28,28,18,0,0
1637865902071,149,Medium,200,OK,true,307513,139,28,28,8,0,0
1637865902001,229,Medium-Large,200,OK,true,512313,139,28,28,19,0,0
1637865901808,429,Large,200,OK,true,1048891,137,28,28,9,0,0
1637865901287,977,Large,200,OK,true,1048891,137,28,28,10,0,0
1637865902139,125,Medium,200,OK,true,307513,139,28,28,7,0,0
1637865902142,127,Medium,200,OK,true,307513,139,28,28,8,0,0
1637865902032,248,Medium-Large,200,OK,true,512312,139,28,28,8,0,0
1637865902264,22,Small,200,OK,true,51511,138,28,28,9,0,0
1637865902230,66,Small-Medium,200,OK,true,102713,139,28,28,9,0,0
1637865902220,78,Small-Medium,200,OK,true,102713,139,28,28,9,0,0
1637865901839,463,Large,200,OK,true,1048891,137,28,28,7,0,0
1637865902088,214,Medium,200,OK,true,307513,139,28,28,7,0,0
1637865902269,35,Small-Medium,200,OK,true,102713,139,28,28,7,0,0
1637865902158,148,Medium,200,OK,true,307513,139,28,28,8,0,0
1637865902280,52,Small-Medium,200,OK,true,102712,139,28,28,9,0,0
1637865902210,123,Small-Medium,200,OK,true,102713,139,28,28,8,0,0
1637865901706,632,Medium-Large,200,OK,true,512313,139,28,28,8,0,0
1637865902307,46,Small-Medium,200,OK,true,102713,139,28,28,6,0,0
1637865901978,397,Medium,200,OK,true,307513,139,28,28,8,0,0
1637865901906,470,Large,200,OK,true,1048890,137,28,28,8,0,0
1637865902153,237,Medium-Large,200,OK,true,512313,139,28,28,8,0,0
1637865901975,432,Large,200,OK,true,1048891,137,28,28,8,0,0
1637865901969,442,Large,200,OK,true,1048891,137,28,28,7,0,0
1637865902390,32,Small,200,OK,true,51511,138,28,28,7,0,0
1637865902188,235,Medium-Large,200,OK,true,512313,139,28,28,8,0,0
1637865902338,90,Small-Medium,200,OK,true,102713,139,28,28,9,0,0
1637865902392,60,Small-Medium,200,OK,true,102712,139,28,28,6,0,0
1637865902407,61,Small-Medium,200,OK,true,102713,139,28,28,7,0,0
1637865902238,241,Medium-Large,200,OK,true,512313,139,28,28,7,0,0
1637865902218,270,Medium-Large,200,OK,true,512313,139,28,28,8,0,0
1637865902342,166,Medium,200,OK,true,307513,139,28,28,7,0,0
1637865901684,829,Large,200,OK,true,1048891,137,28,28,7,0,0
1637865901881,635,Large,200,OK,true,1048891,137,28,28,9,0,0
1637865902488,33,Small,200,OK,true,51511,138,28,28,7,0,0
1637865902381,161,Medium,200,OK,true,307513,139,28,28,6,0,0
1637865901310,1236,Large,200,OK,true,1048891,137,28,28,6,0,0
1637865902502,61,Small-Medium,200,OK,true,102712,139,29,29,7,0,0
1637865902086,477,Medium-Large,200,OK,true,512313,139,29,29,8,0,0
1637865902542,27,Small,200,OK,true,51511,138,29,29,7,0,0
1637865902302,273,Medium-Large,200,OK,true,512313,139,29,29,12,0,0
1637865902411,166,Medium,200,OK,true,307513,139,29,29,7,0,0
1637865902520,59,Small-Medium,200,OK,true,102713,139,29,29,7,0,0
1637865901424,1167,Large,200,OK,true,1048891,137,29,29,8,0,0
1637865902333,261,Medium,200,OK,true,307513,139,29,29,7,0,0
1637865902302,303,Medium-Large,200,OK,true,512313,139,29,29,8,0,0
1637865902577,62,Small-Medium,200,OK,true,102713,139,29,29,6,0,0
1637865902618,45,Small,200,OK,true,51510,138,29,29,7,0,0
1637865902376,292,Medium-Large,200,OK,true,512312,139,29,29,7,0,0
1637865902636,35,Small,200,OK,true,51511,138,29,29,5,0,0
1637865902264,413,Medium-Large,200,OK,true,512313,139,29,29,8,0,0
1637865902157,524,Large,200,OK,true,1048891,137,29,29,8,0,0
1637865902508,178,Medium,200,OK,true,307513,139,29,29,7,0,0
1637865902418,281,Medium-Large,200,OK,true,512313,139,29,29,6,0,0
1637865902594,109,Small-Medium,200,OK,true,102713,139,29,29,7,0,0
1637865902513,197,Medium,200,OK,true,307513,139,29,29,7,0,0
1637865902693,30,Small,200,OK,true,51511,138,29,29,7,0,0
1637865902668,58,Small-Medium,200,OK,true,102712,139,29,29,7,0,0
1637865902699,28,Small,200,OK,true,51511,138,29,29,8,0,0
1637865902209,522,Large,200,OK,true,1048891,137,29,29,8,0,0
1637865902215,524,Large,200,OK,true,1048891,137,29,29,7,0,0
1637865902686,56,Small-Medium,200,OK,true,102713,139,29,29,7,0,0
1637865902480,275,Medium-Large,200,OK,true,512313,139,29,29,8,0,0
1637865902732,26,Small,200,OK,true,51511,138,29,29,7,0,0
1637865902600,171,Medium,200,OK,true,307513,139,29,29,6,0,0
1637865902504,277,Medium-Large,200,OK,true,512312,139,29,29,7,0,0
1637865901890,902,Large,200,OK,true,1048891,137,29,29,7,0,0
1637865902606,192,Medium,200,OK,true,307513,139,29,29,6,0,0
1637865902752,47,Small-Medium,200,OK,true,102713,139,29,29,7,0,0
1637865902785,26,Small,200,OK,true,51510,138,29,29,6,0,0
1637865902781,31,Small,200,OK,true,51475,138,29,29,6,0,0
1637865902546,280,Medium,200,OK,true,307513,139,29,29,6,0,0
1637865902682,145,Medium,200,OK,true,307513,139,29,29,7,0,0
1637865902802,29,Small,200,OK,true,51511,138,29,29,6,0,0
1637865902798,34,Small,200,OK,true,51511,138,29,29,6,0,0
1637865902575,267,Medium-Large,200,OK,true,512313,139,29,29,6,0,0
1637865902816,26,Small,200,OK,true,51511,138,29,29,7,0,0
1637865902827,29,Small,200,OK,true,51511,138,29,29,8,0,0
1637865902826,41,Small,200,OK,true,51511,138,29,29,8,0,0
1637865902332,537,Large,200,OK,true,1048891,137,29,29,7,0,0
1637865902451,418,Medium-Large,200,OK,true,512313,139,29,29,6,0,0
1637865902659,217,Medium-Large,200,OK,true,512313,139,29,29,8,0,0
1637865902376,500,Large,200,OK,true,1048891,137,29,29,7,0,0
1637865902733,148,Medium,200,OK,true,307512,139,29,29,7,0,0
1637865902842,52,Small-Medium,200,OK,true,102713,139,29,29,7,0,0
1637865902375,524,Medium-Large,200,OK,true,512313,139,29,29,7,0,0
1637865902423,508,Large,200,OK,true,1048891,137,29,29,6,0,0
1637865902882,57,Small-Medium,200,OK,true,102712,139,29,29,12,0,0
1637865902677,270,Medium,200,OK,true,307513,139,29,29,7,0,0
1637865902901,55,Small-Medium,200,OK,true,102712,139,29,29,11,0,0
1637865902740,217,Medium-Large,200,OK,true,512313,139,29,29,6,0,0
1637865902918,48,Small-Medium,200,OK,true,102713,139,29,29,6,0,0
1637865902900,71,Small,200,OK,true,51511,138,29,29,7,0,0
1637865902898,74,Small,200,OK,true,51512,138,29,29,18,0,8
1637865902755,218,Medium-Large,200,OK,true,512313,139,29,29,7,0,0
1637865902848,135,Medium,200,OK,true,307513,139,29,29,7,0,0
1637865902932,55,Small-Medium,200,OK,true,102713,139,29,29,9,0,0
1637865902942,45,Small,200,OK,true,51511,138,29,29,7,0,0
1637865902710,278,Medium,200,OK,true,307513,139,29,29,7,0,0
1637865902868,137,Medium,200,OK,true,307513,139,29,29,8,0,0
1637865902809,215,Medium-Large,200,OK,true,512313,139,29,29,8,0,0
1637865902947,82,Small-Medium,200,OK,true,102713,139,29,29,6,0,0
1637865902983,50,Small-Medium,200,OK,true,102713,139,29,29,6,0,0
1637865903024,25,Small,200,OK,true,51511,138,29,29,7,0,0
1637865902792,263,Medium,200,OK,true,307513,139,29,29,7,0,0
1637865902561,502,Large,200,OK,true,1048892,137,29,29,11,0,5
1637865903014,52,Small-Medium,200,OK,true,102713,139,29,29,7,0,0
1637865902876,212,Medium-Large,200,OK,true,512313,139,29,29,7,0,0
1637865902876,216,Medium-Large,200,OK,true,512313,139,29,29,8,0,0
1637865902913,185,Medium,200,OK,true,307513,139,29,29,7,0,0
1637865902564,543,Medium-Large,200,OK,true,512313,139,29,29,6,0,0
1637865903088,30,Small,200,OK,true,51511,138,29,29,7,0,0
1637865902516,613,Large,200,OK,true,1048891,137,29,29,7,0,0
1637865902591,556,Medium-Large,200,OK,true,512313,139,29,29,7,0,0
1637865903130,35,Small,200,OK,true,51511,138,29,29,8,0,0
1637865902932,239,Medium-Large,200,OK,true,512313,139,29,29,7,0,0
1637865903016,165,Medium,200,OK,true,307512,139,29,29,10,0,0
1637865902869,326,Medium,200,OK,true,307513,139,29,29,7,0,0
1637865902957,246,Medium-Large,200,OK,true,512313,139,29,29,7,0,0
1637865902958,245,Medium-Large,200,OK,true,512313,139,29,29,7,0,0
1637865902944,265,Medium-Large,200,OK,true,512313,139,29,29,7,0,0
1637865903147,83,Small-Medium,200,OK,true,102713,139,29,29,6,0,0
1637865903063,172,Medium,200,OK,true,307513,139,29,29,6,0,0
1637865903204,33,Small,200,OK,true,51511,138,29,29,8,0,0
1637865903203,34,Small,200,OK,true,51511,138,29,29,8,0,0
1637865903195,45,Small,200,OK,true,51511,138,29,29,6,0,0
1637865903181,59,Small-Medium,200,OK,true,102677,139,29,29,7,0,0
1637865903092,162,Medium,200,OK,true,307513,139,29,29,7,0,0
1637865902998,268,Medium-Large,200,OK,true,512312,139,29,29,6,0,0
1637865903005,262,Medium-Large,200,OK,true,512313,139,29,29,7,0,0
1637865903254,27,Small,200,OK,true,51511,138,29,29,7,0,0
1637865903236,61,Small-Medium,200,OK,true,102713,139,28,28,7,0,0
1637865902771,563,Large,200,OK,true,1048890,137,28,28,7,0,0
1637865903058,278,Medium,200,OK,true,307513,139,28,28,6,0,0
1637865903055,281,Medium,200,OK,true,307513,139,28,28,7,0,0
1637865902988,353,Medium,200,OK,true,307513,139,28,28,7,0,0
1637865903048,306,Medium-Large,200,OK,true,512313,139,28,28,6,0,0
1637865903320,53,Small-Medium,200,OK,true,102713,139,28,28,13,0,0
1637865903098,278,Medium-Large,200,OK,true,512313,139,28,28,8,0,0
1637865903209,171,Medium,200,OK,true,307513,139,28,28,6,0,0
1637865903298,85,Small-Medium,200,OK,true,102714,139,28,28,29,0,6
1637865903336,54,Small,200,OK,true,51511,138,28,28,9,0,0
1637865902710,682,Large,200,OK,true,1048891,137,28,28,8,0,0
1637865903310,97,Small-Medium,200,OK,true,102713,139,28,28,11,0,0
1637865903172,242,Medium-Large,200,OK,true,512313,139,28,28,6,0,0
1637865903380,34,Small,200,OK,true,51511,138,28,28,13,0,0
1637865902869,556,Large,200,OK,true,1048891,137,28,28,9,0,0
1637865903267,165,Medium,200,OK,true,307512,139,28,28,7,0,0
1637865903098,359,Medium-Large,200,OK,true,512313,139,28,28,7,0,0
1637865903414,54,Small-Medium,200,OK,true,102713,139,28,28,7,0,0
1637865903423,60,Small,200,OK,true,51511,138,28,28,7,0,0
1637865902973,533,Large,200,OK,true,1048891,137,28,28,6,0,0
1637865903432,75,Small-Medium,200,OK,true,102712,139,28,28,8,0,0
1637865903246,263,Medium-Large,200,OK,true,512313,139,28,28,6,0,0
1637865903335,189,Medium,200,OK,true,307512,139,28,28,8,0,0
1637865903492,37,Small,200,OK,true,51511,138,28,28,14,0,0
1637865903376,155,Medium,200,OK,true,307513,139,28,28,6,0,0
1637865903507,28,Small,200,OK,true,51511,138,28,28,11,0,0
1637865903062,486,Medium-Large,200,OK,true,512313,139,28,28,7,0,0
1637865903509,53,Small-Medium,200,OK,true,102713,139,28,28,9,0,0
1637865903432,136,Medium,200,OK,true,307513,139,28,28,8,0,0
1637865903034,555,Large,200,OK,true,1048891,137,28,28,6,0,0
1637865903108,506,Medium-Large,200,OK,true,512313,139,28,28,6,0,0
1637865903354,261,Medium-Large,200,OK,true,512313,139,28,28,8,0,0
1637865903016,611,Medium-Large,200,OK,true,512313,139,28,28,7,0,0
1637865903535,98,Small-Medium,200,OK,true,102713,139,28,28,8,0,0
1637865903548,93,Small-Medium,200,OK,true,102713,139,28,28,7,0,0
1637865903337,306,Medium,200,OK,true,307513,139,28,28,8,0,0
1637865903140,525,Large,200,OK,true,1048891,137,28,28,7,0,0
1637865903409,259,Medium-Large,200,OK,true,512313,139,28,28,7,0,0
1637865903526,143,Medium,200,OK,true,307513,139,28,28,8,0,0
1637865903532,140,Medium,200,OK,true,307513,139,28,28,8,0,0
1637865903619,57,Small-Medium,200,OK,true,102713,139,28,28,7,0,0
1637865903457,222,Medium,200,OK,true,307513,139,28,28,7,0,0
1637865903647,56,Small,200,OK,true,51511,138,28,28,8,0,0
1637865903544,168,Medium,200,OK,true,307512,139,28,28,7,0,0
1637865903660,62,Small,200,OK,true,51511,138,28,28,8,0,0
1637865903203,532,Large,200,OK,true,1048891,137,28,28,8,0,0
1637865903712,29,Small,200,OK,true,51510,138,28,28,9,0,0
1637865903267,474,Large,200,OK,true,1048891,137,28,28,7,0,0
1637865903731,29,Small,200,OK,true,51511,138,28,28,8,0,0
1637865903627,135,Small-Medium,200,OK,true,102713,139,28,28,7,0,0
1637865903392,376,Medium-Large,200,OK,true,512313,139,28,28,7,0,0
1637865903615,157,Medium,200,OK,true,307513,139,28,28,8,0,0
1637865903569,214,Medium-Large,200,OK,true,512313,139,28,28,7,0,0
1637865903742,46,Small-Medium,200,OK,true,102713,139,28,28,8,0,0
1637865903318,470,Large,200,OK,true,1048891,137,28,28,12,0,0
1637865903768,38,Small,200,OK,true,51511,138,28,28,8,0,0
1637865903448,362,Medium,200,OK,true,307513,139,28,28,8,0,0
1637865903669,142,Medium,200,OK,true,307513,139,28,28,10,0,0
1637865903525,303,Medium-Large,200,OK,true,512312,139,28,28,7,0,0
1637865903762,69,Small,200,OK,true,51511,138,28,28,9,0,0
1637865903129,705,Large,200,OK,true,1048891,137,28,28,7,0,0
1637865903589,251,Medium-Large,200,OK,true,512313,139,28,28,9,0,0
1637865903823,30,Small,200,OK,true,51475,138,28,28,8,0,0
1637865903348,514,Large,200,OK,true,1048891,137,28,28,8,0,0
1637865903811,51,Small-Medium,200,OK,true,102713,139,28,28,8,0,0
1637865903773,93,Small-Medium,200,OK,true,102713,139,28,28,8,0,0
1637865903679,191,Medium,200,OK,true,307513,139,28,28,7,0,0
1637865903621,254,Medium-Large,200,OK,true,512313,139,28,28,6,0,0
1637865903854,27,Small,200,OK,true,51511,138,28,28,8,0,0
1637865903862,32,Small,200,OK,true,51511,138,28,28,7,0,0
1637865903735,159,Medium,200,OK,true,307513,139,28,28,8,0,0
1637865903342,556,Medium-Large,200,OK,true,512313,139,28,28,7,0,0
1637865903668,245,Medium-Large,200,OK,true,512313,139,28,28,7,0,0
1637865903875,51,Small-Medium,200,OK,true,102713,139,28,28,19,0,0
1637865903894,53,Small-Medium,200,OK,true,102713,139,28,28,7,0,0
1637865903922,26,Small,200,OK,true,51511,138,28,28,9,0,0
1637865903789,177,Medium-Large,200,OK,true,512313,139,28,28,7,0,0
1637865903425,544,Large,200,OK,true,1048891,137,28,28,7,0,0
1637865903935,53,Small,200,OK,true,51512,138,28,28,15,0,8
1637865903967,23,Small,200,OK,true,51511,138,28,28,7,0,0
1637865903783,207,Medium-Large,200,OK,true,512313,139,28,28,7,0,0
1637865903841,154,Medium,200,OK,true,307513,139,28,28,9,0,0
1637865903973,26,Small,200,OK,true,51511,138,28,28,7,0,0
1637865903898,116,Small-Medium,200,OK,true,102713,139,28,28,6,0,0
1637865903969,46,Small-Medium,200,OK,true,102713,139,28,28,7,0,0
1637865903772,244,Medium-Large,200,OK,true,512313,139,28,28,9,0,0
1637865903913,112,Medium,200,OK,true,307513,139,28,28,8,0,0
1637865903834,194,Medium,200,OK,true,307513,139,28,28,7,0,0
1637865904005,27,Small,200,OK,true,51511,138,28,28,8,0,0
1637865903995,38,Small-Medium,200,OK,true,102713,139,28,28,8,0,0
1637865904029,38,Small,200,OK,true,51511,138,28,28,7,0,0
1637865903673,401,Large,200,OK,true,1048891,137,28,28,8,0,0
1637865903603,472,Large,200,OK,true,1048891,137,28,28,9,0,0
1637865904036,41,Small-Medium,200,OK,true,102713,139,28,28,7,0,0
1637865904047,38,Small-Medium,200,OK,true,102713,139,28,28,8,0,0
1637865903665,422,Large,200,OK,true,1048891,137,28,28,8,0,0
1637865904075,23,Small,200,OK,true,51511,138,28,28,8,0,0
1637865904014,122,Small-Medium,200,OK,true,102713,139,28,28,8,0,0
1637865903965,173,Medium-Large,200,OK,true,512313,139,28,28,9,0,0
1637865904016,125,Medium,200,OK,true,307513,139,28,28,8,0,0
1637865904121,38,Small-Medium,200,OK,true,102713,139,28,28,6,0,0
1637865904138,40,Small-Medium,200,OK,true,102713,139,28,28,9,0,0
1637865904080,104,Medium,200,OK,true,307513,139,28,28,7,0,0
1637865904087,97,Medium,200,OK,true,307513,139,28,28,7,0,0
1637865904161,28,Small,200,OK,true,51511,138,28,28,9,0,0
1637865903614,576,Medium-Large,200,OK,true,512313,139,28,28,9,0,0
1637865904141,53,Small-Medium,200,OK,true,102713,139,28,28,9,0,0
1637865903843,373,Large,200,OK,true,1048891,137,28,28,8,0,0
1637865904087,134,Medium,200,OK,true,307513,139,28,28,7,0,0
1637865903644,589,Medium-Large,200,OK,true,512313,139,28,28,7,0,0
1637865904191,42,Small-Medium,200,OK,true,102713,139,28,28,10,0,0
1637865904216,18,Small,200,OK,true,51511,138,28,28,8,0,0
1637865904199,37,Small-Medium,200,OK,true,102713,139,28,28,9,0,0
1637865904074,163,Medium-Large,200,OK,true,512313,139,28,28,8,0,0
1637865903880,362,Medium-Large,200,OK,true,512313,139,28,28,16,0,0
1637865904147,100,Medium,200,OK,true,307513,139,28,28,9,0,0
1637865904107,155,Medium,200,OK,true,307513,139,28,28,14,0,0
1637865904221,41,Small-Medium,200,OK,true,102713,139,28,28,9,0,0
1637865904250,44,Small-Medium,200,OK,true,102713,139,28,28,7,0,0
1637865904272,26,Small-Medium,200,OK,true,102713,139,28,28,9,0,0
1637865903990,314,Large,200,OK,true,1048891,137,28,28,7,0,0
1637865904252,53,Small-Medium,200,OK,true,102713,139,28,28,9,0,0
1637865904262,44,Small-Medium,200,OK,true,102713,139,28,28,9,0,0
1637865904242,89,Small-Medium,200,OK,true,102713,139,28,28,8,0,0
1637865903263,1113,Large,200,OK,true,1048891,137,28,28,8,0,0
1637865904333,55,Small-Medium,200,OK,true,102713,139,28,28,9,0,0
1637865903828,568,Large,200,OK,true,1048890,137,28,28,8,0,0
1637865904362,36,Small,200,OK,true,51511,138,28,28,10,0,0
1637865904302,99,Medium,200,OK,true,307513,139,28,28,8,0,0
1637865904365,39,Small,200,OK,true,51511,138,28,28,10,0,0
1637865904259,152,Medium-Large,200,OK,true,512313,139,28,28,9,0,0
1637865904384,35,Small-Medium,200,OK,true,102713,139,28,28,9,0,0
1637865904025,397,Large,200,OK,true,1048891,137,28,28,8,0,0
1637865903759,664,Medium-Large,200,OK,true,512313,139,28,28,7,0,0
1637865904310,116,Medium,200,OK,true,307513,139,28,28,10,0,0
1637865904374,52,Small-Medium,200,OK,true,102713,139,28,28,8,0,0
1637865903987,459,Large,200,OK,true,1048891,137,28,28,7,0,0
1637865904426,21,Small,200,OK,true,51511,138,28,28,9,0,0
1637865904304,149,Medium-Large,200,OK,true,512313,139,28,28,8,0,0
1637865903894,562,Medium-Large,200,OK,true,512313,139,28,28,9,0,0
1637865904354,111,Small-Medium,200,OK,true,102713,139,28,28,8,0,0
1637865904140,336,Medium-Large,200,OK,true,512313,139,28,28,9,0,0
1637865904446,36,Small,200,OK,true,51511,138,28,28,8,0,0
1637865904453,35,Small-Medium,200,OK,true,102713,139,28,28,6,0,0
1637865904473,24,Small,200,OK,true,51511,138,28,28,10,0,0
1637865904329,174,Medium-Large,200,OK,true,512313,139,28,28,9,0,0
1637865904496,35,Small-Medium,200,OK,true,102713,139,28,28,8,0,0
1637865904186,348,Large,200,OK,true,1048891,137,28,28,7,0,0
1637865904503,53,Small-Medium,200,OK,true,102713,139,28,28,8,0,0
1637865904237,319,Large,200,OK,true,1048891,137,28,28,8,0,0
1637865904136,422,Medium,200,OK,true,307513,139,28,28,10,0,0
1637865904396,177,Medium,200,OK,true,307512,139,28,28,9,0,0
1637865903875,704,Medium-Large,200,OK,true,512313,139,28,28,19,0,0
1637865904466,120,Small-Medium,200,OK,true,102713,139,28,28,10,0,0
1637865904565,31,Small,200,OK,true,51511,138,28,28,8,0,0
1637865903870,736,Large,200,OK,true,1048891,137,28,28,7,0,0
1637865904586,24,Small,200,OK,true,51511,138,28,28,10,0,0
1637865904557,54,Small-Medium,200,OK,true,102713,139,28,28,11,0,0
1637865904486,144,Medium,200,OK,true,307513,139,28,28,8,0,0
1637865904422,215,Medium-Large,200,OK,true,512313,139,28,28,7,0,0
1637865904608,38,Small-Medium,200,OK,true,102713,139,28,28,8,0,0
1637865904230,419,Large,200,OK,true,1048891,137,28,28,9,0,0
1637865904081,583,Large,200,OK,true,1048891,137,28,28,8,0,0
1637865904630,58,Small-Medium,200,OK,true,102713,139,28,28,9,0,0
1637865904606,88,Small-Medium,200,OK,true,102713,139,28,28,8,0,0
1637865904664,37,Small,200,OK,true,51511,138,28,28,9,0,0
1637865904415,309,Large,200,OK,true,1048891,137,28,28,9,0,0
1637865904670,61,Small-Medium,200,OK,true,102713,139,28,28,10,0,0
1637865904579,156,Small-Medium,200,OK,true,102713,139,28,28,10,0,0
1637865904411,337,Large,200,OK,true,1048891,137,28,28,8,0,0
1637865904637,121,Medium,200,OK,true,307513,139,28,28,10,0,0
1637865904748,21,Small,200,OK,true,51511,138,28,28,10,0,0
1637865904615,200,Medium-Large,200,OK,true,512313,139,28,28,9,0,0
1637865904699,121,Medium,200,OK,true,307513,139,28,28,9,0,0
1637865904719,102,Medium,200,OK,true,307513,139,28,28,9,0,0
1637865904718,108,Small-Medium,200,OK,true,102713,139,28,28,9,0,0
1637865904832,25,Small,200,OK,true,51511,138,28,28,10,0,0
1637865904476,391,Medium-Large,200,OK,true,512313,139,28,28,9,0,0
1637865904573,316,Medium-Large,200,OK,true,512312,139,28,28,9,0,0
1637865904539,359,Large,200,OK,true,1048891,137,28,28,17,0,0
1637865904556,355,Large,200,OK,true,1048891,137,28,28,10,0,0
1637865904586,331,Medium,200,OK,true,307513,139,28,28,9,0,0
1637865904758,165,Medium,200,OK,true,307513,139,28,28,9,0,0
1637865904190,737,Medium-Large,200,OK,true,512313,139,28,28,8,0,0
1637865904815,115,Medium,200,OK,true,307513,139,28,28,8,0,0
1637865903810,1130,Large,200,OK,true,1048891,137,28,28,10,0,0
1637865904446,503,Large,200,OK,true,1048891,137,28,28,9,0,0
1637865904867,99,Small-Medium,200,OK,true,102713,139,28,28,9,0,0
1637865904923,59,Small-Medium,200,OK,true,102713,139,28,28,9,0,0
1637865904535,458,Large,200,OK,true,1048891,137,28,28,22,0,0
1637865904477,519,Large,200,OK,true,1048891,137,28,28,10,0,0
1637865904993,35,Small,200,OK,true,51511,138,28,28,9,0,0
1637865904917,112,Small-Medium,200,OK,true,102713,139,28,28,9,0,0
1637865904945,98,Medium,200,OK,true,307513,139,28,28,9,0,0
1637865904456,597,Medium-Large,200,OK,true,512313,139,28,28,8,0,0
1637865904930,127,Medium,200,OK,true,307513,139,28,28,10,0,0
1637865904782,279,Medium-Large,200,OK,true,512313,139,28,28,9,0,0
1637865904861,207,Medium-Large,200,OK,true,512313,139,28,28,8,0,0
1637865904676,402,Large,200,OK,true,1048891,137,28,28,9,0,0
1637865905057,27,Small,200,OK,true,51511,138,28,28,10,0,0
1637865904898,191,Medium-Large,200,OK,true,512313,139,28,28,9,0,0
1637865905078,19,Small,200,OK,true,51511,138,28,28,9,0,0
1637865904423,681,Medium-Large,200,OK,true,512313,139,28,28,11,0,0
1637865905089,22,Small,200,OK,true,51511,138,28,28,9,0,0
1637865904724,392,Large,200,OK,true,1048891,137,28,28,7,0,0
1637865904911,205,Medium-Large,200,OK,true,512313,139,28,28,11,0,0
1637865905061,65,Small-Medium,200,OK,true,102713,139,28,28,10,0,0
1637865905105,28,Small,200,OK,true,51511,138,28,28,11,0,0
1637865904649,499,Large,200,OK,true,1048891,137,28,28,9,0,0
1637865905105,48,Small,200,OK,true,51511,138,28,28,11,0,0
1637865904820,385,Large,200,OK,true,1048891,137,28,28,7,0,0
1637865905201,36,Small,200,OK,true,51511,138,28,28,6,0,0
1637865905056,195,Medium-Large,200,OK,true,512313,139,28,28,9,0,0
1637865904940,321,Medium,200,OK,true,307513,139,28,28,10,0,0
1637865905217,45,Small-Medium,200,OK,true,102713,139,28,28,19,0,0
1637865904742,537,Large,200,OK,true,1048891,137,28,28,10,0,0
1637865904927,352,Medium,200,OK,true,307513,139,28,28,9,0,0
1637865905035,268,Medium-Large,200,OK,true,512313,139,28,28,8,0,0
1637865905116,210,Medium-Large,200,OK,true,512313,139,28,28,7,0,0
1637865905205,130,Medium,200,OK,true,307513,139,28,28,6,0,0
1637865905116,223,Medium-Large,200,OK,true,512313,139,28,28,9,0,0
1637865905303,39,Small,200,OK,true,51511,138,28,28,12,0,0
1637865905326,20,Small,200,OK,true,51511,138,28,28,9,0,0
1637865905340,20,Small,200,OK,true,51511,138,28,28,8,0,0
1637865905328,36,Small,200,OK,true,51511,138,28,28,12,0,0
1637865905216,154,Small-Medium,200,OK,true,102713,139,28,28,21,0,0
1637865905053,317,Medium,200,OK,true,307513,139,28,28,9,0,0
1637865904979,418,Medium-Large,200,OK,true,512313,139,28,28,9,0,0
1637865904233,1166,Large,200,OK,true,1048891,137,28,28,9,0,0
1637865905149,255,Medium-Large,200,OK,true,512313,139,28,28,5,0,0
1637865904776,634,Large,200,OK,true,1048891,137,28,28,8,0,0
1637865905404,28,Small,200,OK,true,51511,138,28,28,9,0,0
1637865905279,156,Medium,200,OK,true,307513,139,28,28,10,0,0
1637865905068,371,Large,200,OK,true,1048891,137,28,28,10,0,0
1637865905370,82,Small,200,OK,true,51511,138,28,28,9,0,0
1637865905435,31,Small,200,OK,true,51511,138,28,28,9,0,0
1637865905438,29,Small,200,OK,true,51511,138,28,28,9,0,0
1637865905439,45,Small-Medium,200,OK,true,102713,139,28,28,9,0,0
1637865905400,84,Small,200,OK,true,51511,138,28,28,8,0,0
1637865905313,172,Medium-Large,200,OK,true,512313,139,28,28,9,0,0
1637865904949,537,Large,200,OK,true,1048891,137,28,28,9,0,0
1637865904996,516,Large,200,OK,true,1048891,137,28,28,10,0,0
1637865905485,29,Small,200,OK,true,51511,138,28,28,10,0,0
1637865905170,349,Large,200,OK,true,1048891,137,28,28,6,0,0
1637865905486,42,Small-Medium,200,OK,true,102713,139,28,28,7,0,0
1637865905251,291,Large,200,OK,true,1048891,137,28,28,11,0,0
1637865905520,27,Small-Medium,200,OK,true,102713,139,28,28,8,0,0
1637865905415,134,Medium,200,OK,true,307513,139,28,28,10,0,0
1637865905483,73,Small,200,OK,true,51511,138,28,28,8,0,0
1637865905031,529,Medium-Large,200,OK,true,512313,139,28,28,9,0,0
1637865905190,372,Large,200,OK,true,1048891,137,28,28,5,0,0
1637865905546,25,Small,200,OK,true,51511,138,28,28,8,0,0
1637865905549,35,Small-Medium,200,OK,true,102713,139,28,28,8,0,0
1637865904889,703,Large,200,OK,true,1048890,137,28,28,9,0,0
1637865905562,34,Small-Medium,200,OK,true,102713,139,28,28,9,0,0
1637865905560,57,Small,200,OK,true,51511,138,28,28,9,0,0
1637865905516,106,Medium,200,OK,true,307513,139,28,28,8,0,0
1637865905598,33,Small,200,OK,true,51511,138,28,28,8,0,0
1637865905511,124,Small-Medium,200,OK,true,102713,139,28,28,8,0,0
1637865905441,194,Medium-Large,200,OK,true,512313,139,28,28,10,0,0
1637865905335,319,Large,200,OK,true,1048891,137,28,28,10,0,0
1637865905631,27,Small,200,OK,true,51511,138,28,28,7,0,0
1637865905549,123,Medium,200,OK,true,307513,139,28,28,14,0,0
1637865905654,19,Small,200,OK,true,51511,138,28,28,10,0,0
1637865904376,1306,Large,200,OK,true,1048891,137,28,28,9,0,0
1637865905659,35,Small,200,OK,true,51511,138,28,28,9,0,0
1637865905410,291,Medium-Large,200,OK,true,512313,139,28,28,9,0,0
1637865905174,536,Large,200,OK,true,1048891,137,28,28,6,0,0
1637865905551,164,Medium-Large,200,OK,true,512313,139,28,28,8,0,0
1637865905673,45,Small-Medium,200,OK,true,102713,139,28,28,10,0,0
1637865905452,279,Large,200,OK,true,1048891,137,28,28,11,0,0
1637865905710,21,Small,200,OK,true,51511,138,28,28,9,0,0
1637865905682,73,Small,200,OK,true,51511,138,28,28,11,0,0
1637865905512,249,Medium-Large,200,OK,true,512313,139,28,28,9,0,0
1637865905592,189,Medium,200,OK,true,307512,139,28,28,7,0,0
1637865905766,16,Small,200,OK,true,51511,138,28,28,8,0,0
1637865905762,27,Small,200,OK,true,51511,138,28,28,8,0,0
1637865905543,268,Large,200,OK,true,1048891,137,28,28,7,0,0
1637865905731,87,Medium,200,OK,true,307513,139,28,28,8,0,0
1637865905661,163,Medium-Large,200,OK,true,512313,139,28,28,9,0,0
1637865905636,194,Medium-Large,200,OK,true,512313,139,28,28,9,0,0
1637865905743,90,Medium,200,OK,true,307513,139,28,28,9,0,0
1637865905397,443,Medium-Large,200,OK,true,512313,139,28,28,9,0,0
1637865904830,1023,Large,200,OK,true,1048891,137,28,28,9,0,0
1637865905715,142,Medium-Large,200,OK,true,512313,139,28,28,9,0,0
1637865905825,36,Small-Medium,200,OK,true,102713,139,28,28,8,0,0
1637865905710,158,Medium,200,OK,true,307513,139,28,28,11,0,0
1637865905596,310,Large,200,OK,true,1048891,137,28,28,9,0,0
1637865905874,34,Small,200,OK,true,51511,138,28,28,8,0,0
1637865905878,59,Small-Medium,200,OK,true,102713,139,28,28,11,0,0
1637865905906,40,Small,200,OK,true,51511,138,28,28,19,0,0
1637865905830,130,Medium,200,OK,true,307513,139,28,28,8,0,0
1637865905793,168,Small-Medium,200,OK,true,102713,139,28,28,8,0,0
1637865905961,35,Small,200,OK,true,51511,138,28,28,9,0,0
1637865904558,1440,Large,200,OK,true,1048891,137,28,28,10,0,0
1637865905672,338,Medium,200,OK,true,307513,139,28,28,10,0,0
1637865905593,424,Medium,200,OK,true,307513,139,28,28,8,0,0
1637865905855,164,Medium-Large,200,OK,true,512313,139,28,28,8,0,0
1637865905985,35,Small,200,OK,true,51511,138,28,28,11,0,0
1637865905673,351,Large,200,OK,true,1048891,137,28,28,10,0,0
1637865905771,266,Medium-Large,200,OK,true,512313,139,28,28,9,0,0
1637865905279,760,Medium-Large,200,OK,true,512313,139,28,28,17,0,0
1637865906024,40,Small-Medium,200,OK,true,102713,139,28,28,11,0,0
1637865906037,36,Small,200,OK,true,51511,138,28,28,11,0,0
1637865905822,255,Medium-Large,200,OK,true,512313,139,28,28,9,0,0
1637865905628,463,Large,200,OK,true,1048891,137,28,28,7,0,0
1637865905782,329,Medium-Large,200,OK,true,512312,139,28,28,11,0,0
1637865906018,103,Medium,200,OK,true,307513,139,28,28,11,0,0
1637865905811,355,Large,200,OK,true,1048891,137,28,28,8,0,0
1637865905990,180,Medium-Large,200,OK,true,512313,139,28,28,11,0,0
1637865906130,42,Small-Medium,200,OK,true,102713,139,28,28,11,0,0
1637865906072,123,Medium,200,OK,true,307513,139,28,28,9,0,0
1637865906167,39,Small-Medium,200,OK,true,102713,139,28,28,7,0,0
1637865905857,358,Large,200,OK,true,1048891,137,28,28,8,0,0
1637865905843,386,Large,200,OK,true,1048891,137,28,28,11,0,0
1637865906091,140,Medium,200,OK,true,307513,139,28,28,9,0,0
1637865906078,159,Medium,200,OK,true,307513,139,28,28,9,0,0
1637865904735,1504,Large,200,OK,true,1048891,137,28,28,9,0,0
1637865906196,43,Small-Medium,200,OK,true,102713,139,28,28,9,0,0
1637865906229,40,Small-Medium,200,OK,true,102713,139,28,28,9,0,0
1637865906241,29,Small,200,OK,true,51511,138,28,28,8,0,0
1637865905937,334,Large,200,OK,true,1048891,137,28,28,7,0,0
1637865906098,178,Medium,200,OK,true,307513,139,28,28,9,0,0
1637865905784,497,Large,200,OK,true,1048891,137,28,28,9,0,0
1637865906170,121,Medium,200,OK,true,307513,139,28,28,9,0,0
1637865906237,54,Small-Medium,200,OK,true,102713,139,28,28,8,0,0
1637865905840,461,Medium-Large,200,OK,true,512313,139,28,28,10,0,0
1637865905701,613,Large,200,OK,true,1048891,137,28,28,9,0,0
1637865906136,180,Medium-Large,200,OK,true,512313,139,28,28,21,0,0
1637865906271,46,Small-Medium,200,OK,true,102713,139,28,28,8,0,0
1637865906111,209,Medium,200,OK,true,307477,139,28,28,8,0,0
1637865906281,45,Small-Medium,200,OK,true,102713,139,28,28,9,0,0
1637865906316,33,Small-Medium,200,OK,true,102713,139,28,28,8,0,0
1637865906156,197,Medium-Large,200,OK,true,512313,139,28,28,9,0,0
1637865906320,39,Small,200,OK,true,51512,138,28,28,16,0,8
1637865905635,730,Medium-Large,200,OK,true,512313,139,28,28,9,0,0
1637865905962,412,Medium,200,OK,true,307513,139,28,28,10,0,0
1637865906239,140,Small-Medium,200,OK,true,102713,139,28,28,7,0,0
1637865906349,33,Small,200,OK,true,51511,138,28,28,7,0,0
1637865906019,375,Large,200,OK,true,1048891,137,28,28,8,0,0
1637865906354,41,Small-Medium,200,OK,true,102713,139,28,28,7,0,0
1637865906278,119,Medium,200,OK,true,307513,139,28,28,10,0,0
1637865905868,531,Large,200,OK,true,1048891,137,28,28,8,0,0
1637865906215,185,Medium-Large,200,OK,true,512313,139,28,28,10,0,0
1637865906383,19,Small,200,OK,true,51511,138,28,28,7,0,0
1637865906017,393,Medium,200,OK,true,307513,139,28,28,8,0,0
1637865905998,419,Medium,200,OK,true,307513,139,28,28,10,0,0
1637865906399,21,Small,200,OK,true,51511,138,28,28,8,0,0
1637865906400,21,Small,200,OK,true,51511,138,28,28,9,0,0
1637865906397,32,Small-Medium,200,OK,true,102713,139,28,28,8,0,0
1637865906366,95,Small-Medium,200,OK,true,102713,139,28,28,7,0,0
1637865906433,34,Small-Medium,200,OK,true,102713,139,28,28,7,0,0
1637865905261,1218,Large,200,OK,true,1048891,137,28,28,11,0,0
1637865906394,97,Medium,200,OK,true,307513,139,28,28,8,0,0
1637865906308,190,Medium-Large,200,OK,true,512313,139,28,28,7,0,0
1637865906411,101,Small-Medium,200,OK,true,102713,139,28,28,7,0,0
1637865906380,133,Small-Medium,200,OK,true,102713,139,28,28,7,0,0
1637865906428,94,Medium,200,OK,true,307513,139,28,28,7,0,0
1637865906499,28,Small,200,OK,true,51511,138,28,28,7,0,0
1637865906417,110,Small-Medium,200,OK,true,102713,139,28,28,8,0,0
1637865906314,226,Medium-Large,200,OK,true,512313,139,28,28,8,0,0
1637865906010,532,Medium-Large,200,OK,true,512313,139,28,28,8,0,0
1637865906506,41,Small-Medium,200,OK,true,102713,139,28,28,7,0,0
1637865906540,48,Small-Medium,200,OK,true,102713,139,28,28,9,0,0
1637865906523,70,Small,200,OK,true,51511,138,28,28,8,0,0
1637865905370,1230,Large,200,OK,true,1048891,137,28,28,9,0,0
1637865906302,313,Medium-Large,200,OK,true,512313,139,28,28,7,0,0
1637865906393,224,Medium-Large,200,OK,true,512313,139,28,28,8,0,0
1637865906495,127,Medium,200,OK,true,307513,139,28,28,7,0,0
1637865906509,123,Medium,200,OK,true,307513,139,28,28,7,0,0
1637865906513,126,Medium,200,OK,true,307513,139,28,28,7,0,0
1637865906545,104,Medium,200,OK,true,307513,139,28,28,7,0,0
1637865906622,28,Small,200,OK,true,51511,138,28,28,8,0,0
1637865906511,143,Medium,200,OK,true,307513,139,28,28,7,0,0
1637865906232,425,Large,200,OK,true,1048891,137,28,28,8,0,0
1637865906632,44,Small-Medium,200,OK,true,102713,139,28,28,9,0,0
1637865906543,136,Small-Medium,200,OK,true,102713,139,28,28,7,0,0
1637865906651,30,Small,200,OK,true,51511,138,28,28,9,0,0
1637865906292,389,Large,200,OK,true,1048891,137,28,28,7,0,0
1637865906657,43,Small-Medium,200,OK,true,102713,139,28,28,17,0,0
1637865906466,245,Medium-Large,200,OK,true,512313,139,28,28,8,0,0
1637865906618,112,Medium,200,OK,true,307513,139,28,28,8,0,0
1637865906341,392,Large,200,OK,true,1048891,137,28,28,7,0,0
1637865906679,55,Small,200,OK,true,51511,138,28,28,8,0,0
1637865906276,465,Large,200,OK,true,1048891,137,28,28,9,0,0
1637865906355,389,Large,200,OK,true,1048891,137,28,28,8,0,0
1637865906374,387,Medium,200,OK,true,307513,139,28,28,8,0,0
1637865906711,50,Small-Medium,200,OK,true,102713,139,28,28,8,0,0
1637865906734,58,Small-Medium,200,OK,true,102713,139,28,28,8,0,0
1637865905853,940,Large,200,OK,true,1048891,137,28,28,9,0,0
1637865906478,317,Medium,200,OK,true,307513,139,28,28,8,0,0
1637865906681,115,Medium,200,OK,true,307513,139,28,28,7,0,0
1637865906744,52,Small-Medium,200,OK,true,102713,139,28,28,8,0,0
1637865906655,154,Medium,200,OK,true,307513,139,28,28,8,0,0
1637865906765,51,Small-Medium,200,OK,true,102713,139,28,28,9,0,0
1637865906541,279,Medium-Large,200,OK,true,512313,139,28,28,8,0,0
1637865906611,214,Medium-Large,200,OK,true,512313,139,28,28,9,0,0
1637865906639,191,Medium-Large,200,OK,true,512313,139,28,28,7,0,0
1637865906809,28,Small,200,OK,true,51511,138,28,28,7,0,0
1637865906615,223,Medium,200,OK,true,307513,139,28,28,8,0,0
1637865906761,80,Small,200,OK,true,51511,138,28,28,9,0,0
1637865906733,121,Medium,200,OK,true,307513,139,28,28,8,0,0
1637865906795,59,Small,200,OK,true,51511,138,28,28,11,0,0
1637865906479,375,Medium,200,OK,true,307513,139,28,28,8,0,0
1637865906824,32,Small,200,OK,true,51511,138,28,28,8,0,0
1637865906831,28,Small-Medium,200,OK,true,102713,139,28,28,7,0,0
1637865906825,43,Small-Medium,200,OK,true,102713,139,28,28,9,0,0
1637865906657,239,Medium-Large,200,OK,true,512313,139,28,28,8,0,0
1637865906796,100,Medium,200,OK,true,307513,139,28,28,10,0,0
1637865906856,44,Small-Medium,200,OK,true,102713,139,28,28,8,0,0
1637865906876,25,Small,200,OK,true,51511,138,28,28,8,0,0
1637865906896,22,Small,200,OK,true,51511,138,28,28,6,0,0
1637865906873,59,Small,200,OK,true,51511,138,28,28,8,0,0
1637865906908,35,Small-Medium,200,OK,true,102713,139,28,28,8,0,0
1637865906922,23,Small,200,OK,true,51511,138,28,28,8,0,0
1637865906854,92,Medium,200,OK,true,307513,139,28,28,8,0,0
1637865906846,102,Medium,200,OK,true,307513,139,28,28,7,0,0
1637865906461,508,Large,200,OK,true,1048891,137,28,28,8,0,0
1637865906820,158,Medium,200,OK,true,307513,139,28,28,9,0,0
1637865906958,21,Small,200,OK,true,51511,138,28,28,8,0,0
1637865906936,52,Small-Medium,200,OK,true,102713,139,28,28,9,0,0
1637865906636,365,Medium,200,OK,true,307513,139,28,28,8,0,0
1637865906793,209,Medium,200,OK,true,307513,139,28,28,11,0,0
1637865906966,38,Small-Medium,200,OK,true,102713,139,28,28,9,0,0
1637865906769,283,Large,200,OK,true,1048891,137,28,28,8,0,0
1637865906744,310,Large,200,OK,true,1048891,137,28,28,9,0,0
1637865906730,342,Large,200,OK,true,1048891,137,28,28,9,0,0
1637865906968,107,Medium,200,OK,true,307513,139,28,28,9,0,0
1637865906617,470,Large,200,OK,true,1048891,137,28,28,8,0,0
1637865907052,36,Small-Medium,200,OK,true,102713,139,28,28,7,0,0
1637865907049,40,Small,200,OK,true,51511,138,28,28,7,0,0
1637865906969,133,Medium,200,OK,true,307513,139,28,28,8,0,0
1637865907087,33,Small,200,OK,true,51511,138,28,28,9,0,0
1637865906943,183,Medium-Large,200,OK,true,512313,139,28,28,8,0,0
1637865906601,535,Medium-Large,200,OK,true,512313,139,28,28,7,0,0
1637865907008,137,Medium,200,OK,true,307513,139,28,28,9,0,0
1637865907127,27,Small,200,OK,true,51511,138,28,28,8,0,0
1637865906935,232,Medium-Large,200,OK,true,512313,139,28,28,8,0,0
1637865906838,341,Medium-Large,200,OK,true,512313,139,28,28,7,0,0
1637865907054,126,Medium,200,OK,true,307513,139,28,28,9,0,0
1637865907146,42,Small-Medium,200,OK,true,102713,139,28,28,7,0,0
1637865907161,29,Small,200,OK,true,51511,138,28,28,9,0,0
1637865907080,117,Medium,200,OK,true,307513,139,28,28,9,0,0
1637865907168,30,Small,200,OK,true,51511,138,28,28,7,0,0
1637865907078,125,Medium,200,OK,true,307513,139,28,28,8,0,0
1637865907198,24,Small,200,OK,true,51511,138,28,28,21,0,0
1637865906514,716,Medium-Large,200,OK,true,512313,139,28,28,7,0,0
1637865906741,498,Large,200,OK,true,1048891,137,28,28,8,0,0
1637865906978,269,Medium-Large,200,OK,true,512313,139,28,28,8,0,0
1637865907164,92,Medium,200,OK,true,307513,139,28,28,9,0,0
1637865907070,201,Medium-Large,200,OK,true,512313,139,28,28,9,0,0
1637865907033,241,Medium-Large,200,OK,true,512313,139,28,28,8,0,0
1637865907072,206,Medium-Large,200,OK,true,512313,139,28,28,8,0,0
1637865906792,489,Medium-Large,200,OK,true,512313,139,28,28,11,0,0
1637865907239,53,Small-Medium,200,OK,true,102713,139,28,28,8,0,0
1637865907274,28,Small,200,OK,true,51511,138,28,28,7,0,0
1637865907230,75,Small,200,OK,true,51511,138,28,28,8,0,0
1637865907279,27,Small,200,OK,true,51511,138,28,28,9,0,0
1637865907247,62,Small-Medium,200,OK,true,102713,139,28,28,9,0,0
1637865907276,37,Small-Medium,200,OK,true,102713,139,28,28,8,0,0
1637865907271,44,Small-Medium,200,OK,true,102713,139,28,28,8,0,0
1637865907278,48,Small-Medium,200,OK,true,102713,139,28,28,10,0,0
1637865907273,54,Small-Medium,200,OK,true,102713,139,28,28,8,0,0
1637865907310,18,Small,200,OK,true,51511,138,28,28,8,0,0
1637865907001,351,Medium,200,OK,true,307513,139,28,28,9,0,0
1637865906039,1314,Large,200,OK,true,1048891,137,28,28,9,0,0
1637865907103,250,Medium-Large,200,OK,true,512313,139,28,28,7,0,0
1637865906988,366,Large,200,OK,true,1048891,137,28,28,7,0,0
1637865906854,507,Medium-Large,200,OK,true,512313,139,28,28,9,0,0
1637865907204,177,Medium-Large,200,OK,true,512313,139,28,28,15,0,0
1637865907019,364,Large,200,OK,true,1048891,137,28,28,9,0,0
1637865907238,158,Medium-Large,200,OK,true,512313,139,28,28,9,0,0
1637865907382,17,Small,200,OK,true,51511,138,28,28,9,0,0
1637865907388,26,Small,200,OK,true,51511,138,28,28,9,0,0
1637865907342,72,Small,200,OK,true,51511,138,28,28,7,0,0
1637865907386,53,Small-Medium,200,OK,true,102713,139,28,28,7,0,0
1637865907423,50,Small-Medium,200,OK,true,102713,139,28,28,9,0,0
1637865907384,111,Medium,200,OK,true,307513,139,28,28,8,0,0
1637865907354,147,Medium,200,OK,true,307513,139,28,28,15,0,0
1637865907352,162,Medium,200,OK,true,307513,139,28,28,8,0,0
1637865907179,344,Medium-Large,200,OK,true,512313,139,28,28,8,0,0
1637865907398,136,Medium,200,OK,true,307513,139,28,28,8,0,0
1637865907501,39,Small-Medium,200,OK,true,102713,139,28,28,8,0,0
1637865907501,40,Small,200,OK,true,51511,138,28,28,10,0,0
1637865907181,368,Large,200,OK,true,1048891,137,28,28,9,0,0
1637865907355,200,Medium-Large,200,OK,true,512313,139,28,28,11,0,0
1637865907391,168,Medium,200,OK,true,307513,139,28,28,9,0,0
1637865907535,26,Small,200,OK,true,51511,138,28,28,9,0,0
1637865907534,45,Small-Medium,200,OK,true,102713,139,28,28,8,0,0
1637865906985,595,Medium-Large,200,OK,true,512313,139,28,28,7,0,0
1637865907560,25,Small,200,OK,true,51511,138,28,28,8,0,0
1637865907524,74,Small-Medium,200,OK,true,102713,139,28,28,9,0,0
1637865907198,412,Large,200,OK,true,1048891,137,28,28,21,0,0
1637865907612,25,Small,200,OK,true,51511,138,28,28,8,0,0
1637865907258,391,Large,200,OK,true,1048891,137,28,28,8,0,0
1637865907361,299,Medium-Large,200,OK,true,512313,139,28,28,12,0,0
1637865907514,149,Medium,200,OK,true,307513,139,28,28,8,0,0
1637865907551,120,Medium,200,OK,true,307513,139,28,28,9,0,0
1637865907663,29,Small,200,OK,true,51511,138,28,28,7,0,0
1637865907673,28,Small,200,OK,true,51511,138,28,28,7,0,0
1637865907494,208,Medium-Large,200,OK,true,512313,139,28,28,7,0,0
1637865907650,54,Small-Medium,200,OK,true,102713,139,28,28,7,0,0
1637865907636,71,Small-Medium,200,OK,true,102713,139,28,28,7,0,0
1637865907498,214,Medium-Large,200,OK,true,512313,139,28,28,8,0,0
1637865907660,60,Small-Medium,200,OK,true,102713,139,28,28,8,0,0
1637865907671,50,Small-Medium,200,OK,true,102713,139,28,28,7,0,0
1637865907003,720,Large,200,OK,true,1048891,137,28,28,7,0,0
1637865907613,115,Medium,200,OK,true,307513,139,28,28,8,0,0
1637865907281,450,Medium-Large,200,OK,true,512313,139,28,28,10,0,0
1637865907712,21,Small,200,OK,true,51511,138,28,28,8,0,0
1637865907702,39,Small-Medium,200,OK,true,102713,139,28,28,7,0,0
1637865907362,382,Medium,200,OK,true,307513,139,28,28,15,0,0
1637865907613,142,Medium,200,OK,true,307513,139,28,28,7,0,0
1637865907647,117,Medium,200,OK,true,307513,139,28,28,8,0,0
1637865907392,385,Large,200,OK,true,1048891,137,28,28,9,0,0
1637865907755,22,Small,200,OK,true,51511,138,28,28,7,0,0
1637865907384,401,Large,200,OK,true,1048891,137,28,28,9,0,0
1637865906530,1263,Large,200,OK,true,1048891,137,28,28,8,0,0
1637865907750,67,Small-Medium,200,OK,true,102713,139,28,28,6,0,0
1637865907773,60,Small-Medium,200,OK,true,102713,139,28,28,7,0,0
1637865907455,378,Medium,200,OK,true,307513,139,28,28,7,0,0
1637865907645,189,Medium-Large,200,OK,true,512313,139,28,28,8,0,0
1637865907783,51,Small-Medium,200,OK,true,102713,139,28,28,6,0,0
1637865907814,28,Small,200,OK,true,51511,138,28,28,8,0,0
1637865907387,479,Large,200,OK,true,1048891,137,28,28,9,0,0
1637865907834,50,Small-Medium,200,OK,true,102713,139,28,28,8,0,0
1637865907867,18,Small,200,OK,true,51511,138,28,28,9,0,0
1637865907495,391,Large,200,OK,true,1048891,137,28,28,9,0,0
1637865907728,162,Medium-Large,200,OK,true,512313,139,28,28,7,0,0
1637865907774,158,Medium,200,OK,true,307513,139,28,28,8,0,0
1637865907555,385,Large,200,OK,true,1048891,137,28,28,10,0,0
1637865907724,229,Medium-Large,200,OK,true,512313,139,28,28,7,0,0
1637865907824,147,Medium,200,OK,true,307513,139,28,28,7,0,0
1637865907833,153,Small-Medium,200,OK,true,102713,139,28,28,7,0,0
1637865907777,209,Medium-Large,200,OK,true,512313,139,28,28,7,0,0
1637865907953,34,Small,200,OK,true,51511,138,28,28,8,0,0
1637865907762,228,Medium-Large,200,OK,true,512312,139,28,28,7,0,0
1637865907946,53,Small-Medium,200,OK,true,102713,139,28,28,8,0,0
1637865907886,117,Medium,200,OK,true,307513,139,28,28,8,0,0
1637865907971,34,Small,200,OK,true,51511,138,28,28,9,0,0
1637865907353,661,Medium-Large,200,OK,true,512313,139,28,28,10,0,0
1637865907990,47,Small-Medium,200,OK,true,102712,139,28,28,8,0,0
1637865908014,78,Small,200,OK,true,51511,138,28,28,7,0,0
1637865907885,209,Medium,200,OK,true,307513,139,28,28,9,0,0
1637865907895,214,Medium-Large,200,OK,true,512313,139,28,28,8,0,0
1637865907866,255,Medium-Large,200,OK,true,512313,139,28,28,9,0,0
1637865908069,54,Small-Medium,200,OK,true,102713,139,28,28,10,0,0
1637865907986,161,Small-Medium,200,OK,true,102713,139,28,28,9,0,0
1637865908121,47,Small-Medium,200,OK,true,102713,139,28,28,8,0,0
1637865907764,422,Large,200,OK,true,1048891,137,28,28,8,0,0
1637865907794,397,Medium,200,OK,true,307513,139,28,28,9,0,0
1637865908171,25,Small,200,OK,true,51511,138,28,28,7,0,0
1637865907786,416,Large,200,OK,true,1048891,137,28,28,6,0,0
1637865908147,77,Small,200,OK,true,51511,138,28,28,9,0,0
1637865908202,24,Small,200,OK,true,51511,138,28,28,8,0,0
1637865908186,44,Small-Medium,200,OK,true,102713,139,28,28,10,0,0
1637865907865,366,Medium-Large,200,OK,true,512313,139,28,28,13,0,0
1637865907890,348,Large,200,OK,true,1048891,137,28,28,9,0,0
1637865908126,119,Small-Medium,200,OK,true,102713,139,28,28,7,0,0
1637865908102,153,Medium,200,OK,true,307512,139,28,28,9,0,0
1637865907744,532,Medium-Large,200,OK,true,512313,139,28,28,7,0,0
1637865908255,22,Small,200,OK,true,51510,138,28,28,8,0,0
1637865908069,219,Medium-Large,200,OK,true,512313,139,28,28,11,0,0
1637865907783,513,Large,200,OK,true,1048891,137,28,28,7,0,0
1637865906907,1396,Large,200,OK,true,1048891,137,28,28,9,0,0
1637865908109,200,Medium-Large,200,OK,true,512313,139,28,28,8,0,0
1637865908259,72,Small,200,OK,true,51511,138,28,28,10,0,0
1637865908310,51,Small-Medium,200,OK,true,102713,139,28,28,7,0,0
1637865907927,435,Large,200,OK,true,1048891,137,28,28,9,0,0
1637865907941,436,Large,200,OK,true,1048891,137,28,28,8,0,0
1637865908233,155,Medium,200,OK,true,307513,139,28,28,7,0,0
1637865908277,113,Small-Medium,200,OK,true,102713,139,28,28,8,0,0
1637865908367,27,Small,200,OK,true,51510,138,28,28,8,0,0
1637865908094,303,Medium-Large,200,OK,true,512313,139,28,28,9,0,0
1637865908305,105,Small-Medium,200,OK,true,102713,139,28,28,8,0,0
1637865908363,49,Small-Medium,200,OK,true,102713,139,28,28,8,0,0
1637865908239,174,Medium-Large,200,OK,true,512313,139,28,28,8,0,0
1637865907986,429,Large,200,OK,true,1048891,137,28,28,9,0,0
1637865908282,137,Medium,200,OK,true,307513,139,28,28,9,0,0
1637865908388,31,Small,200,OK,true,51511,138,28,28,9,0,0
1637865908377,46,Small-Medium,200,OK,true,102713,139,28,28,8,0,0
1637865908298,130,Medium,200,OK,true,307513,139,28,28,10,0,0
1637865908004,430,Large,200,OK,true,1048891,137,28,28,9,0,0
1637865908419,17,Small,200,OK,true,51511,138,28,28,7,0,0
1637865907932,512,Large,200,OK,true,1048891,137,28,28,9,0,0
1637865908429,16,Small,200,OK,true,51511,138,28,28,8,0,0
1637865908391,63,Small,200,OK,true,51511,138,28,28,8,0,0
1637865908444,26,Small,200,OK,true,51511,138,28,28,9,0,0
1637865908314,185,Medium-Large,200,OK,true,512313,139,28,28,7,0,0
1637865907979,520,Large,200,OK,true,1048891,137,28,28,9,0,0
1637865908421,86,Medium,200,OK,true,307513,139,28,28,9,0,0
1637865907136,1388,Large,200,OK,true,1048891,137,28,28,8,0,0
1637865908500,26,Small,200,OK,true,51511,138,28,28,11,0,0
1637865908475,57,Small-Medium,200,OK,true,102713,139,28,28,7,0,0
1637865908084,449,Large,200,OK,true,1048891,137,28,28,8,0,0
1637865908498,49,Small-Medium,200,OK,true,102713,139,28,28,12,0,0
1637865908499,51,Small-Medium,200,OK,true,102713,139,28,28,9,0,0
1637865908414,138,Medium-Large,200,OK,true,512313,139,28,28,6,0,0
1637865907724,849,Large,200,OK,true,1048891,137,29,29,7,0,0
1637865908499,101,Medium,200,OK,true,307513,139,29,29,8,0,0
1637865908601,27,Small,200,OK,true,51511,138,29,29,8,0,0
1637865907354,1277,Large,200,OK,true,1048891,137,29,29,12,0,0
1637865908245,391,Medium,200,OK,true,307513,139,29,29,8,0,0
1637865908587,59,Small-Medium,200,OK,true,102713,139,29,29,12,0,0
1637865908541,126,Medium,200,OK,true,307513,139,29,29,9,0,0
1637865907581,1092,Large,200,OK,true,1048891,137,29,29,7,0,0
1637865908288,471,Large,200,OK,true,1048891,137,29,29,9,0,0
1637865908552,221,Medium-Large,200,OK,true,512313,139,29,29,9,0,0
1637865908533,243,Medium-Large,200,OK,true,512313,139,29,29,6,0,0
1637865908632,150,Small-Medium,200,OK,true,102713,139,29,29,8,0,0
1637865908296,496,Large,200,OK,true,1048891,137,29,29,8,0,0
1637865908773,25,Small,200,OK,true,51511,138,29,29,9,0,0
1637865908372,430,Medium,200,OK,true,307513,139,29,29,9,0,0
1637865907733,1074,Large,200,OK,true,1048891,137,29,29,7,0,0
1637865908673,146,Small-Medium,200,OK,true,102713,139,29,29,8,0,0
1637865908792,36,Small,200,OK,true,51511,138,29,29,10,0,0
1637865908776,57,Small-Medium,200,OK,true,102713,139,29,29,8,0,0
1637865908415,419,Large,200,OK,true,1048891,137,29,29,7,0,0
1637865908504,343,Medium,200,OK,true,307513,139,29,29,8,0,0
1637865908434,417,Large,200,OK,true,1048891,137,29,29,10,0,0
1637865908717,134,Medium,200,OK,true,307513,139,29,29,9,0,0
1637865908615,237,Medium-Large,200,OK,true,512313,139,29,29,9,0,0
1637865908834,22,Small,200,OK,true,51511,138,29,29,9,0,0
1637865908667,220,Medium-Large,200,OK,true,512313,139,29,29,9,0,0
1637865908611,281,Medium-Large,200,OK,true,512313,139,29,29,9,0,0
1637865908892,39,Small,200,OK,true,51511,138,29,29,8,0,0
1637865908782,162,Small-Medium,200,OK,true,102713,139,29,29,10,0,0
1637865908534,418,Large,200,OK,true,1048891,137,29,29,6,0,0
1637865908531,423,Large,200,OK,true,1048891,137,29,29,7,0,0
1637865908802,157,Small-Medium,200,OK,true,102713,139,29,29,10,0,0
1637865908852,113,Medium,200,OK,true,307512,139,29,29,11,0,0
1637865908232,734,Large,200,OK,true,1048891,137,29,29,8,0,0
1637865908560,407,Medium,200,OK,true,307514,139,29,29,17,0,9
1637865908819,150,Small-Medium,200,OK,true,102713,139,29,29,9,0,0
1637865908851,125,Medium,200,OK,true,307513,139,29,29,10,0,0
1637865908479,503,Large,200,OK,true,1048890,137,29,29,20,0,0
1637865908976,27,Small,200,OK,true,51511,138,29,29,8,0,0
1637865908967,42,Small,200,OK,true,51511,138,29,29,8,0,0
1637865908759,263,Medium-Large,200,OK,true,512313,139,29,29,8,0,0
1637865908969,58,Small-Medium,200,OK,true,102712,139,29,29,9,0,0
1637865908397,636,Large,200,OK,true,1048891,137,29,29,9,0,0
1637865908959,75,Small,200,OK,true,51511,138,29,29,8,0,0
1637865908851,201,Medium-Large,200,OK,true,512313,139,29,29,9,0,0
1637865909022,33,Small,200,OK,true,51511,138,29,29,10,0,0
1637865908557,512,Large,200,OK,true,1048891,137,29,29,8,0,0
1637865908950,132,Medium,200,OK,true,307513,139,29,29,8,0,0
1637865908952,132,Medium,200,OK,true,307513,139,29,29,9,0,0
1637865909082,43,Small,200,OK,true,51511,138,29,29,8,0,0
1637865909069,56,Small-Medium,200,OK,true,102713,139,29,29,11,0,0
1637865908612,514,Large,200,OK,true,1048891,137,29,29,8,0,0
1637865909083,54,Small-Medium,200,OK,true,102713,139,29,29,7,0,0
1637865909084,61,Small-Medium,200,OK,true,102713,139,29,29,9,0,0
1637865909007,141,Medium,200,OK,true,307513,139,29,29,8,0,0
1637865908892,257,Medium-Large,200,OK,true,512313,139,29,29,9,0,0
1637865908703,463,Large,200,OK,true,1048891,137,29,29,7,0,0
1637865908955,216,Medium-Large,200,OK,true,512313,139,29,29,9,0,0
1637865909148,29,Small,200,OK,true,51511,138,29,29,9,0,0
1637865909126,62,Small-Medium,200,OK,true,102713,139,29,29,10,0,0
1637865909166,47,Small-Medium,200,OK,true,102713,139,29,29,8,0,0
1637865908982,241,Medium-Large,200,OK,true,512312,139,29,29,9,0,0
1637865909199,43,Small,200,OK,true,51511,138,29,29,12,0,0
1637865909200,44,Small-Medium,200,OK,true,102713,139,29,29,8,0,0
1637865909199,46,Small-Medium,200,OK,true,102713,139,29,29,9,0,0
1637865909223,27,Small,200,OK,true,51510,138,29,29,7,0,0
1637865909052,202,Medium-Large,200,OK,true,512313,139,29,29,9,0,0
1637865909139,120,Medium,200,OK,true,307513,139,29,29,7,0,0
1637865909242,32,Small,200,OK,true,51511,138,29,29,8,0,0
1637865908887,389,Large,200,OK,true,1048891,137,29,29,7,0,0
1637865909092,201,Medium-Large,200,OK,true,512313,139,29,29,9,0,0
1637865908890,408,Large,200,OK,true,1048891,137,29,29,8,0,0
1637865908966,342,Medium-Large,200,OK,true,512313,139,29,29,9,0,0
1637865909276,36,Small-Medium,200,OK,true,102713,139,29,29,8,0,0
1637865909299,35,Small-Medium,200,OK,true,102713,139,29,29,8,0,0
1637865909185,150,Medium,200,OK,true,307513,139,29,29,9,0,0
1637865909316,28,Small,200,OK,true,51511,138,29,29,8,0,0
1637865909315,39,Small,200,OK,true,51511,138,29,29,7,0,0
1637865908944,425,Medium,200,OK,true,307513,139,29,29,8,0,0
1637865909340,32,Small,200,OK,true,51510,138,29,29,8,0,0
1637865909336,37,Small,200,OK,true,51511,138,29,29,9,0,0
1637865909369,21,Small,200,OK,true,51511,138,29,29,7,0,0
1637865909264,127,Medium,200,OK,true,307513,139,29,29,8,0,0
1637865909283,109,Medium,200,OK,true,307513,139,29,29,7,0,0
1637865909260,141,Medium,200,OK,true,307513,139,29,29,7,0,0
1637865909293,117,Medium,200,OK,true,307513,139,29,29,9,0,0
1637865908908,509,Large,200,OK,true,1048891,137,29,29,8,0,0
1637865909315,107,Medium,200,OK,true,307513,139,29,29,8,0,0
1637865909254,176,Medium-Large,200,OK,true,512313,139,29,29,8,0,0
1637865909399,40,Small-Medium,200,OK,true,102713,139,29,29,8,0,0
1637865909414,39,Small-Medium,200,OK,true,102713,139,29,29,9,0,0
1637865909085,383,Large,200,OK,true,1048890,137,29,29,9,0,0
1637865908574,896,Large,200,OK,true,1048891,137,29,29,7,0,0
1637865909431,40,Small-Medium,200,OK,true,102713,139,29,29,8,0,0
1637865909432,41,Small-Medium,200,OK,true,102713,139,29,29,9,0,0
1637865909474,25,Small,200,OK,true,51511,138,29,29,8,0,0
1637865909392,129,Medium,200,OK,true,307513,139,29,29,8,0,0
1637865909410,113,Medium,200,OK,true,307513,139,29,29,8,0,0
1637865908848,680,Medium-Large,200,OK,true,512313,139,29,29,8,0,0
1637865909171,364,Large,200,OK,true,1048891,137,29,29,9,0,0
1637865909430,108,Medium,200,OK,true,307513,139,29,29,8,0,0
1637865908191,1347,Large,200,OK,true,1048891,137,29,29,8,0,0
1637865909515,47,Small-Medium,200,OK,true,102713,139,29,29,9,0,0
1637865909150,419,Large,200,OK,true,1048891,137,29,29,8,0,0
1637865909033,544,Large,200,OK,true,1048891,137,29,29,8,0,0
1637865909468,122,Medium,200,OK,true,307512,139,29,29,8,0,0
1637865909539,63,Small,200,OK,true,51511,138,29,29,8,0,0
1637865909391,213,Medium-Large,200,OK,true,512313,139,29,29,7,0,0
1637865909547,57,Small-Medium,200,OK,true,102713,139,29,29,9,0,0
1637865909401,216,Medium-Large,200,OK,true,512313,139,29,29,8,0,0
1637865908525,1102,Large,200,OK,true,1048891,137,29,29,8,0,0
1637865909604,24,Small,200,OK,true,51511,138,29,29,7,0,0
1637865909617,24,Small,200,OK,true,51511,138,29,29,8,0,0
1637865909591,50,Small-Medium,200,OK,true,102712,139,29,29,11,0,0
1637865909590,52,Small-Medium,200,OK,true,102713,139,29,29,12,0,0
1637865909527,126,Medium,200,OK,true,307513,139,29,29,8,0,0
1637865909631,23,Small,200,OK,true,51511,138,29,29,8,0,0
1637865909417,237,Medium-Large,200,OK,true,512313,139,29,29,8,0,0
1637865909536,123,Medium,200,OK,true,307513,139,29,29,8,0,0
1637865909531,128,Medium,200,OK,true,307513,139,29,29,8,0,0
1637865909659,20,Small,200,OK,true,51511,138,29,29,7,0,0
1637865909627,56,Small,200,OK,true,51511,138,29,29,8,0,0
1637865909570,131,Medium,200,OK,true,307513,139,29,29,8,0,0
1637865909470,241,Medium,200,OK,true,307513,139,29,29,9,0,0
1637865909547,177,Medium-Large,200,OK,true,512313,139,29,29,10,0,0
1637865909702,27,Small,200,OK,true,51511,138,29,29,10,0,0
1637865909431,300,Medium-Large,200,OK,true,512313,139,29,29,8,0,0
1637865909369,391,Medium,200,OK,true,307513,139,29,29,7,0,0
1637865909720,42,Small-Medium,200,OK,true,102713,139,29,29,8,0,0
1637865909731,34,Small,200,OK,true,51511,138,29,29,9,0,0
1637865909075,702,Medium-Large,200,OK,true,512313,139,29,29,8,0,0
1637865909656,122,Small-Medium,200,OK,true,102713,139,29,29,7,0,0
1637865909711,76,Small-Medium,200,OK,true,102713,139,29,29,9,0,0
1637865909655,143,Medium,200,OK,true,307513,139,29,29,8,0,0
1637865908808,1011,Large,200,OK,true,1048891,137,29,29,9,0,0
1637865909775,56,Small-Medium,200,OK,true,102712,139,29,29,7,0,0
1637865909798,40,Small,200,OK,true,51511,138,29,29,21,0,0
1637865909779,67,Small,200,OK,true,51511,138,29,29,7,0,0
1637865909724,141,Medium,200,OK,true,307513,139,29,29,7,0,0
1637865909660,207,Medium-Large,200,OK,true,512313,139,29,29,8,0,0
1637865908418,1450,Large,200,OK,true,1048891,137,29,29,8,0,0
1637865908636,1253,Large,200,OK,true,1048891,137,29,29,8,0,0
1637865909846,46,Small,200,OK,true,51511,138,29,29,8,0,0
1637865909835,64,Small-Medium,200,OK,true,102712,139,29,29,14,0,0
1637865909521,382,Large,200,OK,true,1048891,137,29,29,9,0,0
1637865909826,90,Small-Medium,200,OK,true,102713,139,29,29,9,0,0
1637865909706,216,Medium-Large,200,OK,true,512312,139,29,29,9,0,0
1637865909778,151,Small-Medium,200,OK,true,102713,139,29,29,8,0,0
1637865909452,482,Large,200,OK,true,1048891,137,29,29,10,0,0
1637865909454,490,Large,200,OK,true,1048855,137,29,29,8,0,0
1637865909903,49,Small-Medium,200,OK,true,102713,139,29,29,11,0,0
1637865909546,409,Large,200,OK,true,1048891,137,29,29,7,0,0
1637865909705,256,Medium-Large,200,OK,true,512313,139,29,29,9,0,0
1637865909922,47,Small-Medium,200,OK,true,102712,139,29,29,7,0,0
1637865909819,157,Medium,200,OK,true,307513,139,29,29,10,0,0
1637865909955,23,Small,200,OK,true,51511,138,29,29,9,0,0
1637865909934,54,Small-Medium,200,OK,true,102713,139,29,29,8,0,0
1637865909867,128,Medium,200,OK,true,307513,139,29,29,9,0,0
1637865909952,51,Small-Medium,200,OK,true,102712,139,29,29,8,0,0
1637865909528,509,Medium-Large,200,OK,true,512313,139,29,29,8,0,0
1637865909309,747,Large,200,OK,true,1048891,137,29,29,8,0,0
1637865909653,403,Large,200,OK,true,1048891,137,29,29,8,0,0
1637865909664,403,Large,200,OK,true,1048891,137,29,29,8,0,0
1637865909914,156,Medium,200,OK,true,307513,139,29,29,10,0,0
1637865909929,164,Small-Medium,200,OK,true,102713,139,29,29,9,0,0
1637865910068,32,Small,200,OK,true,51510,138,29,29,7,0,0
1637865910038,62,Small-Medium,200,OK,true,102712,139,29,29,17,0,0
1637865910068,32,Small,200,OK,true,51511,138,29,29,10,0,0
1637865909944,166,Medium,200,OK,true,307514,139,29,29,16,0,8
1637865909747,410,Large,200,OK,true,1048891,137,29,29,9,0,0
1637865909577,581,Large,200,OK,true,1048891,137,29,29,7,0,0
1637865908969,1227,Large,200,OK,true,1048891,137,29,29,8,0,0
1637865910055,169,Medium,200,OK,true,307513,139,29,29,10,0,0
1637865909889,341,Medium,200,OK,true,307513,139,29,29,8,0,0
1637865910071,161,Medium,200,OK,true,307513,139,29,29,12,0,0
1637865909976,256,Medium-Large,200,OK,true,512313,139,29,29,9,0,0
1637865910093,141,Small-Medium,200,OK,true,102713,139,29,29,9,0,0
1637865909733,533,Large,200,OK,true,1048891,137,29,29,8,0,0
1637865910233,37,Small,200,OK,true,51511,138,29,29,9,0,0
1637865909963,317,Medium-Large,200,OK,true,512313,139,29,29,10,0,0
1637865910056,234,Medium-Large,200,OK,true,512313,139,29,29,9,0,0
1637865910266,28,Small,200,OK,true,51511,138,29,29,7,0,0
1637865909865,435,Large,200,OK,true,1048891,137,29,29,9,0,0
1637865910290,25,Small,200,OK,true,51511,138,29,29,10,0,0
1637865909820,508,Medium-Large,200,OK,true,512313,139,29,29,12,0,0
1637865910185,151,Medium,200,OK,true,307513,139,29,29,8,0,0
1637865909891,448,Large,200,OK,true,1048890,137,29,29,8,0,0
1637865910300,48,Small-Medium,200,OK,true,102713,139,29,29,9,0,0
1637865910336,22,Small,200,OK,true,51511,138,29,29,9,0,0
1637865910111,267,Medium-Large,200,OK,true,512313,139,29,29,9,0,0
1637865910232,146,Medium,200,OK,true,307513,139,29,29,9,0,0
1637865910339,43,Small-Medium,200,OK,true,102712,139,29,29,9,0,0
1637865910157,225,Medium-Large,200,OK,true,512313,139,29,29,10,0,0
1637865910349,49,Small-Medium,200,OK,true,102713,139,29,29,8,0,0
1637865909760,640,Medium-Large,200,OK,true,512313,139,29,29,7,0,0
1637865909868,550,Medium-Large,200,OK,true,512313,139,29,29,8,0,0
1637865909943,478,Medium-Large,200,OK,true,512313,139,29,29,8,0,0
1637865910378,44,Small-Medium,200,OK,true,102713,139,29,29,7,0,0
1637865910185,241,Medium-Large,200,OK,true,512312,139,29,29,9,0,0
1637865909743,688,Medium-Large,200,OK,true,512313,139,29,29,9,0,0
1637865909995,443,Large,200,OK,true,1048891,137,29,29,8,0,0
1637865910019,442,Large,200,OK,true,1048891,137,29,29,9,0,0
1637865910038,423,Medium,200,OK,true,307513,139,29,29,18,0,0
1637865910056,405,Medium-Large,200,OK,true,512313,139,29,29,8,0,0
1637865910426,39,Small,200,OK,true,51510,138,29,29,13,0,0
1637865909961,504,Large,200,OK,true,1048891,137,29,29,9,0,0
1637865910461,25,Small-Medium,200,OK,true,102713,139,29,29,12,0,0
1637865910438,50,Small-Medium,200,OK,true,102713,139,29,29,23,0,0
1637865910461,33,Small,200,OK,true,51510,138,29,29,13,0,0
1637865910224,270,Medium-Large,200,OK,true,512313,139,29,29,9,0,0
1637865910382,118,Medium,200,OK,true,307513,139,29,29,8,0,0
1637865910461,40,Small-Medium,200,OK,true,102713,139,29,29,12,0,0
1637865910462,41,Small,200,OK,true,51511,138,29,29,12,0,0
1637865910465,48,Small,200,OK,true,51511,138,29,29,24,0,0
1637865910421,108,Small-Medium,200,OK,true,102713,139,29,29,11,0,0
1637865910407,132,Medium,200,OK,true,307513,139,29,29,22,0,0
1637865910155,396,Large,200,OK,true,1048890,137,29,29,8,0,0
1637865910382,186,Medium-Large,200,OK,true,512313,139,29,29,8,0,0
1637865910280,297,Medium-Large,200,OK,true,512313,139,29,29,7,0,0
1637865910432,150,Small-Medium,200,OK,true,102713,139,29,29,12,0,0
1637865910461,127,Small-Medium,200,OK,true,102713,139,29,29,14,0,0
1637865910070,523,Large,200,OK,true,1048891,137,29,29,11,0,0
1637865910501,112,Medium,200,OK,true,307513,139,29,29,7,0,0
1637865910538,83,Small-Medium,200,OK,true,102713,139,29,29,7,0,0
1637865910577,46,Small,200,OK,true,51511,138,29,29,9,0,0
1637865910328,330,Medium,200,OK,true,307513,139,29,29,9,0,0
1637865910617,55,Small-Medium,200,OK,true,102713,139,29,29,9,0,0
1637865910554,155,Medium,200,OK,true,307513,139,29,29,8,0,0
1637865910541,176,Medium,200,OK,true,307512,139,29,29,10,0,0
1637865910568,155,Medium,200,OK,true,307513,139,29,29,9,0,0
1637865910577,163,Medium,200,OK,true,307513,139,29,29,10,0,0
1637865910493,247,Medium-Large,200,OK,true,512313,139,29,29,10,0,0
1637865910494,262,Medium-Large,200,OK,true,512313,139,29,29,9,0,0
1637865910465,302,Medium-Large,200,OK,true,512313,139,29,29,19,0,0
1637865910740,33,Small,200,OK,true,51511,138,29,29,12,0,0
1637865910158,630,Large,200,OK,true,1048891,137,29,29,9,0,0
1637865910756,37,Small,200,OK,true,51511,138,29,29,9,0,0
1637865910767,28,Small,200,OK,true,51511,138,29,29,7,0,0
1637865910418,380,Medium,200,OK,true,307513,139,29,29,12,0,0
1637865910378,437,Large,200,OK,true,1048891,137,29,29,9,0,0
1637865910569,273,Medium-Large,200,OK,true,512313,139,29,29,9,0,0
1637865910709,144,Medium,200,OK,true,307513,139,29,29,8,0,0
1637865910417,438,Large,200,OK,true,1048891,137,29,29,13,0,0
1637865910815,40,Small-Medium,200,OK,true,102713,139,29,29,8,0,0
1637865910231,634,Medium-Large,200,OK,true,512313,139,29,29,8,0,0
1637865910718,154,Medium,200,OK,true,307512,139,29,29,7,0,0
1637865910855,24,Small,200,OK,true,51511,138,29,29,10,0,0
1637865910593,290,Medium-Large,200,OK,true,512313,139,29,29,8,0,0
1637865910857,28,Small,200,OK,true,51511,138,29,29,9,0,0
1637865910693,206,Medium,200,OK,true,307513,139,29,29,9,0,0
1637865910866,53,Small,200,OK,true,51511,138,29,29,8,0,0
1637865910723,216,Medium-Large,200,OK,true,512313,139,29,29,8,0,0
1637865910653,289,Medium,200,OK,true,307513,139,29,29,8,0,0
1637865910883,59,Small-Medium,200,OK,true,102713,139,29,29,8,0,0
1637865910732,212,Medium-Large,200,OK,true,512313,139,29,29,10,0,0
1637865910939,21,Small,200,OK,true,51511,138,29,29,9,0,0
1637865910788,179,Medium,200,OK,true,307513,139,29,29,8,0,0
1637865910853,116,Medium,200,OK,true,307513,139,29,29,9,0,0
1637865910658,320,Medium,200,OK,true,307513,139,29,29,11,0,0
1637865910899,81,Small-Medium,200,OK,true,102713,139,29,29,8,0,0
1637865910539,443,Large,200,OK,true,1048891,137,29,29,7,0,0
1637865910551,439,Large,200,OK,true,1048855,137,29,29,8,0,0
1637865910972,20,Small,200,OK,true,51511,138,29,29,8,0,0
1637865910571,439,Large,200,OK,true,1048890,137,29,29,9,0,0
1637865911010,23,Small,200,OK,true,51510,138,29,29,8,0,0
1637865910944,112,Medium,200,OK,true,307513,139,29,29,8,0,0
1637865911015,50,Small,200,OK,true,51511,138,29,29,8,0,0
1637865910990,80,Small,200,OK,true,51512,138,29,29,17,0,8
1637865910400,700,Medium-Large,200,OK,true,512313,139,29,29,8,0,0
1637865911060,44,Small-Medium,200,OK,true,102713,139,29,29,9,0,0
1637865910981,124,Small-Medium,200,OK,true,102713,139,29,29,9,0,0
1637865910983,126,Medium,200,OK,true,307513,139,29,29,8,0,0
1637865910582,533,Large,200,OK,true,1048891,137,29,29,9,0,0
1637865910872,251,Medium-Large,200,OK,true,512312,139,29,29,11,0,0
1637865910871,252,Medium-Large,200,OK,true,512313,139,29,29,8,0,0
1637865911100,25,Small,200,OK,true,51511,138,29,29,12,0,0
1637865910582,560,Medium-Large,200,OK,true,512313,139,29,29,9,0,0
1637865910740,420,Large,200,OK,true,1048891,137,29,29,8,0,0
1637865910999,167,Medium,200,OK,true,307513,139,29,29,9,0,0
1637865911105,92,Small,200,OK,true,51511,138,29,29,28,0,0
1637865910798,401,Medium,200,OK,true,307513,139,29,29,8,0,0
1637865910974,232,Medium-Large,200,OK,true,512313,139,29,29,7,0,0
1637865911176,34,Small,200,OK,true,51510,138,29,29,7,0,0
1637865911203,17,Small,200,OK,true,51511,138,29,29,8,0,0
1637865911207,26,Small,200,OK,true,51511,138,29,29,7,0,0
1637865910577,657,Large,200,OK,true,1048891,137,29,29,9,0,0
1637865911100,141,Small-Medium,200,OK,true,102713,139,29,29,10,0,0
1637865911123,140,Medium,200,OK,true,307512,139,29,29,11,0,0
1637865911055,208,Medium-Large,200,OK,true,512313,139,29,29,7,0,0
1637865909895,1369,Large,200,OK,true,1048891,137,29,29,8,0,0
1637865911263,31,Small,200,OK,true,51475,138,29,29,9,0,0
1637865910978,322,Medium,200,OK,true,307513,139,29,29,9,0,0
1637865911166,145,Medium,200,OK,true,307513,139,29,29,8,0,0
1637865911292,49,Small-Medium,200,OK,true,102712,139,29,29,8,0,0
1637865911264,84,Small,200,OK,true,51511,138,29,29,9,0,0
1637865911131,226,Medium,200,OK,true,307513,139,29,29,9,0,0
1637865911300,59,Small,200,OK,true,51511,138,29,29,8,0,0
1637865910931,431,Large,200,OK,true,1048891,137,29,29,8,0,0
1637865911160,203,Medium-Large,200,OK,true,512313,139,29,29,8,0,0
1637865911326,39,Small-Medium,200,OK,true,102713,139,29,29,10,0,0
1637865910842,528,Large,200,OK,true,1048891,137,29,29,9,0,0
1637865910969,413,Large,200,OK,true,1048891,137,29,29,8,0,0
1637865910883,520,Large,200,OK,true,1048891,137,29,29,8,0,0
1637865911382,50,Small-Medium,200,OK,true,102713,139,29,29,9,0,0
1637865911327,150,Medium,200,OK,true,307513,139,29,29,11,0,0
1637865910197,1286,Large,200,OK,true,1048891,137,29,29,9,0,0
1637865911109,398,Large,200,OK,true,1048891,137,29,29,9,0,0
1637865910967,554,Large,200,OK,true,1048891,137,29,29,8,0,0
1637865911142,404,Medium,200,OK,true,307513,139,29,29,9,0,0
1637865911498,49,Small-Medium,200,OK,true,102713,139,29,29,8,0,0
1637865911408,148,Medium,200,OK,true,307512,139,29,29,9,0,0
1637865911126,435,Large,200,OK,true,1048890,137,29,29,9,0,0
1637865911115,465,Large,200,OK,true,1048891,137,29,29,8,0,0
1637865911556,35,Small,200,OK,true,51510,138,29,29,11,0,0
1637865911362,239,Medium-Large,200,OK,true,512313,139,29,29,8,0,0
1637865911562,53,Small-Medium,200,OK,true,102712,139,29,29,8,0,0
1637865911371,263,Medium-Large,200,OK,true,512313,139,29,29,9,0,0
1637865911601,44,Small-Medium,200,OK,true,102712,139,29,29,10,0,0
1637865911124,533,Large,200,OK,true,1048891,137,29,29,8,0,0
1637865911614,46,Small-Medium,200,OK,true,102713,139,29,29,8,0,0
1637865910942,726,Large,200,OK,true,1048891,137,29,29,8,0,0
1637865911521,176,Medium,200,OK,true,307513,139,29,29,9,0,0
1637865911357,350,Medium-Large,200,OK,true,512313,139,29,29,8,0,0
1637865911106,602,Large,200,OK,true,1048891,137,29,29,11,0,0
1637865911263,445,Large,200,OK,true,1048891,137,29,29,9,0,0
1637865911380,330,Medium,200,OK,true,307514,139,29,29,16,0,8
1637865910234,1486,Large,200,OK,true,1048891,137,29,29,9,0,0
1637865911672,49,Small-Medium,200,OK,true,102712,139,29,29,9,0,0
1637865911477,246,Medium-Large,200,OK,true,512313,139,29,29,8,0,0
1637865911580,146,Medium,200,OK,true,307513,139,29,29,9,0,0
1637865911678,48,Small-Medium,200,OK,true,102712,139,29,29,8,0,0
1637865911709,17,Small,200,OK,true,51511,138,29,29,7,0,0
1637865911710,26,Small,200,OK,true,51511,138,29,29,8,0,0
1637865911729,31,Small,200,OK,true,51511,138,29,29,9,0,0
1637865911717,48,Small-Medium,200,OK,true,102712,139,29,29,7,0,0
1637865911723,53,Small-Medium,200,OK,true,102713,139,29,29,9,0,0
1637865911634,146,Medium,200,OK,true,307513,139,29,29,9,0,0
1637865911363,425,Large,200,OK,true,1048891,137,29,29,8,0,0
1637865911707,85,Small-Medium,200,OK,true,102713,139,29,29,7,0,0
1637865911199,594,Medium-Large,200,OK,true,512313,139,29,29,8,0,0
1637865911380,420,Medium,200,OK,true,307513,139,29,29,8,0,0
1637865911326,475,Large,200,OK,true,1048891,137,29,29,10,0,0
1637865911788,17,Small,200,OK,true,51511,138,29,29,9,0,0
1637865911788,26,Small,200,OK,true,51510,138,29,29,8,0,0
1637865911234,587,Large,200,OK,true,1048891,137,29,29,8,0,0
1637865911435,395,Large,200,OK,true,1048891,137,29,29,8,0,0
1637865911833,32,Small,200,OK,true,51510,138,29,29,8,0,0
1637865911507,361,Large,200,OK,true,1048891,137,29,29,9,0,0
1637865911546,330,Medium,200,OK,true,307513,139,29,29,9,0,0
1637865911840,54,Small-Medium,200,OK,true,102713,139,29,29,7,0,0
1637865911657,241,Medium-Large,200,OK,true,512312,139,29,29,9,0,0
1637865911242,662,Medium-Large,200,OK,true,512313,139,29,29,8,0,0
1637865911403,501,Large,200,OK,true,1048891,137,29,29,7,0,0
1637865911780,125,Medium,200,OK,true,307513,139,29,29,9,0,0
1637865911869,48,Small-Medium,200,OK,true,102713,139,29,29,7,0,0
1637865911726,205,Medium-Large,200,OK,true,512313,139,29,29,9,0,0
1637865911905,27,Small,200,OK,true,51511,138,29,29,7,0,0
1637865911876,63,Small,200,OK,true,51511,138,29,29,8,0,0
1637865911904,42,Small-Medium,200,OK,true,102712,139,29,29,7,0,0
1637865911826,125,Medium,200,OK,true,307513,139,29,29,8,0,0
1637865911955,51,Small-Medium,200,OK,true,102713,139,29,29,8,0,0
1637865911794,216,Medium-Large,200,OK,true,512277,139,29,29,8,0,0
1637865910588,1439,Large,200,OK,true,1048891,137,29,29,8,0,0
1637865911830,211,Medium-Large,200,OK,true,512312,139,29,29,9,0,0
1637865911992,58,Small,200,OK,true,51511,138,29,29,8,0,0
1637865911905,158,Medium,200,OK,true,307513,139,29,29,9,0,0
1637865911846,218,Medium-Large,200,OK,true,512313,139,29,29,10,0,0
1637865911823,254,Medium,200,OK,true,307513,139,29,29,9,0,0
1637865912021,58,Small-Medium,200,OK,true,102713,139,29,29,9,0,0
1637865911949,139,Medium,200,OK,true,307512,139,29,29,9,0,0
1637865912064,28,Small,200,OK,true,51511,138,29,29,8,0,0
1637865912063,30,Small,200,OK,true,51511,138,29,29,8,0,0
1637865911483,614,Medium-Large,200,OK,true,512313,139,29,29,10,0,0
1637865912071,56,Small-Medium,200,OK,true,102713,139,29,29,8,0,0
1637865911985,148,Medium,200,OK,true,307513,139,29,29,8,0,0
1637865911904,230,Medium-Large,200,OK,true,512313,139,29,29,9,0,0
1637865911898,244,Medium-Large,200,OK,true,512312,139,29,29,8,0,0
1637865911822,327,Medium-Large,200,OK,true,512313,139,29,29,8,0,0
1637865911709,441,Large,200,OK,true,1048891,137,29,29,9,0,0
1637865912010,152,Small-Medium,200,OK,true,102714,139,29,29,15,0,8
1637865911931,234,Medium-Large,200,OK,true,512313,139,29,29,8,0,0
1637865911952,244,Medium-Large,200,OK,true,512313,139,29,29,8,0,0
1637865912149,63,Small-Medium,200,OK,true,102713,139,29,29,7,0,0
1637865912179,34,Small,200,OK,true,51511,138,29,29,8,0,0
1637865912181,33,Small,200,OK,true,51511,138,29,29,8,0,0
1637865911698,532,Large,200,OK,true,1048891,137,29,29,7,0,0
1637865912088,144,Medium,200,OK,true,307512,139,29,29,8,0,0
1637865912162,71,Small,200,OK,true,51511,138,29,29,8,0,0
1637865911801,462,Large,200,OK,true,1048891,137,29,29,8,0,0
1637865911825,449,Large,200,OK,true,1048891,137,29,29,10,0,0
1637865912133,143,Medium,200,OK,true,307513,139,29,29,7,0,0
1637865912232,51,Small-Medium,200,OK,true,102712,139,29,29,9,0,0
1637865912137,154,Medium,200,OK,true,307513,139,29,29,9,0,0
1637865912143,171,Medium,200,OK,true,307512,139,29,29,8,0,0
1637865912292,33,Small,200,OK,true,51511,138,29,29,8,0,0
1637865912276,52,Small-Medium,200,OK,true,102713,139,29,29,8,0,0
1637865912027,304,Medium,200,OK,true,307513,139,29,29,8,0,0
1637865912196,139,Medium,200,OK,true,307513,139,29,29,7,0,0
1637865912315,27,Small,200,OK,true,51510,138,29,29,8,0,0
1637865912295,58,Small-Medium,200,OK,true,102713,139,29,29,8,0,0
1637865911669,687,Large,200,OK,true,1048891,137,29,29,10,0,0
1637865912151,235,Medium-Large,200,OK,true,512313,139,29,29,8,0,0
1637865912278,109,Small-Medium,200,OK,true,102713,139,29,29,9,0,0
1637865912165,246,Medium-Large,200,OK,true,512313,139,29,29,7,0,0
1637865912077,336,Medium-Large,200,OK,true,512313,139,29,29,8,0,0
1637865912187,255,Medium-Large,200,OK,true,512313,139,29,29,8,0,0
1637865911416,1030,Large,200,OK,true,1048891,137,29,29,8,0,0
1637865912393,57,Small-Medium,200,OK,true,102713,139,29,29,8,0,0
1637865911794,662,Medium-Large,200,OK,true,512313,139,29,29,14,0,0
1637865912431,34,Small,200,OK,true,51510,138,29,29,9,0,0
1637865912108,362,Medium,200,OK,true,307513,139,29,29,8,0,0
1637865912411,60,Small-Medium,200,OK,true,102713,139,29,29,10,0,0
1637865912019,468,Large,200,OK,true,1048890,137,29,29,8,0,0
1637865912348,145,Medium,200,OK,true,307512,139,29,29,8,0,0
1637865912446,54,Small,200,OK,true,51511,138,29,29,9,0,0
1637865912041,476,Large,200,OK,true,1048890,137,29,29,9,0,0
1637865912493,28,Small,200,OK,true,51510,138,29,29,8,0,0
1637865912297,226,Medium-Large,200,OK,true,512313,139,29,29,8,0,0
1637865912386,139,Medium,200,OK,true,307513,139,29,29,8,0,0
1637865912411,155,Medium,200,OK,true,307513,139,29,29,8,0,0
1637865912134,449,Large,200,OK,true,1048891,137,29,29,7,0,0
1637865912265,325,Medium-Large,200,OK,true,512313,139,29,29,7,0,0
1637865912442,157,Medium,200,OK,true,307513,139,29,29,9,0,0
1637865912566,35,Small,200,OK,true,51511,138,29,29,8,0,0
1637865911221,1407,Large,200,OK,true,1048891,137,29,29,7,0,0
1637865912487,158,Medium,200,OK,true,307512,139,29,29,9,0,0
1637865912509,146,Medium,200,OK,true,307513,139,29,29,8,0,0
1637865912517,154,Medium,200,OK,true,307512,139,29,29,8,0,0
1637865912523,153,Medium,200,OK,true,307513,139,29,29,8,0,0
1637865912645,31,Small,200,OK,true,51475,138,29,29,8,0,0
1637865912628,111,Small-Medium,200,OK,true,102713,139,29,29,8,0,0
1637865912584,162,Medium,200,OK,true,307513,139,29,29,6,0,0
1637865912274,483,Large,200,OK,true,1048891,137,29,29,9,0,0
1637865912394,366,Medium-Large,200,OK,true,512313,139,29,29,8,0,0
1637865912746,35,Small,200,OK,true,51511,138,29,29,8,0,0
1637865912456,329,Medium,200,OK,true,307513,139,29,29,7,0,0
1637865912230,558,Large,200,OK,true,1048891,137,29,29,8,0,0
1637865912590,200,Medium,200,OK,true,307513,139,29,29,8,0,0
1637865912263,532,Large,200,OK,true,1048891,137,29,29,8,0,0
1637865912525,281,Medium-Large,200,OK,true,512313,139,29,29,9,0,0
1637865912527,281,Medium-Large,200,OK,true,512313,139,29,29,8,0,0
1637865912790,37,Small,200,OK,true,51511,138,29,29,8,0,0
1637865912795,37,Small,200,OK,true,51511,138,29,29,8,0,0
1637865912335,502,Large,200,OK,true,1048891,137,29,29,8,0,0
1637865912671,170,Medium,200,OK,true,307512,139,29,29,8,0,0
1637865912806,59,Small-Medium,200,OK,true,102713,139,29,29,8,0,0
1637865912842,26,Small,200,OK,true,51510,138,29,29,7,0,0
1637865912808,60,Small-Medium,200,OK,true,102713,139,29,29,8,0,0
1637865912600,275,Medium-Large,200,OK,true,512313,139,29,29,7,0,0
1637865912862,26,Small,200,OK,true,51511,138,29,29,8,0,0
1637865912786,105,Small-Medium,200,OK,true,102713,139,29,29,7,0,0
1637865912758,139,Medium,200,OK,true,307513,139,29,29,7,0,0
1637865912875,29,Small,200,OK,true,51511,138,29,29,7,0,0
1637865912760,154,Medium,200,OK,true,307513,139,29,29,9,0,0
1637865912681,248,Medium-Large,200,OK,true,512313,139,29,29,8,0,0
1637865912563,372,Medium-Large,200,OK,true,512313,139,29,29,8,0,0
1637865912897,41,Small-Medium,200,OK,true,102713,139,29,29,7,0,0
1637865912407,534,Large,200,OK,true,1048891,137,29,29,8,0,0
1637865912929,28,Small,200,OK,true,51511,138,29,29,8,0,0
1637865912761,205,Medium,200,OK,true,307514,139,29,29,17,0,9
1637865912906,62,Small-Medium,200,OK,true,102713,139,29,29,7,0,0
1637865912924,53,Small-Medium,200,OK,true,102713,139,29,29,9,0,0
1637865912966,23,Small,200,OK,true,51511,138,29,29,8,0,0
1637865912901,102,Small-Medium,200,OK,true,102713,139,29,29,7,0,0
1637865912470,536,Medium-Large,200,OK,true,512313,139,29,29,10,0,0
1637865912992,23,Small,200,OK,true,51511,138,29,29,8,0,0
1637865912978,45,Small-Medium,200,OK,true,102713,139,29,29,8,0,0
1637865911801,1233,Large,200,OK,true,1048891,137,29,29,7,0,0
1637865912837,199,Medium-Large,200,OK,true,512313,139,29,29,8,0,0
1637865912911,128,Medium,200,OK,true,307513,139,29,29,8,0,0
1637865913013,28,Small,200,OK,true,51510,138,29,29,9,0,0
1637865912609,451,Large,200,OK,true,1048890,137,29,29,8,0,0
1637865912546,522,Large,200,OK,true,1048890,137,29,29,9,0,0
1637865911720,1355,Large,200,OK,true,1048891,137,29,29,9,0,0
1637865912413,672,Large,200,OK,true,1048891,137,29,29,8,0,0
1637865912655,437,Large,200,OK,true,1048891,137,29,29,8,0,0
1637865913039,57,Small-Medium,200,OK,true,102713,139,29,29,10,0,0
1637865912676,433,Large,200,OK,true,1048891,137,29,29,9,0,0
1637865911904,1206,Large,200,OK,true,1048891,137,29,29,6,0,0
1637865913085,35,Small,200,OK,true,51511,138,29,29,8,0,0
1637865913092,28,Small,200,OK,true,51511,138,29,29,8,0,0
1637865913017,105,Small-Medium,200,OK,true,102713,139,29,29,8,0,0
1637865913107,32,Small,200,OK,true,51511,138,29,29,8,0,0
1637865913130,28,Small,200,OK,true,51510,138,29,29,7,0,0
1637865912356,813,Large,200,OK,true,1048891,137,29,29,9,0,0
1637865913060,125,Medium,200,OK,true,307477,139,29,29,9,0,0
1637865912941,248,Medium-Large,200,OK,true,512313,139,29,29,10,0,0
1637865913022,180,Medium,200,OK,true,307513,139,29,29,7,0,0
1637865912935,271,Medium,200,OK,true,307513,139,29,29,9,0,0
1637865912097,1111,Large,200,OK,true,1048891,137,29,29,8,0,0
1637865913068,144,Medium,200,OK,true,307512,139,29,29,7,0,0
1637865913202,34,Small,200,OK,true,51511,138,29,29,8,0,0
1637865913036,203,Medium-Large,200,OK,true,512313,139,29,29,7,0,0
1637865913109,139,Medium,200,OK,true,307513,139,29,29,9,0,0
1637865913223,32,Small,200,OK,true,51511,138,29,29,8,0,0
1637865913209,54,Small-Medium,200,OK,true,102713,139,29,29,8,0,0
1637865913202,71,Small-Medium,200,OK,true,102713,139,29,29,7,0,0
1637865913212,64,Small-Medium,200,OK,true,102712,139,29,29,8,0,0
1637865913246,32,Small,200,OK,true,51510,138,29,29,8,0,0
1637865913093,205,Medium-Large,200,OK,true,512313,139,29,29,8,0,0
1637865913082,228,Medium-Large,200,OK,true,512313,139,29,29,8,0,0
1637865913156,160,Medium,200,OK,true,307513,139,29,29,8,0,0
1637865912788,548,Large,200,OK,true,1048891,137,29,29,9,0,0
1637865913006,348,Medium,200,OK,true,307513,139,29,29,8,0,0
1637865913248,123,Medium,200,OK,true,307513,139,29,29,8,0,0
1637865912958,422,Large,200,OK,true,1048890,137,29,29,9,0,0
1637865913325,58,Small-Medium,200,OK,true,102713,139,29,29,8,0,0
1637865912923,472,Large,200,OK,true,1048891,137,29,29,9,0,0
1637865913363,32,Small,200,OK,true,51510,138,29,29,8,0,0
1637865913371,29,Small,200,OK,true,51511,138,29,29,9,0,0
1637865912914,521,Large,200,OK,true,1048891,137,29,29,10,0,0
1637865913380,56,Small-Medium,200,OK,true,102712,139,29,29,8,0,0
1637865913189,250,Medium-Large,200,OK,true,512313,139,29,29,9,0,0
1637865913239,228,Medium-Large,200,OK,true,512313,139,29,29,8,0,0
1637865913310,160,Medium,200,OK,true,307513,139,29,29,9,0,0
1637865913441,31,Small,200,OK,true,51511,138,29,29,8,0,0
1637865913318,175,Medium,200,OK,true,307513,139,29,29,7,0,0
1637865913468,25,Small,200,OK,true,51511,138,29,29,7,0,0
1637865913477,29,Small,200,OK,true,51510,138,29,29,8,0,0
1637865913169,359,Medium-Large,200,OK,true,512313,139,29,29,8,0,0
1637865913039,494,Large,200,OK,true,1048891,137,29,29,8,0,0
1637865913495,54,Small-Medium,200,OK,true,102712,139,29,29,8,0,0
1637865913045,505,Large,200,OK,true,1048891,137,29,29,9,0,0
1637865913317,252,Medium-Large,200,OK,true,512313,139,29,29,8,0,0
1637865913339,254,Medium-Large,200,OK,true,512313,139,29,29,9,0,0
1637865913528,71,Small-Medium,200,OK,true,102713,139,29,29,8,0,0
1637865913328,275,Medium-Large,200,OK,true,512312,139,29,29,8,0,0
1637865913557,57,Small-Medium,200,OK,true,102713,139,29,29,8,0,0
1637865913489,143,Medium,200,OK,true,307513,139,29,29,8,0,0
1637865913034,605,Medium-Large,200,OK,true,512313,139,29,29,8,0,0
1637865913336,304,Medium-Large,200,OK,true,512313,139,29,29,8,0,0
1637865913493,173,Medium,200,OK,true,307513,139,29,29,8,0,0
1637865913612,56,Small-Medium,200,OK,true,102712,139,29,29,8,0,0
1637865913133,541,Medium-Large,200,OK,true,512313,139,29,29,9,0,0
1637865913319,367,Medium-Large,200,OK,true,512313,139,29,29,7,0,0
1637865913206,482,Medium-Large,200,OK,true,512313,139,29,29,8,0,0
1637865913632,57,Small-Medium,200,OK,true,102713,139,29,29,7,0,0
1637865913439,254,Medium-Large,200,OK,true,512313,139,29,29,8,0,0
1637865912331,1363,Large,200,OK,true,1048891,137,29,29,8,0,0
1637865913110,602,Medium-Large,200,OK,true,512313,139,29,29,8,0,0
1637865913470,244,Medium-Large,200,OK,true,512313,139,29,29,8,0,0
1637865913185,538,Large,200,OK,true,1048892,137,29,29,16,0,8
1637865913644,85,Small-Medium,200,OK,true,102713,139,29,29,8,0,0
1637865913674,57,Small,200,OK,true,51511,138,29,29,8,0,0
1637865913584,155,Medium,200,OK,true,307513,139,29,29,9,0,0
1637865913075,675,Medium-Large,200,OK,true,512313,139,29,29,9,0,0
1637865913693,60,Small-Medium,200,OK,true,102713,139,29,29,8,0,0
1637865913299,458,Large,200,OK,true,1048891,137,29,29,7,0,0
1637865913594,164,Medium,200,OK,true,307513,139,29,29,8,0,0
1637865913748,32,Small,200,OK,true,51511,138,29,29,9,0,0
1637865913534,258,Medium-Large,200,OK,true,512313,139,29,29,7,0,0
1637865913758,38,Small,200,OK,true,51511,138,29,29,8,0,0
1637865913550,268,Medium-Large,200,OK,true,512313,139,29,29,8,0,0
1637865913640,179,Medium,200,OK,true,307513,139,29,29,8,0,0
1637865913818,35,Small,200,OK,true,51511,138,29,29,9,0,0
1637865913666,193,Medium,200,OK,true,307513,139,29,29,7,0,0
1637865913208,653,Medium-Large,200,OK,true,512313,139,29,29,8,0,0
1637865913354,517,Medium-Large,200,OK,true,512313,139,29,29,11,0,0
1637865913809,63,Small-Medium,200,OK,true,102713,139,29,29,7,0,0
1637865912745,1134,Large,200,OK,true,1048891,137,29,29,7,0,0
1637865913819,60,Small-Medium,200,OK,true,102713,139,29,29,9,0,0
1637865913723,160,Medium,200,OK,true,307513,139,29,29,8,0,0
1637865913728,157,Medium,200,OK,true,307477,139,29,29,8,0,0
1637865913750,143,Small-Medium,200,OK,true,102713,139,29,29,8,0,0
1637865913395,506,Large,200,OK,true,1048891,137,29,29,7,0,0
1637865913883,30,Small,200,OK,true,51511,138,29,29,8,0,0
1637865913673,248,Medium-Large,200,OK,true,512313,139,29,29,8,0,0
1637865913872,52,Small,200,OK,true,51511,138,29,29,7,0,0
1637865913874,52,Small-Medium,200,OK,true,102713,139,29,29,9,0,0
1637865913792,150,Medium,200,OK,true,307513,139,29,29,8,0,0
1637865913435,520,Large,200,OK,true,1048891,137,29,29,8,0,0
1637865913893,70,Small,200,OK,true,51511,138,29,29,8,0,0
1637865913739,241,Medium-Large,200,OK,true,512313,139,29,29,7,0,0
1637865913879,106,Small-Medium,200,OK,true,102713,139,29,29,7,0,0
1637865913861,128,Small-Medium,200,OK,true,102713,139,29,29,9,0,0
1637865913694,310,Medium,200,OK,true,307513,139,29,29,9,0,0
1637865913760,258,Medium,200,OK,true,307513,139,29,29,8,0,0
1637865913686,332,Medium-Large,200,OK,true,512313,139,29,29,12,0,0
1637865914000,32,Small,200,OK,true,51511,138,29,29,8,0,0
1637865913987,59,Small,200,OK,true,51511,138,29,29,12,0,0
1637865913990,62,Small-Medium,200,OK,true,102713,139,29,29,9,0,0
1637865913712,349,Medium,200,OK,true,307513,139,29,29,7,0,0
1637865913901,161,Medium,200,OK,true,307513,139,29,29,9,0,0
1637865913921,144,Medium,200,OK,true,307513,139,29,29,9,0,0
1637865913569,521,Large,200,OK,true,1048891,137,29,29,8,0,0
1637865913594,498,Large,200,OK,true,1048890,137,29,29,9,0,0
1637865914018,75,Small-Medium,200,OK,true,102713,139,29,29,8,0,0
1637865913934,160,Medium,200,OK,true,307513,139,29,29,8,0,0
1637865913942,154,Medium,200,OK,true,307513,139,29,29,9,0,0
1637865913989,125,Small-Medium,200,OK,true,102713,139,29,29,9,0,0
1637865914018,97,Small-Medium,200,OK,true,102713,139,29,29,8,0,0
1637865913955,161,Medium,200,OK,true,307513,139,29,29,8,0,0
1637865914065,52,Small-Medium,200,OK,true,102712,139,29,29,17,0,0
1637865914090,28,Small,200,OK,true,51511,138,29,29,9,0,0
1637865913980,139,Medium,200,OK,true,307513,139,29,29,8,0,0
1637865914061,73,Small,200,OK,true,51511,138,29,29,8,0,0
1637865913603,531,Large,200,OK,true,1048855,137,29,29,9,0,0
1637865913860,291,Medium-Large,200,OK,true,512313,139,29,29,9,0,0
1637865914133,48,Small,200,OK,true,51511,138,29,29,7,0,0
1637865913714,480,Large,200,OK,true,1048891,137,29,29,8,0,0
1637865914181,28,Small,200,OK,true,51510,138,29,29,7,0,0
1637865914194,25,Small,200,OK,true,51511,138,29,29,7,0,0
1637865913639,593,Medium-Large,200,OK,true,512313,139,29,29,9,0,0
1637865913757,489,Large,200,OK,true,1048891,137,29,29,8,0,0
1637865914107,154,Medium,200,OK,true,307513,139,29,29,8,0,0
1637865914135,136,Small-Medium,200,OK,true,102714,139,29,29,16,0,7
1637865914062,226,Medium-Large,200,OK,true,512313,139,29,29,8,0,0
1637865914261,27,Small,200,OK,true,51511,138,29,29,7,0,0
1637865913864,445,Large,200,OK,true,1048891,137,29,29,9,0,0
1637865914272,57,Small,200,OK,true,51511,138,29,29,8,0,0
1637865914310,32,Small,200,OK,true,51511,138,29,29,8,0,0
1637865914116,249,Medium-Large,200,OK,true,512313,139,29,29,8,0,0
1637865914116,250,Medium-Large,200,OK,true,512313,139,29,29,9,0,0
1637865914005,380,Medium,200,OK,true,307513,139,29,29,7,0,0
1637865914365,27,Small,200,OK,true,51511,138,29,29,8,0,0
1637865913790,637,Medium-Large,200,OK,true,512312,139,29,29,9,0,0
1637865914151,277,Medium-Large,200,OK,true,512313,139,29,29,7,0,0
1637865914288,144,Medium,200,OK,true,307513,139,29,29,8,0,0
1637865913885,557,Large,200,OK,true,1048892,137,29,29,16,0,8
1637865913925,520,Large,200,OK,true,1048891,137,29,29,9,0,0
1637865914387,60,Small,200,OK,true,51511,138,29,29,8,0,0
1637865914426,49,Small-Medium,200,OK,true,102713,139,29,29,7,0,0
1637865914445,59,Small-Medium,200,OK,true,102713,139,29,29,9,0,0
1637865914366,159,Medium,200,OK,true,307513,139,29,29,8,0,0
1637865913935,597,Large,200,OK,true,1048891,137,29,29,8,0,0
1637865914428,110,Small-Medium,200,OK,true,102712,139,29,29,7,0,0
1637865913995,552,Medium-Large,200,OK,true,512313,139,29,29,9,0,0
1637865914134,420,Medium-Large,200,OK,true,512313,139,29,29,7,0,0
1637865914092,481,Large,200,OK,true,1048890,137,30,30,10,0,0
1637865914525,53,Small-Medium,200,OK,true,102713,139,30,30,9,0,0
1637865914432,146,Medium,200,OK,true,307513,139,30,30,9,0,0
1637865914232,363,Medium,200,OK,true,307513,139,30,30,8,0,0
1637865914119,479,Large,200,OK,true,1048891,137,30,30,8,0,0
1637865914097,508,Large,200,OK,true,1048891,137,30,30,8,0,0
1637865914562,45,Small,200,OK,true,51512,138,30,30,16,0,8
1637865914094,533,Large,200,OK,true,1048891,137,30,30,9,0,0
1637865914578,63,Small-Medium,200,OK,true,102713,139,30,30,8,0,0
1637865914595,65,Small,200,OK,true,51511,138,30,30,8,0,0
1637865914627,34,Small,200,OK,true,51511,138,30,30,9,0,0
1637865914114,558,Medium-Large,200,OK,true,512313,139,30,30,8,0,0
1637865914009,664,Medium-Large,200,OK,true,512313,139,30,30,8,0,0
1637865913688,988,Large,200,OK,true,1048891,137,30,30,7,0,0
1637865914645,36,Small,200,OK,true,51511,138,30,30,7,0,0
1637865914680,29,Small,200,OK,true,51511,138,30,30,8,0,0
1637865914672,50,Small,200,OK,true,51511,138,30,30,8,0,0
1637865914532,193,Medium,200,OK,true,307513,139,29,29,9,0,0
1637865914207,520,Large,200,OK,true,1048891,137,29,29,8,0,0
1637865914104,626,Medium-Large,200,OK,true,512313,139,29,29,8,0,0
1637865914428,308,Medium-Large,200,OK,true,512313,139,29,29,8,0,0
1637865914674,68,Small,200,OK,true,51511,138,29,29,7,0,0
1637865914246,502,Large,200,OK,true,1048891,137,29,29,8,0,0
1637865914699,50,Small-Medium,200,OK,true,102713,139,29,29,8,0,0
1637865914725,28,Small,200,OK,true,51511,138,29,29,9,0,0
1637865914598,158,Medium,200,OK,true,307513,139,29,29,8,0,0
1637865914605,158,Medium,200,OK,true,307513,139,29,29,9,0,0
1637865914482,282,Medium-Large,200,OK,true,512313,139,29,29,8,0,0
1637865914554,213,Medium,200,OK,true,307513,139,29,29,12,0,0
1637865914177,602,Medium-Large,200,OK,true,512313,139,29,29,8,0,0
1637865914727,59,Small-Medium,200,OK,true,102713,139,29,29,9,0,0
1637865914297,491,Large,200,OK,true,1048890,137,29,29,8,0,0
1637865914309,491,Large,200,OK,true,1048891,137,29,29,7,0,0
1637865914542,260,Medium-Large,200,OK,true,512313,139,29,29,9,0,0
1637865914768,38,Small,200,OK,true,51511,138,29,29,7,0,0
1637865914766,47,Small-Medium,200,OK,true,102713,139,29,29,8,0,0
1637865914788,26,Small,200,OK,true,51510,138,29,29,8,0,0
1637865914573,243,Medium-Large,200,OK,true,512312,139,29,29,8,0,0
1637865914763,54,Small-Medium,200,OK,true,102713,139,29,29,8,0,0
1637865914800,24,Small,200,OK,true,51511,138,29,29,8,0,0
1637865914779,60,Small,200,OK,true,51511,138,29,29,8,0,0
1637865914736,150,Medium,200,OK,true,307513,139,29,29,8,0,0
1637865914843,57,Small-Medium,200,OK,true,102713,139,29,29,7,0,0
1637865914377,527,Large,200,OK,true,1048891,137,29,29,8,0,0
1637865914881,29,Small,200,OK,true,51511,138,29,29,7,0,0
1637865914802,125,Medium,200,OK,true,307513,139,29,29,8,0,0
1637865914905,25,Small,200,OK,true,51510,138,29,29,8,0,0
1637865914800,142,Medium,200,OK,true,307513,139,29,29,8,0,0
1637865914816,135,Medium,200,OK,true,307512,139,29,29,8,0,0
1637865914895,61,Small,200,OK,true,51511,138,29,29,8,0,0
1637865914676,292,Medium,200,OK,true,307513,139,29,29,8,0,0
1637865914756,217,Medium-Large,200,OK,true,512313,139,29,29,8,0,0
1637865914442,546,Large,200,OK,true,1048891,137,29,29,8,0,0
1637865914959,38,Small,200,OK,true,51511,138,29,29,8,0,0
1637865914747,255,Medium-Large,200,OK,true,512313,139,29,29,8,0,0
1637865914973,30,Small,200,OK,true,51511,138,29,29,8,0,0
1637865914764,246,Medium-Large,200,OK,true,512313,139,29,29,9,0,0
1637865914503,508,Large,200,OK,true,1048891,137,29,29,8,0,0
1637865914250,772,Large,200,OK,true,1048891,137,29,29,8,0,0
1637865914814,235,Medium-Large,200,OK,true,512313,139,29,29,9,0,0
1637865914886,172,Medium,200,OK,true,307513,139,29,29,7,0,0
1637865914715,350,Medium,200,OK,true,307513,139,29,29,7,0,0
1637865914927,139,Medium,200,OK,true,307513,139,29,29,7,0,0
1637865915010,58,Small-Medium,200,OK,true,102713,139,29,29,10,0,0
1637865915011,59,Small-Medium,200,OK,true,102713,139,29,29,8,0,0
1637865915022,50,Small,200,OK,true,51511,138,29,29,8,0,0
1637865915021,57,Small-Medium,200,OK,true,102712,139,29,29,9,0,0
1637865914562,522,Large,200,OK,true,1048891,137,29,29,7,0,0
1637865914547,548,Medium-Large,200,OK,true,512313,139,29,29,8,0,0
1637865914942,164,Medium,200,OK,true,307513,139,29,29,8,0,0
1637865915012,132,Small-Medium,200,OK,true,102713,139,29,29,8,0,0
1637865915003,158,Medium,200,OK,true,307513,139,29,29,7,0,0
1637865915138,50,Small,200,OK,true,51511,138,29,29,9,0,0
1637865914951,238,Medium-Large,200,OK,true,512277,139,29,29,9,0,0
1637865915162,32,Small,200,OK,true,51511,138,29,29,7,0,0
1637865915126,70,Small-Medium,200,OK,true,102713,139,29,29,8,0,0
1637865915137,63,Small-Medium,200,OK,true,102712,139,29,29,9,0,0
1637865915065,135,Small-Medium,200,OK,true,102713,139,29,29,9,0,0
1637865914748,475,Large,200,OK,true,1048891,137,29,29,8,0,0
1637865915223,20,Small,200,OK,true,51511,138,29,29,11,0,0
1637865915074,172,Medium,200,OK,true,307513,139,29,29,14,0,0
1637865915084,176,Medium,200,OK,true,307513,139,29,29,8,0,0
1637865915246,33,Small,200,OK,true,51511,138,29,29,9,0,0
1637865915127,168,Medium,200,OK,true,307513,139,29,29,8,0,0
1637865915049,250,Medium-Large,200,OK,true,512313,139,29,29,9,0,0
1637865915189,124,Small-Medium,200,OK,true,102714,139,29,29,16,0,8
1637865915260,60,Small-Medium,200,OK,true,102713,139,29,29,8,0,0
1637865915200,144,Small-Medium,200,OK,true,102713,139,29,29,14,0,0
1637865915295,54,Small-Medium,200,OK,true,102713,139,29,29,8,0,0
1637865915299,59,Small-Medium,200,OK,true,102713,139,29,29,8,0,0
1637865915107,260,Medium-Large,200,OK,true,512313,139,29,29,7,0,0
1637865914916,467,Large,200,OK,true,1048891,137,29,29,8,0,0
1637865915339,51,Small-Medium,200,OK,true,102713,139,29,29,9,0,0
1637865914879,513,Large,200,OK,true,1048891,137,29,29,8,0,0
1637865914841,565,Large,200,OK,true,1048891,137,29,29,9,0,0
1637865914904,529,Large,200,OK,true,1048891,137,29,29,8,0,0
1637865914385,1053,Large,200,OK,true,1048891,137,29,29,8,0,0
1637865915415,33,Small,200,OK,true,51511,138,29,29,8,0,0
1637865914790,667,Medium-Large,200,OK,true,512313,139,29,29,8,0,0
1637865914968,493,Medium-Large,200,OK,true,512313,139,29,29,8,0,0
1637865915344,125,Small-Medium,200,OK,true,102713,139,29,29,9,0,0
1637865915406,72,Small-Medium,200,OK,true,102713,139,29,29,8,0,0
1637865915455,31,Small,200,OK,true,51511,138,29,29,8,0,0
1637865915144,358,Medium,200,OK,true,307513,139,29,29,7,0,0
1637865915253,253,Medium-Large,200,OK,true,512312,139,29,29,8,0,0
1637865914997,510,Large,200,OK,true,1048891,137,29,29,8,0,0
1637865914988,540,Large,200,OK,true,1048891,137,29,29,8,0,0
1637865915278,266,Medium-Large,200,OK,true,512313,139,29,29,8,0,0
1637865915461,94,Small-Medium,200,OK,true,102713,139,29,29,8,0,0
1637865915508,60,Small-Medium,200,OK,true,102713,139,29,29,7,0,0
1637865915066,507,Large,200,OK,true,1048891,137,29,29,7,0,0
1637865915544,33,Small,200,OK,true,51511,138,29,29,7,0,0
1637865915411,166,Medium,200,OK,true,307513,139,29,29,7,0,0
1637865915089,498,Large,200,OK,true,1048891,137,29,29,8,0,0
1637865915458,140,Small-Medium,200,OK,true,102713,139,29,29,7,0,0
1637865915571,32,Small,200,OK,true,51511,138,29,29,8,0,0
1637865914544,1075,Large,200,OK,true,1048890,137,29,29,8,0,0
1637865915573,53,Small-Medium,200,OK,true,102713,139,29,29,8,0,0
1637865915363,266,Medium-Large,200,OK,true,512313,139,29,29,8,0,0
1637865915376,266,Medium-Large,200,OK,true,512313,139,29,29,8,0,0
1637865915095,562,Medium-Large,200,OK,true,512313,139,29,29,9,0,0
1637865915629,31,Small,200,OK,true,51511,138,29,29,9,0,0
1637865915619,59,Small,200,OK,true,51510,138,29,29,8,0,0
1637865915058,622,Large,200,OK,true,1048891,137,29,29,8,0,0
1637865915531,156,Medium,200,OK,true,307513,139,29,29,9,0,0
1637865915433,275,Medium-Large,200,OK,true,512313,139,29,29,8,0,0
1637865915522,201,Medium,200,OK,true,307513,139,29,29,8,0,0
1637865915687,38,Small,200,OK,true,51511,138,29,29,12,0,0
1637865914884,852,Large,200,OK,true,1048891,137,29,29,7,0,0
1637865915680,63,Small-Medium,200,OK,true,102713,139,29,29,7,0,0
1637865915687,58,Small-Medium,200,OK,true,102713,139,29,29,8,0,0
1637865914730,1032,Large,200,OK,true,1048891,137,29,29,8,0,0
1637865915708,59,Small-Medium,200,OK,true,102713,139,29,29,9,0,0
1637865915242,541,Large,200,OK,true,1048891,137,29,29,10,0,0
1637865915528,259,Medium-Large,200,OK,true,512313,139,29,29,8,0,0
1637865915803,29,Small,200,OK,true,51511,138,29,29,8,0,0
1637865915762,97,Small-Medium,200,OK,true,102713,139,29,29,9,0,0
1637865915803,58,Small-Medium,200,OK,true,102713,139,29,29,7,0,0
1637865915383,500,Large,200,OK,true,1048891,137,29,29,7,0,0
1637865915824,64,Small-Medium,200,OK,true,102713,139,29,29,8,0,0
1637865915723,166,Medium,200,OK,true,307513,139,29,29,7,0,0
1637865915313,576,Large,200,OK,true,1048891,137,29,29,8,0,0
1637865915745,156,Medium,200,OK,true,307513,139,29,29,7,0,0
1637865915643,268,Medium-Large,200,OK,true,512313,139,29,29,7,0,0
1637865915367,548,Large,200,OK,true,1048891,137,29,29,7,0,0
1637865915889,35,Small,200,OK,true,51511,138,29,29,8,0,0
1637865915392,547,Large,200,OK,true,1048891,137,29,29,8,0,0
1637865915889,56,Small-Medium,200,OK,true,102713,139,29,29,9,0,0
1637865915901,55,Small-Medium,200,OK,true,102713,139,29,29,9,0,0
1637865915657,315,Medium,200,OK,true,307512,139,29,29,8,0,0
1637865915940,35,Small,200,OK,true,51511,138,29,29,8,0,0
1637865915919,58,Small-Medium,200,OK,true,102713,139,29,29,10,0,0
1637865915506,501,Large,200,OK,true,1048890,137,29,29,8,0,0
1637865915254,771,Large,200,OK,true,1048891,137,29,29,8,0,0
1637865915784,248,Medium-Large,200,OK,true,512313,139,29,29,7,0,0
1637865915469,583,Medium-Large,200,OK,true,512313,139,29,29,8,0,0
1637865915577,482,Large,200,OK,true,1048891,137,29,29,8,0,0
1637865915921,138,Medium,200,OK,true,307513,139,29,29,8,0,0
1637865915787,274,Medium-Large,200,OK,true,512313,139,29,29,8,0,0
1637865915587,484,Large,200,OK,true,1048891,137,29,29,9,0,0
1637865916005,66,Small-Medium,200,OK,true,102713,139,29,29,10,0,0
1637865915915,161,Medium,200,OK,true,307513,139,29,29,9,0,0
1637865916076,42,Small,200,OK,true,51511,138,29,29,9,0,0
1637865916071,68,Small-Medium,200,OK,true,102713,139,29,29,8,0,0
1637865915624,526,Large,200,OK,true,1048891,137,29,29,7,0,0
1637865915736,437,Medium-Large,200,OK,true,512313,139,29,29,7,0,0
1637865916035,158,Medium,200,OK,true,307513,139,29,29,8,0,0
1637865915689,507,Large,200,OK,true,1048891,137,29,29,9,0,0
1637865916018,178,Medium,200,OK,true,307513,139,29,29,8,0,0
1637865915660,536,Large,200,OK,true,1048891,137,29,29,10,0,0
1637865916032,174,Medium,200,OK,true,307513,139,29,29,8,0,0
1637865916187,34,Small,200,OK,true,51511,138,29,29,8,0,0
1637865916196,29,Small,200,OK,true,51511,138,29,29,8,0,0
1637865916060,178,Medium,200,OK,true,307513,139,29,29,8,0,0
1637865916025,240,Medium,200,OK,true,307513,139,29,29,8,0,0
1637865916238,32,Small,200,OK,true,51511,138,29,29,9,0,0
1637865916192,174,Medium,200,OK,true,307513,139,29,29,8,0,0
1637865916207,164,Medium,200,OK,true,307513,139,29,29,7,0,0
1637865916354,32,Small,200,OK,true,51511,138,29,29,8,0,0
1637865915883,515,Large,200,OK,true,1048891,137,29,29,8,0,0
1637865916121,315,Medium-Large,200,OK,true,512313,139,29,29,8,0,0
1637865915796,651,Large,200,OK,true,1048891,137,29,29,8,0,0
1637865916194,269,Medium-Large,200,OK,true,512313,139,29,29,7,0,0
1637865915911,565,Large,200,OK,true,1048891,137,29,29,8,0,0
1637865916196,281,Medium-Large,200,OK,true,512313,139,29,29,9,0,0
1637865915939,557,Large,200,OK,true,1048891,137,29,29,7,0,0
1637865916436,78,Small-Medium,200,OK,true,102713,139,29,29,12,0,0
1637865916463,52,Small-Medium,200,OK,true,102713,139,29,29,8,0,0
1637865916470,61,Small-Medium,200,OK,true,102713,139,29,29,9,0,0
1637865916007,549,Large,200,OK,true,1048855,137,29,29,9,0,0
1637865915577,998,Large,200,OK,true,1048891,137,29,29,9,0,0
1637865916302,274,Medium-Large,200,OK,true,512313,139,29,29,8,0,0
1637865916313,272,Medium-Large,200,OK,true,512313,139,29,29,7,0,0
1637865916579,32,Small,200,OK,true,51511,138,29,29,8,0,0
1637865916059,555,Large,200,OK,true,1048891,137,29,29,8,0,0
1637865916005,616,Large,200,OK,true,1048891,137,29,29,8,0,0
1637865916055,580,Large,200,OK,true,1048891,137,29,29,10,0,0
1637865916477,159,Medium,200,OK,true,307513,139,29,29,8,0,0
1637865916062,581,Large,200,OK,true,1048891,137,29,29,7,0,0
1637865916366,279,Medium-Large,200,OK,true,512313,139,29,29,8,0,0
1637865916586,60,Small-Medium,200,OK,true,102713,139,29,29,9,0,0
1637865916476,172,Medium,200,OK,true,307513,139,29,29,7,0,0
1637865916371,284,Medium-Large,200,OK,true,512313,139,29,29,8,0,0
1637865916398,262,Medium-Large,200,OK,true,512313,139,29,29,8,0,0
1637865916575,91,Small-Medium,200,OK,true,102713,139,29,29,9,0,0
1637865916660,24,Small,200,OK,true,51511,138,29,29,8,0,0
1637865916655,33,Small,200,OK,true,51511,138,29,29,9,0,0
1637865916635,55,Small-Medium,200,OK,true,102713,139,29,29,7,0,0
1637865916151,552,Large,200,OK,true,1048891,137,29,29,9,0,0
1637865915439,1266,Large,200,OK,true,1048891,137,29,29,7,0,0
1637865916643,62,Small-Medium,200,OK,true,102713,139,29,29,9,0,0
1637865916551,181,Medium,200,OK,true,307513,139,29,29,9,0,0
1637865916695,49,Small-Medium,200,OK,true,102713,139,29,29,8,0,0
1637865916691,53,Small,200,OK,true,51511,138,29,29,8,0,0
1637865915502,1243,Large,200,OK,true,1048891,137,29,29,8,0,0
1637865916702,46,Small-Medium,200,OK,true,102713,139,29,29,9,0,0
1637865916497,251,Medium-Large,200,OK,true,512313,139,29,29,7,0,0
1637865916614,138,Medium,200,OK,true,307513,139,29,29,12,0,0
1637865916196,564,Large,200,OK,true,1048891,137,29,29,8,0,0
1637865916621,154,Medium,200,OK,true,307513,139,29,29,9,0,0
1637865916645,163,Medium,200,OK,true,307513,139,29,29,9,0,0
1637865916772,46,Small,200,OK,true,51511,138,29,29,8,0,0
1637865916775,44,Small,200,OK,true,51511,138,29,29,9,0,0
1637865916818,30,Small,200,OK,true,51511,138,29,29,7,0,0
1637865916703,148,Medium,200,OK,true,307513,139,29,29,8,0,0
1637865916808,44,Small,200,OK,true,51511,138,29,29,7,0,0
1637865916748,155,Medium,200,OK,true,307513,139,29,29,8,0,0
1637865916173,736,Large,200,OK,true,1048891,137,29,29,8,0,0
1637865916776,136,Medium,200,OK,true,307513,139,29,29,9,0,0
1637865916759,169,Medium,200,OK,true,307513,139,29,29,8,0,0
1637865916912,24,Small,200,OK,true,51511,138,29,29,8,0,0
1637865916887,60,Small-Medium,200,OK,true,102713,139,29,29,9,0,0
1637865915878,1072,Large,200,OK,true,1048891,137,29,29,9,0,0
1637865916928,38,Small,200,OK,true,51511,138,29,29,12,0,0
1637865916809,170,Medium,200,OK,true,307513,139,29,29,11,0,0
1637865915599,1386,Large,200,OK,true,1048891,137,29,29,9,0,0
1637865916556,437,Medium-Large,200,OK,true,512314,139,29,29,17,0,9
1637865916265,729,Large,200,OK,true,1048891,137,29,29,8,0,0
1637865916851,147,Medium,200,OK,true,307513,139,29,29,9,0,0
1637865916760,251,Medium-Large,200,OK,true,512313,139,29,29,8,0,0
1637865916576,440,Large,200,OK,true,1048891,137,29,29,8,0,0
1637865916585,456,Large,200,OK,true,1048891,137,29,29,9,0,0
1637865916705,354,Medium,200,OK,true,307513,139,29,29,8,0,0
1637865915735,1324,Large,200,OK,true,1048890,137,29,29,8,0,0
1637865917041,22,Small,200,OK,true,51511,138,29,29,7,0,0
1637865917043,58,Small-Medium,200,OK,true,102713,139,29,29,7,0,0
1637865916447,664,Large,200,OK,true,1048891,137,29,29,9,0,0
1637865915972,1177,Large,200,OK,true,1048890,137,29,29,8,0,0
1637865916636,517,Large,200,OK,true,1048891,137,29,29,9,0,0
1637865916904,252,Medium-Large,200,OK,true,512313,139,29,29,10,0,0
1637865917059,114,Small-Medium,200,OK,true,102712,139,29,29,11,0,0
1637865917028,148,Medium,200,OK,true,307513,139,29,29,8,0,0
1637865916649,534,Large,200,OK,true,1048891,137,29,29,9,0,0
1637865917111,73,Small-Medium,200,OK,true,102713,139,29,29,8,0,0
1637865916934,254,Medium-Large,200,OK,true,512313,139,29,29,8,0,0
1637865917160,38,Small,200,OK,true,51511,138,29,29,8,0,0
1637865917004,197,Medium,200,OK,true,307513,139,29,29,9,0,0
1637865916752,453,Large,200,OK,true,1048891,137,29,29,8,0,0
1637865916994,215,Medium,200,OK,true,307513,139,29,29,8,0,0
1637865916891,320,Medium-Large,200,OK,true,512313,139,29,29,7,0,0
1637865917188,47,Small-Medium,200,OK,true,102713,139,29,29,11,0,0
1637865917176,66,Small,200,OK,true,51510,138,29,29,9,0,0
1637865916979,267,Medium-Large,200,OK,true,512313,139,29,29,8,0,0
1637865916811,443,Large,200,OK,true,1048891,137,29,29,6,0,0
1637865917226,44,Small,200,OK,true,51511,138,29,29,8,0,0
1637865917149,126,Small-Medium,200,OK,true,102712,139,29,29,9,0,0
1637865917011,265,Medium-Large,200,OK,true,512313,139,29,29,9,0,0
1637865917246,54,Small-Medium,200,OK,true,102713,139,29,29,8,0,0
1637865917276,35,Small,200,OK,true,51511,138,29,29,7,0,0
1637865917157,154,Medium,200,OK,true,307513,139,29,29,11,0,0
1637865916909,409,Medium-Large,200,OK,true,512313,139,29,29,9,0,0
1637865916732,592,Large,200,OK,true,1048891,137,29,29,8,0,0
1637865917153,173,Medium,200,OK,true,307513,139,29,29,8,0,0
1637865916751,577,Large,200,OK,true,1048891,137,29,29,7,0,0
1637865917275,62,Small,200,OK,true,51510,138,29,29,8,0,0
1637865916994,347,Medium-Large,200,OK,true,512313,139,29,29,8,0,0
1637865917205,148,Medium,200,OK,true,307513,139,29,29,8,0,0
1637865917318,40,Small,200,OK,true,51511,138,29,29,7,0,0
1637865917304,55,Small-Medium,200,OK,true,102713,139,29,29,8,0,0
1637865917201,158,Medium,200,OK,true,307513,139,29,29,8,0,0
1637865916052,1310,Large,200,OK,true,1048891,137,29,29,9,0,0
1637865917211,152,Medium,200,OK,true,307513,139,29,29,8,0,0
1637865917311,53,Small-Medium,200,OK,true,102713,139,29,29,8,0,0
1637865917326,54,Small-Medium,200,OK,true,102713,139,29,29,7,0,0
1637865917059,338,Medium,200,OK,true,307513,139,29,29,8,0,0
1637865917353,45,Small-Medium,200,OK,true,102713,139,29,29,8,0,0
1637865917176,225,Medium-Large,200,OK,true,512313,139,29,29,8,0,0
1637865917401,22,Small,200,OK,true,51511,138,29,29,7,0,0
1637865917156,268,Medium-Large,200,OK,true,512313,139,29,29,9,0,0
1637865917362,64,Small,200,OK,true,51511,138,29,29,9,0,0
1637865916922,518,Medium-Large,200,OK,true,512313,139,29,29,8,0,0
1637865916950,525,Medium-Large,200,OK,true,512313,139,29,29,9,0,0
1637865917016,466,Large,200,OK,true,1048891,137,29,29,12,0,0
1637865917428,56,Small-Medium,200,OK,true,102713,139,29,29,8,0,0
1637865917440,48,Small,200,OK,true,51511,138,29,29,8,0,0
1637865917328,164,Medium,200,OK,true,307513,139,29,29,7,0,0
1637865916999,507,Large,200,OK,true,1048891,137,29,29,8,0,0
1637865917363,154,Medium,200,OK,true,307513,139,29,29,9,0,0
1637865917276,259,Medium-Large,200,OK,true,512313,139,29,29,7,0,0
1637865917478,62,Small,200,OK,true,51511,138,29,29,8,0,0
1637865917391,153,Medium,200,OK,true,307513,139,29,29,8,0,0
1637865917492,55,Small-Medium,200,OK,true,102713,139,29,29,7,0,0
1637865917517,30,Small,200,OK,true,51511,138,29,29,10,0,0
1637865917506,51,Small-Medium,200,OK,true,102713,139,29,29,8,0,0
1637865917535,26,Small,200,OK,true,51511,138,29,29,8,0,0
1637865917544,32,Small,200,OK,true,51511,138,29,29,8,0,0
1637865917359,246,Medium-Large,200,OK,true,512313,139,29,29,8,0,0
1637865917482,128,Medium,200,OK,true,307513,139,29,29,9,0,0
1637865917517,107,Medium,200,OK,true,307513,139,29,29,9,0,0
1637865917610,20,Small,200,OK,true,51511,138,29,29,8,0,0
1637865917556,76,Small-Medium,200,OK,true,102713,139,29,29,8,0,0
1637865917362,273,Medium-Large,200,OK,true,512313,139,29,29,9,0,0
1637865917635,26,Small,200,OK,true,51511,138,29,29,9,0,0
1637865917594,72,Small,200,OK,true,51510,138,29,29,11,0,0
1637865917621,67,Small-Medium,200,OK,true,102713,139,29,29,9,0,0
1637865917183,514,Large,200,OK,true,1048891,137,29,29,7,0,0
1637865917254,447,Large,200,OK,true,1048891,137,29,29,8,0,0
1637865917469,234,Medium-Large,200,OK,true,512313,139,29,29,9,0,0
1637865917341,375,Medium-Large,200,OK,true,512313,139,29,29,9,0,0
1637865917651,67,Small-Medium,200,OK,true,102713,139,29,29,8,0,0
1637865917605,156,Medium,200,OK,true,307513,139,29,29,8,0,0
1637865917633,143,Medium,200,OK,true,307513,139,29,29,8,0,0
1637865917391,389,Medium,200,OK,true,307512,139,29,29,9,0,0
1637865917776,57,Small-Medium,200,OK,true,102713,139,29,29,8,0,0
1637865917209,643,Large,200,OK,true,1048891,137,29,29,9,0,0
1637865917420,489,Large,200,OK,true,1048891,137,29,29,8,0,0
1637865917752,163,Medium,200,OK,true,307513,139,29,29,8,0,0
1637865917852,67,Small-Medium,200,OK,true,102713,139,29,29,10,0,0
1637865917761,171,Medium,200,OK,true,307513,139,29,29,9,0,0
1637865917634,307,Medium-Large,200,OK,true,512313,139,29,29,9,0,0
1637865917915,27,Small,200,OK,true,51511,138,29,29,8,0,0
1637865917424,521,Large,200,OK,true,1048891,137,29,29,7,0,0
1637865917325,625,Large,200,OK,true,1048891,137,29,29,8,0,0
1637865917892,59,Small-Medium,200,OK,true,102713,139,29,29,10,0,0
1637865917703,251,Medium-Large,200,OK,true,512313,139,29,29,9,0,0
1637865917442,525,Large,200,OK,true,1048891,137,29,29,8,0,0
1637865917341,628,Large,200,OK,true,1048891,137,29,29,10,0,0
1637865917942,30,Small,200,OK,true,51511,138,29,29,8,0,0
1637865917951,29,Small,200,OK,true,51511,138,29,29,9,0,0
1637865917726,258,Medium-Large,200,OK,true,512313,139,29,29,8,0,0
1637865917970,31,Small,200,OK,true,51511,138,29,29,9,0,0
1637865916746,1282,Large,200,OK,true,1048891,137,29,29,7,0,0
1637865917767,268,Medium-Large,200,OK,true,512313,139,29,29,8,0,0
1637865917909,135,Medium,200,OK,true,307513,139,29,29,11,0,0
1637865917716,336,Medium-Large,200,OK,true,512312,139,29,29,8,0,0
1637865918035,31,Small,200,OK,true,51511,138,29,29,8,0,0
1637865917955,133,Medium,200,OK,true,307513,139,29,29,8,0,0
1637865917544,546,Large,200,OK,true,1048891,137,29,29,8,0,0
1637865918045,52,Small-Medium,200,OK,true,102713,139,29,29,7,0,0
1637865917681,441,Medium-Large,200,OK,true,512313,139,29,29,16,0,0
1637865917780,355,Medium,200,OK,true,307512,139,29,29,8,0,0
1637865917608,531,Large,200,OK,true,1048891,137,29,29,7,0,0
1637865918008,135,Medium,200,OK,true,307513,139,29,29,8,0,0
1637865918028,133,Small-Medium,200,OK,true,102713,139,29,29,8,0,0
1637865917660,501,Large,200,OK,true,1048891,137,29,29,28,0,0
1637865918086,81,Small-Medium,200,OK,true,102713,139,29,29,7,0,0
1637865918143,25,Small,200,OK,true,51511,138,29,29,9,0,0
1637865917969,208,Medium,200,OK,true,307513,139,29,29,8,0,0
1637865917945,248,Medium-Large,200,OK,true,512313,139,29,29,8,0,0
1637865918033,163,Medium,200,OK,true,307513,139,29,29,8,0,0
1637865918135,62,Small,200,OK,true,51510,138,29,29,8,0,0
1637865917701,500,Large,200,OK,true,1048891,137,29,29,8,0,0
1637865917433,771,Large,200,OK,true,1048891,137,29,29,9,0,0
1637865918152,57,Small-Medium,200,OK,true,102713,139,29,29,8,0,0
1637865918177,37,Small,200,OK,true,51511,138,29,29,8,0,0
1637865918160,55,Small-Medium,200,OK,true,102713,139,29,29,10,0,0
1637865917984,234,Medium-Large,200,OK,true,512313,139,29,29,9,0,0
1637865917967,255,Medium-Large,200,OK,true,512313,139,29,29,9,0,0
1637865918201,22,Small,200,OK,true,51511,138,29,29,9,0,0
1637865918058,174,Medium,200,OK,true,307513,139,29,29,7,0,0
1637865918196,42,Small-Medium,200,OK,true,102713,139,29,29,9,0,0
1637865917697,542,Large,200,OK,true,1048891,137,29,29,7,0,0
1637865918218,22,Small,200,OK,true,51511,138,29,29,8,0,0
1637865918193,48,Small-Medium,200,OK,true,102713,139,29,29,8,0,0
1637865918222,27,Small,200,OK,true,51511,138,29,29,9,0,0
1637865917739,518,Large,200,OK,true,1048891,137,29,29,8,0,0
1637865918201,57,Small-Medium,200,OK,true,102713,139,29,29,9,0,0
1637865918240,21,Small,200,OK,true,51511,138,29,29,7,0,0
1637865918052,215,Medium,200,OK,true,307512,139,29,29,8,0,0
1637865918068,244,Medium-Large,200,OK,true,512313,139,29,29,7,0,0
1637865918277,45,Small-Medium,200,OK,true,102713,139,29,29,8,0,0
1637865918267,70,Small-Medium,200,OK,true,102712,139,29,29,12,0,0
1637865918140,197,Medium-Large,200,OK,true,512313,139,29,29,8,0,0
1637865918318,22,Small,200,OK,true,51511,138,29,29,7,0,0
1637865918318,60,Small-Medium,200,OK,true,102713,139,29,29,7,0,0
1637865916985,1406,Large,200,OK,true,1048891,137,29,29,7,0,0
1637865918339,53,Small-Medium,200,OK,true,102713,139,29,29,8,0,0
1637865918267,126,Medium,200,OK,true,307513,139,29,29,8,0,0
1637865918393,36,Small,200,OK,true,51511,138,29,29,8,0,0
1637865917932,498,Large,200,OK,true,1048891,137,29,29,9,0,0
1637865918391,69,Small,200,OK,true,51511,138,29,29,9,0,0
1637865918088,395,Large,200,OK,true,1048891,137,29,29,7,0,0
1637865918430,62,Small-Medium,200,OK,true,102713,139,29,29,7,0,0
1637865918337,163,Medium,200,OK,true,307513,139,29,29,9,0,0
1637865917475,1030,Large,200,OK,true,1048891,137,29,29,8,0,0
1637865918483,27,Small,200,OK,true,51511,138,29,29,8,0,0
1637865918500,29,Small,200,OK,true,51511,138,29,29,8,0,0
1637865918161,391,Large,200,OK,true,1048891,137,29,29,8,0,0
1637865918090,463,Large,200,OK,true,1048891,137,29,29,8,0,0
1637865918508,62,Small-Medium,200,OK,true,102713,139,29,29,8,0,0
1637865918546,35,Small,200,OK,true,51511,138,29,29,8,0,0
1637865918122,467,Medium-Large,200,OK,true,512313,139,29,29,8,0,0
1637865918455,167,Medium,200,OK,true,307513,139,29,29,8,0,0
1637865918252,377,Medium,200,OK,true,307512,139,29,29,9,0,0
1637865918616,30,Small,200,OK,true,51511,138,29,29,9,0,0
1637865917292,1375,Large,200,OK,true,1048890,137,29,29,9,0,0
1637865918622,57,Small-Medium,200,OK,true,102713,139,29,29,8,0,0
1637865918259,429,Large,200,OK,true,1048891,137,29,29,7,0,0
1637865918257,447,Large,200,OK,true,1048891,137,29,29,6,0,0
1637865918552,152,Medium,200,OK,true,307513,139,29,29,8,0,0
1637865918599,144,Medium,200,OK,true,307513,139,29,29,8,0,0
1637865917397,1362,Large,200,OK,true,1048891,137,29,29,9,0,0
1637865918704,58,Small-Medium,200,OK,true,102713,139,29,29,8,0,0
1637865918704,60,Small-Medium,200,OK,true,102713,139,29,29,9,0,0
1637865918232,533,Large,200,OK,true,1048891,137,29,29,8,0,0
1637865918738,36,Small,200,OK,true,51511,138,29,29,8,0,0
1637865918743,33,Small,200,OK,true,51511,138,29,29,8,0,0
1637865918625,165,Medium,200,OK,true,307513,139,29,29,8,0,0
1637865918335,489,Large,200,OK,true,1048891,137,29,29,8,0,0
1637865918312,523,Large,200,OK,true,1048891,137,29,29,9,0,0
1637865918688,151,Medium,200,OK,true,307513,139,29,29,8,0,0
1637865918309,532,Large,200,OK,true,1048891,137,29,29,8,0,0
1637865918791,54,Small-Medium,200,OK,true,102713,139,29,29,8,0,0
1637865918824,29,Small,200,OK,true,51511,138,29,29,8,0,0
1637865918312,556,Large,200,OK,true,1048891,137,29,29,8,0,0
1637865918821,54,Small-Medium,200,OK,true,102713,139,29,29,8,0,0
1637865918820,56,Small-Medium,200,OK,true,102713,139,29,29,8,0,0
1637865918204,676,Large,200,OK,true,1048891,137,29,29,8,0,0
1637865918841,49,Small-Medium,200,OK,true,102713,139,29,29,9,0,0
1637865918356,537,Large,200,OK,true,1048891,137,29,29,8,0,0
1637865918732,161,Medium,200,OK,true,307513,139,29,29,9,0,0
1637865918393,505,Large,200,OK,true,1048891,137,29,29,8,0,0
1637865918434,471,Large,200,OK,true,1048891,137,29,29,8,0,0
1637865918507,405,Medium,200,OK,true,307513,139,29,29,8,0,0
1637865918893,27,Small,200,OK,true,51511,138,29,29,9,0,0
1637865918880,43,Small,200,OK,true,51511,138,29,29,9,0,0
1637865918661,262,Medium-Large,200,OK,true,512313,139,29,29,9,0,0
1637865918293,649,Large,200,OK,true,1048891,137,29,29,7,0,0
1637865918893,50,Small-Medium,200,OK,true,102713,139,29,29,10,0,0
1637865918924,24,Small,200,OK,true,51511,138,29,29,7,0,0
1637865918899,49,Small-Medium,200,OK,true,102713,139,29,29,9,0,0
1637865918907,53,Small-Medium,200,OK,true,102713,139,29,29,8,0,0
1637865918942,29,Small,200,OK,true,51511,138,29,29,7,0,0
1637865918629,347,Medium,200,OK,true,307512,139,29,29,9,0,0
1637865918936,53,Small-Medium,200,OK,true,102713,139,29,29,8,0,0
1637865918859,137,Medium,200,OK,true,307513,139,29,29,10,0,0
1637865918905,107,Medium,200,OK,true,307513,139,29,29,9,0,0
1637865918765,254,Medium-Large,200,OK,true,512313,139,29,29,8,0,0
1637865918997,26,Small,200,OK,true,51511,138,29,29,9,0,0
1637865918839,191,Medium-Large,200,OK,true,512313,139,29,29,9,0,0
1637865919009,24,Small,200,OK,true,51511,138,29,29,8,0,0
1637865918868,166,Medium,200,OK,true,307513,139,29,29,10,0,0
1637865918434,612,Large,200,OK,true,1048891,137,29,29,12,0,0
1637865918553,500,Large,200,OK,true,1048891,137,29,29,9,0,0
1637865918835,221,Medium-Large,200,OK,true,512313,139,29,29,8,0,0
1637865918383,675,Large,200,OK,true,1048890,137,29,29,8,0,0
1637865918589,476,Medium-Large,200,OK,true,512313,139,29,29,11,0,0
1637865918759,309,Medium,200,OK,true,307513,139,29,29,9,0,0
1637865917710,1376,Large,200,OK,true,1048890,137,29,29,8,0,0
1637865918958,130,Medium,200,OK,true,307513,139,29,29,8,0,0
1637865919035,67,Small-Medium,200,OK,true,102713,139,29,29,8,0,0
1637865919052,56,Small-Medium,200,OK,true,102713,139,29,29,8,0,0
1637865919046,67,Small-Medium,200,OK,true,102713,139,29,29,8,0,0
1637865919058,73,Small-Medium,200,OK,true,102712,139,29,29,9,0,0
1637865918941,202,Medium-Large,200,OK,true,512313,139,29,29,7,0,0
1637865918937,208,Medium-Large,200,OK,true,512313,139,29,29,8,0,0
1637865919015,140,Medium,200,OK,true,307513,139,29,29,8,0,0
1637865919086,73,Small,200,OK,true,51510,138,29,29,8,0,0
1637865919030,136,Medium,200,OK,true,307513,139,29,29,8,0,0
1637865919166,25,Small,200,OK,true,51511,138,29,29,9,0,0
1637865919163,40,Small,200,OK,true,51511,138,29,29,9,0,0
1637865919156,57,Small-Medium,200,OK,true,102713,139,29,29,8,0,0
1637865918667,549,Medium-Large,200,OK,true,512312,139,29,29,9,0,0
1637865919151,69,Small-Medium,200,OK,true,102713,139,29,29,9,0,0
1637865919059,194,Medium,200,OK,true,307513,139,29,29,8,0,0
1637865919021,237,Medium-Large,200,OK,true,512313,139,29,29,9,0,0
1637865919175,91,Small-Medium,200,OK,true,102712,139,29,29,8,0,0
1637865919143,131,Medium,200,OK,true,307513,139,29,29,8,0,0
1637865919216,60,Small,200,OK,true,51475,138,29,29,9,0,0
1637865919022,257,Medium-Large,200,OK,true,512313,139,29,29,10,0,0
1637865919145,140,Medium,200,OK,true,307513,139,29,29,9,0,0
1637865919278,36,Small,200,OK,true,51511,138,29,29,9,0,0
1637865919285,34,Small,200,OK,true,51511,138,29,29,8,0,0
1637865919253,71,Small-Medium,200,OK,true,102713,139,29,29,8,0,0
1637865918976,349,Medium,200,OK,true,307477,139,29,29,8,0,0
1637865919113,224,Medium-Large,200,OK,true,512313,139,29,29,8,0,0
1637865919279,59,Small-Medium,200,OK,true,102713,139,29,29,9,0,0
1637865919203,141,Small-Medium,200,OK,true,102712,139,29,29,8,0,0
1637865919088,261,Medium-Large,200,OK,true,512313,139,29,29,8,0,0
1637865918854,510,Large,200,OK,true,1048891,137,29,29,8,0,0
1637865919349,24,Small,200,OK,true,51511,138,29,29,9,0,0
1637865919168,236,Medium-Large,200,OK,true,512313,139,29,29,9,0,0
1637865919325,84,Small,200,OK,true,51512,138,29,29,16,0,8
1637865919274,140,Medium,200,OK,true,307513,139,29,29,10,0,0
1637865918161,1265,Large,200,OK,true,1048891,137,29,29,8,0,0
1637865919395,39,Small,200,OK,true,51511,138,29,29,10,0,0
1637865919400,48,Small-Medium,200,OK,true,102713,139,29,29,9,0,0
1637865919068,395,Medium,200,OK,true,307513,139,29,29,8,0,0
1637865919337,138,Medium,200,OK,true,307513,139,29,29,8,0,0
1637865919345,136,Small-Medium,200,OK,true,102712,139,29,29,8,0,0
1637865919475,27,Small,200,OK,true,51511,138,29,29,9,0,0
1637865919271,250,Medium-Large,200,OK,true,512313,139,29,29,8,0,0
1637865919282,243,Medium-Large,200,OK,true,512313,139,29,29,10,0,0
1637865919465,61,Small-Medium,200,OK,true,102713,139,29,29,9,0,0
1637865919009,522,Large,200,OK,true,1048890,137,29,29,7,0,0
1637865919040,509,Large,200,OK,true,1048891,137,29,29,10,0,0
1637865919404,155,Medium,200,OK,true,307513,139,29,29,8,0,0
1637865919426,134,Small-Medium,200,OK,true,102713,139,29,29,8,0,0
1637865919414,159,Medium,200,OK,true,307513,139,29,29,9,0,0
1637865919065,508,Medium-Large,200,OK,true,512313,139,29,29,8,0,0
1637865919053,532,Large,200,OK,true,1048891,137,29,29,9,0,0
1637865919057,530,Large,200,OK,true,1048891,137,29,29,8,0,0
1637865919531,58,Small-Medium,200,OK,true,102712,139,29,29,9,0,0
1637865919440,149,Small-Medium,200,OK,true,102713,139,29,29,9,0,0
1637865918912,694,Medium-Large,200,OK,true,512313,139,29,29,8,0,0
1637865919559,52,Small-Medium,200,OK,true,102713,139,29,29,8,0,0
1637865919592,33,Small,200,OK,true,51511,138,29,29,8,0,0
1637865919019,615,Large,200,OK,true,1048891,137,29,29,9,0,0
1637865919581,64,Small-Medium,200,OK,true,102713,139,29,29,8,0,0
1637865919586,64,Small-Medium,200,OK,true,102713,139,29,29,7,0,0
1637865919589,68,Small,200,OK,true,51511,138,29,29,8,0,0
1637865919125,535,Large,200,OK,true,1048891,137,29,29,9,0,0
1637865919517,146,Medium,200,OK,true,307513,139,29,29,8,0,0
1637865919290,377,Medium-Large,200,OK,true,512312,139,29,29,7,0,0
1637865918996,674,Large,200,OK,true,1048891,137,29,29,8,0,0
1637865919648,35,Small,200,OK,true,51510,138,29,29,9,0,0
1637865919573,136,Medium,200,OK,true,307513,139,29,29,9,0,0
1637865919675,53,Small-Medium,200,OK,true,102713,139,29,29,8,0,0
1637865919588,146,Medium,200,OK,true,307513,139,29,29,8,0,0
1637865919697,38,Small,200,OK,true,51511,138,29,29,9,0,0
1637865919258,481,Large,200,OK,true,1048891,137,29,29,9,0,0
1637865919525,233,Medium-Large,200,OK,true,512313,139,29,29,9,0,0
1637865919701,65,Small-Medium,200,OK,true,102713,139,29,29,9,0,0
1637865919705,84,Small-Medium,200,OK,true,102713,139,29,29,8,0,0
1637865919791,58,Small-Medium,200,OK,true,102713,139,29,29,9,0,0
1637865919364,529,Large,200,OK,true,1048891,137,29,29,9,0,0
1637865919739,162,Medium,200,OK,true,307513,139,29,29,9,0,0
1637865919734,169,Medium,200,OK,true,307513,139,29,29,8,0,0
1637865919663,251,Medium-Large,200,OK,true,512313,139,29,29,9,0,0
1637865919670,250,Medium,200,OK,true,307513,139,29,29,8,0,0
1637865918505,1418,Large,200,OK,true,1048891,137,29,29,9,0,0
1637865919268,669,Large,200,OK,true,1048891,137,29,29,7,0,0
1637865919560,378,Medium,200,OK,true,307513,139,29,29,8,0,0
1637865919914,34,Small,200,OK,true,51511,138,29,29,9,0,0
1637865919332,622,Medium-Large,200,OK,true,512314,139,29,29,17,0,8
1637865919763,192,Medium,200,OK,true,307512,139,29,29,9,0,0
1637865919709,263,Medium-Large,200,OK,true,512313,139,29,29,9,0,0
1637865919937,35,Small,200,OK,true,51511,138,29,29,8,0,0
1637865919923,68,Small,200,OK,true,51511,138,29,29,8,0,0
1637865919972,27,Small,200,OK,true,51511,138,29,29,9,0,0
1637865919817,183,Medium,200,OK,true,307513,139,29,29,9,0,0
1637865919955,56,Small-Medium,200,OK,true,102712,139,29,29,9,0,0
1637865919606,421,Medium,200,OK,true,307513,139,29,29,8,0,0
1637865919758,270,Medium-Large,200,OK,true,512313,139,29,29,9,0,0
1637865920000,28,Small,200,OK,true,51511,138,29,29,8,0,0
1637865919667,372,Medium-Large,200,OK,true,512312,139,29,29,8,0,0
1637865919521,522,Large,200,OK,true,1048891,137,29,29,8,0,0
1637865919893,158,Medium,200,OK,true,307513,139,29,29,8,0,0
1637865919394,658,Large,200,OK,true,1048891,137,29,29,9,0,0
1637865919369,690,Large,200,OK,true,1048891,137,29,29,9,0,0
1637865919820,247,Medium-Large,200,OK,true,512313,139,29,29,9,0,0
1637865919907,165,Medium,200,OK,true,307513,139,29,29,8,0,0
1637865920030,43,Small-Medium,200,OK,true,102713,139,29,29,9,0,0
1637865919511,563,Large,200,OK,true,1048891,137,29,29,7,0,0
1637865919549,528,Large,200,OK,true,1048891,137,29,29,9,0,0
1637865919938,145,Small-Medium,200,OK,true,102713,139,29,29,8,0,0
1637865919812,280,Medium-Large,200,OK,true,512313,139,29,29,8,0,0
1637865920039,59,Small,200,OK,true,51511,138,29,29,7,0,0
1637865920067,42,Small-Medium,200,OK,true,102713,139,29,29,10,0,0
1637865920089,31,Small,200,OK,true,51511,138,29,29,8,0,0
1637865920071,61,Small-Medium,200,OK,true,102712,139,29,29,12,0,0
1637865919901,234,Medium-Large,200,OK,true,512313,139,29,29,8,0,0
1637865919481,663,Medium-Large,200,OK,true,512312,139,29,29,9,0,0
1637865920092,56,Small-Medium,200,OK,true,102713,139,29,29,8,0,0
1637865920083,76,Small,200,OK,true,51511,138,29,29,8,0,0
1637865919920,242,Medium,200,OK,true,307513,139,29,29,8,0,0
1637865920028,136,Medium,200,OK,true,307513,139,29,29,9,0,0
1637865919954,210,Medium,200,OK,true,307513,139,29,29,8,0,0
1637865919903,280,Medium-Large,200,OK,true,512313,139,29,29,7,0,0
1637865920027,160,Small-Medium,200,OK,true,102713,139,29,29,8,0,0
1637865919660,553,Large,200,OK,true,1048891,137,29,29,8,0,0
1637865919708,506,Large,200,OK,true,1048891,137,29,29,7,0,0
1637865920183,33,Small,200,OK,true,51511,138,29,29,8,0,0
1637865920164,67,Small-Medium,200,OK,true,102713,139,29,29,10,0,0
1637865920162,73,Small-Medium,200,OK,true,102713,139,29,29,9,0,0
1637865919634,605,Large,200,OK,true,1048891,137,29,29,8,0,0
1637865920077,170,Medium,200,OK,true,307513,139,29,29,10,0,0
1637865920214,33,Small,200,OK,true,51511,138,29,29,9,0,0
1637865920213,36,Small,200,OK,true,51511,138,29,29,8,0,0
1637865920187,65,Small-Medium,200,OK,true,102712,139,29,29,9,0,0
1637865920052,200,Medium,200,OK,true,307513,139,29,29,12,0,0
1637865920059,198,Medium,200,OK,true,307513,139,29,29,9,0,0
1637865920253,36,Small,200,OK,true,51511,138,29,29,9,0,0
1637865920240,58,Small-Medium,200,OK,true,102713,139,29,29,11,0,0
1637865920072,241,Medium-Large,200,OK,true,512313,139,29,29,9,0,0
1637865920183,134,Medium,200,OK,true,307513,139,29,29,9,0,0
1637865920051,273,Medium-Large,200,OK,true,512313,139,29,29,11,0,0
1637865920279,54,Small,200,OK,true,51511,138,29,29,8,0,0
1637865920198,142,Small-Medium,200,OK,true,102713,139,29,29,8,0,0
1637865920204,140,Medium,200,OK,true,307513,139,29,29,8,0,0
1637865920299,60,Small-Medium,200,OK,true,102713,139,29,29,8,0,0
1637865920208,153,Medium,200,OK,true,307513,139,29,29,9,0,0
1637865920313,54,Small-Medium,200,OK,true,102713,139,29,29,8,0,0
1637865920116,259,Medium-Large,200,OK,true,512313,139,29,29,9,0,0
1637865920146,239,Medium-Large,200,OK,true,512313,139,29,29,9,0,0
1637865920331,59,Small-Medium,200,OK,true,102713,139,29,29,8,0,0
1637865920247,153,Medium,200,OK,true,307513,139,29,29,8,0,0
1637865920053,348,Medium-Large,200,OK,true,512313,139,29,29,12,0,0
1637865920039,376,Medium-Large,200,OK,true,512312,139,29,29,9,0,0
1637865920340,76,Small,200,OK,true,51511,138,29,29,9,0,0
1637865920356,65,Small-Medium,200,OK,true,102713,139,29,29,8,0,0
1637865920400,28,Small,200,OK,true,51511,138,29,29,8,0,0
1637865920385,56,Small-Medium,200,OK,true,102713,139,29,29,10,0,0
1637865920401,70,Small-Medium,200,OK,true,102713,139,29,29,9,0,0
1637865920257,221,Medium,200,OK,true,307513,139,29,29,9,0,0
1637865920280,212,Medium,200,OK,true,307513,139,29,29,8,0,0
1637865920415,77,Small-Medium,200,OK,true,102713,139,29,29,8,0,0
1637865920395,111,Small-Medium,200,OK,true,102713,139,29,29,10,0,0
1637865920155,363,Medium,200,OK,true,307513,139,29,29,11,0,0
1637865920317,202,Medium-Large,200,OK,true,512313,139,29,29,9,0,0
1637865920478,46,Small,200,OK,true,51511,138,29,29,10,0,0
1637865920043,497,Large,200,OK,true,1048891,137,29,29,9,0,0
1637865920375,174,Medium,200,OK,true,307513,139,29,29,8,0,0
1637865920519,36,Small,200,OK,true,51511,138,29,29,11,0,0
1637865920549,31,Small,200,OK,true,51511,138,30,30,9,0,0
1637865920530,70,Small-Medium,200,OK,true,102713,139,30,30,8,0,0
1637865920446,162,Medium,200,OK,true,307513,139,30,30,9,0,0
1637865920074,537,Large,200,OK,true,1048891,137,30,30,9,0,0
1637865919573,1040,Large,200,OK,true,1048891,137,30,30,8,0,0
1637865920187,432,Medium,200,OK,true,307513,139,30,30,8,0,0
1637865919463,1161,Large,200,OK,true,1048891,137,30,30,9,0,0
1637865920135,494,Large,200,OK,true,1048891,137,30,30,9,0,0
1637865920361,279,Medium-Large,200,OK,true,512313,139,30,30,10,0,0
1637865920608,33,Small,200,OK,true,51511,138,30,30,9,0,0
1637865920164,479,Large,200,OK,true,1048891,137,30,30,9,0,0
1637865920640,30,Small,200,OK,true,51511,138,30,30,9,0,0
1637865920634,52,Small-Medium,200,OK,true,102713,139,30,30,9,0,0
1637865920651,36,Small,200,OK,true,51511,138,30,30,8,0,0
1637865920368,321,Medium-Large,200,OK,true,512313,139,30,30,9,0,0
1637865920619,73,Small,200,OK,true,51511,138,30,30,9,0,0
1637865920428,288,Medium-Large,200,OK,true,512313,139,30,30,12,0,0
1637865920501,264,Medium-Large,200,OK,true,512313,139,30,30,9,0,0
1637865920629,147,Medium,200,OK,true,307513,139,30,30,9,0,0
1637865920540,255,Medium-Large,200,OK,true,512313,139,30,30,8,0,0
1637865920760,35,Small,200,OK,true,51511,138,30,30,9,0,0
1637865920472,324,Medium-Large,200,OK,true,512313,139,30,30,9,0,0
1637865920144,659,Medium-Large,200,OK,true,512312,139,30,30,9,0,0
1637865920643,166,Medium,200,OK,true,307513,139,30,30,9,0,0
1637865920516,300,Medium-Large,200,OK,true,512313,139,30,30,9,0,0
1637865920765,63,Small-Medium,200,OK,true,102713,139,30,30,8,0,0
1637865920809,28,Small,200,OK,true,51511,138,30,30,8,0,0
1637865920344,520,Large,200,OK,true,1048891,137,30,30,8,0,0
1637865920324,555,Large,200,OK,true,1048891,137,30,30,9,0,0
1637865920329,561,Large,200,OK,true,1048891,137,30,30,8,0,0
1637865920864,30,Small,200,OK,true,51511,138,30,30,11,0,0
1637865920303,604,Large,200,OK,true,1048890,137,30,30,8,0,0
1637865920561,351,Medium,200,OK,true,307514,139,30,30,17,0,9
1637865920594,347,Medium-Large,200,OK,true,512313,139,30,30,10,0,0
1637865920890,64,Small-Medium,200,OK,true,102713,139,30,30,8,0,0
1637865920912,60,Small,200,OK,true,51511,138,30,30,9,0,0
1637865920941,40,Small,200,OK,true,51511,138,30,30,9,0,0
1637865920717,276,Medium-Large,200,OK,true,512313,139,30,30,8,0,0
1637865920754,241,Medium-Large,200,OK,true,512313,139,30,30,8,0,0
1637865920729,282,Medium-Large,200,OK,true,512313,139,30,30,8,0,0
1637865920511,509,Medium-Large,200,OK,true,512313,139,30,30,10,0,0
1637865920776,263,Medium-Large,200,OK,true,512313,139,30,30,10,0,0
1637865921011,34,Small,200,OK,true,51511,138,30,30,9,0,0
1637865921011,43,Small,200,OK,true,51511,138,30,30,9,0,0
1637865920771,289,Medium-Large,200,OK,true,512313,139,30,30,9,0,0
1637865920795,271,Medium-Large,200,OK,true,512313,139,30,30,8,0,0
1637865921039,34,Small,200,OK,true,51511,138,30,30,11,0,0
1637865920518,565,Medium-Large,200,OK,true,512313,139,30,30,9,0,0
1637865920908,188,Medium,200,OK,true,307512,139,30,30,11,0,0
1637865920816,305,Medium-Large,200,OK,true,512313,139,30,30,9,0,0
1637865920415,726,Large,200,OK,true,1048855,137,30,30,9,0,0
1637865921096,64,Small-Medium,200,OK,true,102677,139,30,30,9,0,0
1637865920993,169,Medium,200,OK,true,307513,139,30,30,9,0,0
1637865920880,293,Medium-Large,200,OK,true,512313,139,30,30,9,0,0
1637865920611,564,Large,200,OK,true,1048891,137,30,30,9,0,0
1637865921083,109,Small-Medium,200,OK,true,102713,139,30,30,8,0,0
1637865920492,703,Large,200,OK,true,1048891,137,30,30,9,0,0
1637865921130,68,Small-Medium,200,OK,true,102713,139,30,30,10,0,0
1637865920929,273,Medium-Large,200,OK,true,512313,139,30,30,9,0,0
1637865921160,59,Small-Medium,200,OK,true,102713,139,30,30,8,0,0
1637865920518,708,Large,200,OK,true,1048891,137,30,30,9,0,0
1637865921175,56,Small-Medium,200,OK,true,102713,139,30,30,8,0,0
1637865921066,165,Medium,200,OK,true,307513,139,30,30,9,0,0
1637865920670,568,Large,200,OK,true,1048891,137,30,30,8,0,0
1637865920984,270,Medium-Large,200,OK,true,512313,139,30,30,8,0,0
1637865921202,58,Small-Medium,200,OK,true,102713,139,30,30,9,0,0
1637865921061,210,Medium,200,OK,true,307513,139,30,30,9,0,0
1637865921251,34,Small,200,OK,true,51511,138,30,30,8,0,0
1637865921231,60,Small-Medium,200,OK,true,102713,139,30,30,8,0,0
1637865921238,55,Small-Medium,200,OK,true,102713,139,30,30,8,0,0
1637865921226,69,Small-Medium,200,OK,true,102713,139,30,30,8,0,0
1637865920624,678,Medium-Large,200,OK,true,512313,139,30,30,8,0,0
1637865921032,282,Medium-Large,200,OK,true,512313,139,30,30,8,0,0
1637865921162,157,Medium,200,OK,true,307513,139,30,30,8,0,0
1637865921203,122,Small-Medium,200,OK,true,102713,139,30,30,8,0,0
1637865921173,159,Medium,200,OK,true,307513,139,30,30,9,0,0
1637865921332,33,Small,200,OK,true,51511,138,30,30,10,0,0
1637865920689,678,Large,200,OK,true,1048891,137,30,30,9,0,0
1637865921254,140,Medium,200,OK,true,307513,139,30,30,8,0,0
1637865921279,124,Medium,200,OK,true,307513,139,30,30,8,0,0
1637865921352,54,Small-Medium,200,OK,true,102713,139,30,30,9,0,0
1637865921196,211,Medium,200,OK,true,307513,139,30,30,7,0,0
1637865920886,540,Large,200,OK,true,1048891,137,30,30,9,0,0
1637865921368,59,Small,200,OK,true,51511,138,30,30,9,0,0
1637865920879,560,Large,200,OK,true,1048891,137,30,30,9,0,0
1637865920796,654,Large,200,OK,true,1048891,137,30,30,9,0,0
1637865920995,458,Large,200,OK,true,1048891,137,30,30,9,0,0
1637865921394,63,Small-Medium,200,OK,true,102713,139,30,30,9,0,0
1637865921325,151,Small-Medium,200,OK,true,102713,139,30,30,8,0,0
1637865921453,32,Small,200,OK,true,51511,138,30,30,10,0,0
1637865921314,174,Medium,200,OK,true,307513,139,30,30,8,0,0
1637865921272,236,Medium,200,OK,true,307513,139,30,30,8,0,0
1637865921372,172,Medium,200,OK,true,307513,139,30,30,9,0,0
1637865921141,434,Medium,200,OK,true,307514,139,30,30,16,0,8
1637865921514,66,Small-Medium,200,OK,true,102713,139,30,30,8,0,0
1637865921319,265,Medium-Large,200,OK,true,512313,139,30,30,9,0,0
1637865921217,371,Medium,200,OK,true,307514,139,30,30,17,0,9
1637865921544,64,Small-Medium,200,OK,true,102713,139,30,30,9,0,0
1637865921439,171,Medium,200,OK,true,307513,139,30,30,9,0,0
1637865921407,206,Medium,200,OK,true,307513,139,30,30,9,0,0
1637865921060,562,Large,200,OK,true,1048891,137,30,30,8,0,0
1637865921575,56,Small,200,OK,true,51511,138,30,30,8,0,0
1637865921588,59,Small-Medium,200,OK,true,102713,139,30,30,8,0,0
1637865921472,185,Medium,200,OK,true,307513,139,30,30,9,0,0
1637865921358,300,Medium-Large,200,OK,true,512313,139,30,30,9,0,0
1637865921302,366,Medium,200,OK,true,307513,139,30,30,10,0,0
1637865921131,546,Large,200,OK,true,1048891,137,30,30,8,0,0
1637865921347,339,Medium-Large,200,OK,true,512313,139,30,30,10,0,0
1637865921634,60,Small-Medium,200,OK,true,102713,139,30,30,8,0,0
1637865921121,579,Large,200,OK,true,1048891,137,30,30,8,0,0
1637865920614,1104,Large,200,OK,true,1048891,137,30,30,9,0,0
1637865921658,61,Small-Medium,200,OK,true,102713,139,30,30,9,0,0
1637865921700,32,Small,200,OK,true,51511,138,30,30,8,0,0
1637865921574,163,Medium,200,OK,true,307513,139,30,30,8,0,0
1637865921453,285,Medium-Large,200,OK,true,512313,139,30,30,9,0,0
1637865921677,68,Small-Medium,200,OK,true,102713,139,30,30,9,0,0
1637865921708,48,Small,200,OK,true,51511,138,30,30,9,0,0
1637865921450,312,Medium-Large,200,OK,true,512313,139,30,30,9,0,0
1637865921668,112,Small-Medium,200,OK,true,102713,139,30,30,8,0,0
1637865921762,32,Small,200,OK,true,51511,138,30,30,9,0,0
1637865921695,110,Small-Medium,200,OK,true,102713,139,30,30,8,0,0
1637865921488,322,Medium-Large,200,OK,true,512313,139,30,30,8,0,0
1637865921778,37,Small,200,OK,true,51511,138,30,30,9,0,0
1637865920457,1376,Large,200,OK,true,1048891,137,30,30,9,0,0
1637865921322,520,Large,200,OK,true,1048891,137,30,30,10,0,0
1637865921584,285,Medium-Large,200,OK,true,512313,139,30,30,8,0,0
1637865921295,579,Large,200,OK,true,1048891,137,30,30,8,0,0
1637865921811,71,Small-Medium,200,OK,true,102713,139,30,30,8,0,0
1637865921687,199,Medium,200,OK,true,307513,139,30,30,8,0,0
1637865921833,76,Small,200,OK,true,51511,138,30,30,8,0,0
1637865921739,171,Medium,200,OK,true,307513,139,30,30,7,0,0
1637865921899,30,Small,200,OK,true,51511,138,30,30,8,0,0
1637865921911,30,Small,200,OK,true,51511,138,30,30,7,0,0
1637865921882,64,Small-Medium,200,OK,true,102713,139,30,30,9,0,0
1637865921403,544,Large,200,OK,true,1048891,137,30,30,9,0,0
1637865921020,943,Large,200,OK,true,1048891,137,30,30,8,0,0
1637865921426,545,Large,200,OK,true,1048891,137,30,30,9,0,0
1637865921798,178,Medium,200,OK,true,307513,139,30,30,9,0,0
1637865921948,29,Small,200,OK,true,51511,138,30,30,8,0,0
1637865921718,312,Medium,200,OK,true,307513,139,30,30,7,0,0
1637865921476,559,Medium-Large,200,OK,true,512313,139,30,30,9,0,0
1637865921874,173,Medium,200,OK,true,307513,139,30,30,10,0,0
1637865921488,591,Large,200,OK,true,1048891,137,30,30,9,0,0
1637865922032,62,Small-Medium,200,OK,true,102713,139,30,30,8,0,0
1637865921843,270,Medium-Large,200,OK,true,512313,139,30,30,8,0,0
1637865922079,40,Small,200,OK,true,51511,138,30,30,8,0,0
1637865922031,94,Small-Medium,200,OK,true,102713,139,30,30,8,0,0
1637865920803,1330,Large,200,OK,true,1048890,137,30,30,8,0,0
1637865921931,205,Medium,200,OK,true,307513,139,30,30,7,0,0
1637865922035,104,Small-Medium,200,OK,true,102713,139,30,30,8,0,0
1637865921976,165,Medium,200,OK,true,307513,139,30,30,8,0,0
1637865922113,33,Small,200,OK,true,51511,138,30,30,8,0,0
1637865921869,289,Medium-Large,200,OK,true,512313,139,30,30,9,0,0
1637865921610,557,Large,200,OK,true,1048891,137,30,30,8,0,0
1637865920738,1440,Large,200,OK,true,1048891,137,30,30,8,0,0
1637865921788,400,Medium,200,OK,true,307513,139,30,30,9,0,0
1637865922151,38,Small,200,OK,true,51511,138,30,30,7,0,0
1637865921508,682,Large,200,OK,true,1048891,137,30,30,8,0,0
1637865922158,32,Small,200,OK,true,51511,138,30,30,14,0,0
1637865921623,588,Large,200,OK,true,1048891,137,30,30,7,0,0
1637865921971,247,Medium-Large,200,OK,true,512313,139,30,30,8,0,0
1637865921737,481,Large,200,OK,true,1048891,137,30,30,7,0,0
1637865921887,337,Medium-Large,200,OK,true,512313,139,30,30,8,0,0
1637865922190,36,Small,200,OK,true,51511,138,30,30,8,0,0
1637865921657,573,Large,200,OK,true,1048891,137,30,30,9,0,0
1637865922168,63,Small-Medium,200,OK,true,102713,139,30,30,11,0,0
1637865922224,28,Small,200,OK,true,51511,138,30,30,9,0,0
1637865921664,596,Large,200,OK,true,1048891,137,30,30,8,0,0
1637865921614,652,Large,200,OK,true,1048891,137,30,30,8,0,0
1637865922218,56,Small-Medium,200,OK,true,102713,139,30,30,8,0,0
1637865922018,265,Medium-Large,200,OK,true,512313,139,30,30,8,0,0
1637865921754,536,Large,200,OK,true,1048891,137,30,30,9,0,0
1637865922271,26,Small,200,OK,true,51511,138,30,30,8,0,0
1637865922279,25,Small,200,OK,true,51511,138,30,30,8,0,0
1637865922047,266,Medium-Large,200,OK,true,512313,139,30,30,9,0,0
1637865922288,37,Small,200,OK,true,51511,138,30,30,8,0,0
1637865922136,204,Medium,200,OK,true,307513,139,30,30,12,0,0
1637865921953,396,Medium,200,OK,true,307513,139,30,30,9,0,0
1637865922198,158,Medium,200,OK,true,307513,139,30,30,8,0,0
1637865921815,564,Medium-Large,200,OK,true,512313,139,30,30,8,0,0
1637865922311,71,Small-Medium,200,OK,true,102713,139,30,30,8,0,0
1637865921821,585,Large,200,OK,true,1048891,137,30,30,10,0,0
1637865922283,175,Medium,200,OK,true,307513,139,30,30,8,0,0
1637865922150,315,Medium,200,OK,true,307513,139,30,30,7,0,0
1637865922234,247,Medium-Large,200,OK,true,512313,139,30,30,7,0,0
1637865922230,259,Medium-Large,200,OK,true,512313,139,30,30,9,0,0
1637865922378,118,Small-Medium,200,OK,true,102713,139,30,30,8,0,0
1637865921828,681,Large,200,OK,true,1048891,137,30,30,8,0,0
1637865922339,177,Medium,200,OK,true,307513,139,30,30,8,0,0
1637865922260,281,Medium-Large,200,OK,true,512313,139,30,30,9,0,0
1637865922345,202,Medium,200,OK,true,307513,139,30,30,8,0,0
1637865922407,199,Medium,200,OK,true,307513,139,30,30,10,0,0
1637865922068,546,Large,200,OK,true,1048891,137,30,30,9,0,0
1637865922499,128,Small-Medium,200,OK,true,102713,139,30,30,9,0,0
1637865922429,220,Medium,200,OK,true,307513,139,30,30,9,0,0
1637865922002,668,Large,200,OK,true,1048891,137,30,30,8,0,0
1637865922141,544,Large,200,OK,true,1048891,137,30,30,9,0,0
1637865922488,197,Medium,200,OK,true,307513,139,30,30,8,0,0
1637865922649,40,Small,200,OK,true,51511,138,30,30,8,0,0
1637865922341,364,Medium-Large,200,OK,true,512313,139,30,30,8,0,0
1637865922515,195,Medium,200,OK,true,307513,139,30,30,10,0,0
1637865922397,318,Medium-Large,200,OK,true,512313,139,30,30,9,0,0
1637865922509,216,Medium,200,OK,true,307513,139,30,30,9,0,0
1637865922704,37,Small,200,OK,true,51511,138,30,30,7,0,0
1637865922405,339,Medium-Large,200,OK,true,512313,139,30,30,9,0,0
1637865922547,208,Medium,200,OK,true,307513,139,30,30,8,0,0
1637865922218,548,Large,200,OK,true,1048891,137,30,30,9,0,0
1637865922464,307,Medium,200,OK,true,307513,139,30,30,8,0,0
1637865922457,315,Medium-Large,200,OK,true,512313,139,30,30,8,0,0
1637865922133,650,Medium-Large,200,OK,true,512312,139,30,30,9,0,0
1637865922606,186,Medium,200,OK,true,307513,139,30,30,9,0,0
1637865922613,183,Medium,200,OK,true,307513,139,30,30,8,0,0
1637865922211,594,Large,200,OK,true,1048891,137,30,30,8,0,0
1637865922744,69,Small-Medium,200,OK,true,102713,139,30,30,8,0,0
1637865922755,64,Small-Medium,200,OK,true,102713,139,30,30,8,0,0
1637865922771,52,Small,200,OK,true,51511,138,30,30,8,0,0
1637865922773,65,Small-Medium,200,OK,true,102713,139,30,30,7,0,0
1637865922769,72,Small-Medium,200,OK,true,102713,139,30,30,8,0,0
1637865922540,303,Medium-Large,200,OK,true,512313,139,30,30,9,0,0
1637865922824,29,Small,200,OK,true,51511,138,30,30,8,0,0
1637865922685,173,Medium,200,OK,true,307513,139,30,30,7,0,0
1637865922290,573,Large,200,OK,true,1048891,137,30,30,9,0,0
1637865922804,61,Small-Medium,200,OK,true,102713,139,30,30,9,0,0
1637865922710,167,Medium,200,OK,true,307513,139,30,30,7,0,0
1637865922716,170,Medium,200,OK,true,307513,139,30,30,7,0,0
1637865922877,22,Small,200,OK,true,51511,138,30,30,9,0,0
1637865922765,135,Medium,200,OK,true,307513,139,30,30,8,0,0
1637865922313,597,Large,200,OK,true,1048891,137,30,30,9,0,0
1637865921963,947,Large,200,OK,true,1048891,137,30,30,10,0,0
1637865922858,55,Small-Medium,200,OK,true,102713,139,30,30,8,0,0
1637865922863,52,Small-Medium,200,OK,true,102713,139,30,30,8,0,0
1637865922725,201,Medium,200,OK,true,307513,139,30,30,8,0,0
1637865922266,671,Large,200,OK,true,1048891,137,30,30,7,0,0
1637865922685,265,Medium-Large,200,OK,true,512313,139,30,30,8,0,0
1637865922910,43,Small,200,OK,true,51511,138,30,30,9,0,0
1637865922355,605,Large,200,OK,true,1048891,137,30,30,7,0,0
1637865922349,614,Medium-Large,200,OK,true,512313,139,30,30,8,0,0
1637865922927,38,Small,200,OK,true,51511,138,30,30,8,0,0
1637865922390,605,Large,200,OK,true,1048891,137,30,30,8,0,0
1637865922669,335,Medium-Large,200,OK,true,512313,139,30,30,10,0,0
1637865922982,32,Small,200,OK,true,51511,138,30,30,9,0,0
1637865922480,558,Large,200,OK,true,1048891,137,30,30,9,0,0
1637865922962,77,Small,200,OK,true,51511,138,30,30,9,0,0
1637865922901,143,Medium,200,OK,true,307513,139,30,30,10,0,0
1637865922995,64,Small-Medium,200,OK,true,102713,139,30,30,10,0,0
1637865922893,176,Medium,200,OK,true,307513,139,30,30,8,0,0
1637865923044,60,Small-Medium,200,OK,true,102713,139,30,30,9,0,0
1637865923069,70,Small-Medium,200,OK,true,102713,139,30,30,9,0,0
1637865922960,192,Medium,200,OK,true,307513,139,30,30,9,0,0
1637865922945,217,Medium,200,OK,true,307513,139,30,30,8,0,0
1637865922887,275,Medium-Large,200,OK,true,512313,139,30,30,8,0,0
1637865922997,183,Medium,200,OK,true,307513,139,30,30,10,0,0
1637865922909,293,Medium-Large,200,OK,true,512313,139,30,30,8,0,0
1637865922924,292,Medium-Large,200,OK,true,512313,139,30,30,7,0,0
1637865923165,55,Small-Medium,200,OK,true,102713,139,30,30,7,0,0
1637865923162,63,Small-Medium,200,OK,true,102713,139,30,30,9,0,0
1637865922889,346,Medium-Large,200,OK,true,512313,139,30,30,9,0,0
1637865923162,78,Small-Medium,200,OK,true,102713,139,30,30,8,0,0
1637865923189,64,Small-Medium,200,OK,true,102713,139,30,30,8,0,0
1637865922155,1118,Large,200,OK,true,1048891,137,30,30,8,0,0
1637865922188,1092,Large,200,OK,true,1048891,137,30,30,9,0,0
1637865922936,344,Medium-Large,200,OK,true,512313,139,30,30,8,0,0
1637865923216,64,Small-Medium,200,OK,true,102713,139,30,30,8,0,0
1637865923038,280,Medium-Large,200,OK,true,512313,139,30,30,8,0,0
1637865923235,83,Small-Medium,200,OK,true,102713,139,30,30,8,0,0
1637865922796,531,Large,200,OK,true,1048891,137,30,30,9,0,0
1637865923285,48,Small-Medium,200,OK,true,102713,139,30,30,9,0,0
1637865923152,181,Medium,200,OK,true,307513,139,30,30,8,0,0
1637865923180,171,Medium,200,OK,true,307513,139,30,30,9,0,0
1637865922792,566,Large,200,OK,true,1048891,137,30,30,9,0,0
1637865923318,41,Small,200,OK,true,51511,138,30,30,10,0,0
1637865923281,82,Small-Medium,200,OK,true,102713,139,30,30,9,0,0
1637865923104,278,Medium-Large,200,OK,true,512313,139,30,30,8,0,0
1637865923327,56,Small-Medium,200,OK,true,102712,139,30,30,8,0,0
1637865923045,350,Medium-Large,200,OK,true,512313,139,30,30,9,0,0
1637865923115,290,Medium-Large,200,OK,true,512313,139,30,30,9,0,0
1637865922844,569,Large,200,OK,true,1048891,137,30,30,8,0,0
1637865923404,27,Small,200,OK,true,51511,138,30,30,8,0,0
1637865923354,84,Small-Medium,200,OK,true,102713,139,30,30,9,0,0
1637865923413,31,Small,200,OK,true,51511,138,30,30,8,0,0
1637865922782,664,Medium-Large,200,OK,true,512277,139,30,30,7,0,0
1637865923429,29,Small,200,OK,true,51511,138,30,30,9,0,0
1637865922864,599,Large,200,OK,true,1048891,137,30,30,8,0,0
1637865923401,70,Small-Medium,200,OK,true,102713,139,30,30,9,0,0
1637865923280,207,Medium,200,OK,true,307513,139,30,30,10,0,0
1637865923351,148,Medium,200,OK,true,307513,139,30,30,8,0,0
1637865922978,535,Large,200,OK,true,1048891,137,30,30,8,0,0
1637865922950,567,Large,200,OK,true,1048891,137,30,30,10,0,0
1637865923382,147,Medium,200,OK,true,307513,139,30,30,10,0,0
1637865923318,254,Medium-Large,200,OK,true,512313,139,30,30,11,0,0
1637865923525,53,Small-Medium,200,OK,true,102713,139,30,30,12,0,0
1637865923529,59,Small-Medium,200,OK,true,102713,139,30,30,11,0,0
1637865922876,734,Large,200,OK,true,1048891,137,30,30,8,0,0
1637865923395,229,Medium,200,OK,true,307513,139,30,30,9,0,0
1637865923522,104,Small-Medium,200,OK,true,102713,139,30,30,11,0,0
1637865922178,1453,Large,200,OK,true,1048890,137,30,30,10,0,0
1637865923499,157,Medium,200,OK,true,307513,139,30,30,9,0,0
1637865923004,679,Large,200,OK,true,1048891,137,30,30,8,0,0
1637865923513,172,Medium,200,OK,true,307513,139,30,30,9,0,0
1637865923447,241,Medium-Large,200,OK,true,512312,139,30,30,9,0,0
1637865923517,173,Medium,200,OK,true,307513,139,30,30,8,0,0
1637865923405,295,Medium-Large,200,OK,true,512313,139,30,30,8,0,0
1637865923463,332,Medium-Large,200,OK,true,512313,139,30,30,8,0,0
1637865923203,615,Large,200,OK,true,1048891,137,30,30,11,0,0
1637865923611,212,Medium,200,OK,true,307513,139,30,30,7,0,0
1637865923795,38,Small,200,OK,true,51511,138,30,30,7,0,0
1637865923624,216,Medium,200,OK,true,307513,139,30,30,9,0,0
1637865923649,191,Medium,200,OK,true,307513,139,30,30,9,0,0
1637865923656,196,Medium,200,OK,true,307513,139,30,30,8,0,0
1637865923641,213,Medium,200,OK,true,307513,139,30,30,9,0,0
1637865923549,309,Medium-Large,200,OK,true,512313,139,30,30,9,0,0
1637865923282,579,Large,200,OK,true,1048891,137,30,30,10,0,0
1637865923534,332,Medium-Large,200,OK,true,512313,139,30,30,9,0,0
1637865923572,299,Medium-Large,200,OK,true,512313,139,30,30,8,0,0
1637865923690,185,Medium,200,OK,true,307513,139,30,30,8,0,0
1637865923859,35,Small,200,OK,true,51511,138,30,30,8,0,0
1637865923684,211,Medium,200,OK,true,307513,139,30,30,8,0,0
1637865923824,80,Small-Medium,200,OK,true,102713,139,30,30,9,0,0
1637865923841,66,Small-Medium,200,OK,true,102713,139,30,30,9,0,0
1637865923840,79,Small-Medium,200,OK,true,102713,139,30,30,9,0,0
1637865923895,31,Small,200,OK,true,51511,138,30,30,8,0,0
1637865923029,900,Large,200,OK,true,1048891,137,30,30,9,0,0
1637865923644,290,Medium-Large,200,OK,true,512313,139,30,30,9,0,0
1637865923335,604,Large,200,OK,true,1048891,137,30,30,9,0,0
1637865923334,624,Large,200,OK,true,1048891,137,30,30,9,0,0
1637865923359,605,Large,200,OK,true,1048891,137,30,30,9,0,0
1637865922891,1082,Large,200,OK,true,1048891,137,30,30,9,0,0
1637865923939,34,Small,200,OK,true,51511,138,30,30,10,0,0
1637865923935,45,Small-Medium,200,OK,true,102713,139,30,30,8,0,0
1637865922627,1363,Large,200,OK,true,1048891,137,30,30,7,0,0
1637865923943,49,Small,200,OK,true,51511,138,30,30,9,0,0
1637865923960,38,Small,200,OK,true,51511,138,30,30,8,0,0
1637865923852,158,Medium,200,OK,true,307513,139,30,30,9,0,0
1637865923958,61,Small-Medium,200,OK,true,102713,139,30,30,9,0,0
1637865923871,155,Medium,200,OK,true,307513,139,30,30,9,0,0
1637865923930,97,Small-Medium,200,OK,true,102713,139,30,30,7,0,0
1637865923866,173,Medium,200,OK,true,307513,139,30,30,10,0,0
1637865924026,25,Small,200,OK,true,51511,138,30,30,8,0,0
1637865923990,67,Small,200,OK,true,51511,138,30,30,9,0,0
1637865924063,42,Small,200,OK,true,51511,138,30,30,9,0,0
1637865924050,57,Small,200,OK,true,51511,138,30,30,13,0,0
1637865924078,38,Small,200,OK,true,51511,138,30,30,8,0,0
1637865923861,256,Medium-Large,200,OK,true,512313,139,30,30,8,0,0
1637865924060,61,Small-Medium,200,OK,true,102713,139,30,30,8,0,0
1637865924015,167,Medium,200,OK,true,307513,139,30,30,9,0,0
1637865923487,696,Large,200,OK,true,1048891,137,30,30,8,0,0
1637865923446,758,Large,200,OK,true,1048892,137,30,30,16,0,8
1637865924179,38,Small,200,OK,true,51511,138,30,30,8,0,0
1637865923475,747,Large,200,OK,true,1048891,137,30,30,8,0,0
1637865923689,540,Large,200,OK,true,1048890,137,30,30,8,0,0
1637865924197,34,Small,200,OK,true,51511,138,30,30,9,0,0
1637865923686,549,Large,200,OK,true,1048891,137,30,30,8,0,0
1637865923979,260,Medium-Large,200,OK,true,512313,139,30,30,8,0,0
1637865924182,68,Small-Medium,200,OK,true,102713,139,30,30,8,0,0
1637865924222,38,Small,200,OK,true,51511,138,30,30,8,0,0
1637865924230,30,Small,200,OK,true,51510,138,30,30,7,0,0
1637865924010,251,Medium-Large,200,OK,true,512313,139,30,30,8,0,0
1637865923700,578,Large,200,OK,true,1048891,137,30,30,8,0,0
1637865924235,53,Small-Medium,200,OK,true,102713,139,30,30,7,0,0
1637865924117,177,Medium,200,OK,true,307513,139,30,30,10,0,0
1637865924146,157,Medium,200,OK,true,307513,139,30,30,8,0,0
1637865924039,273,Medium-Large,200,OK,true,512313,139,30,30,8,0,0
1637865924294,28,Small,200,OK,true,51511,138,30,30,9,0,0
1637865924278,50,Small-Medium,200,OK,true,102713,139,30,30,9,0,0
1637865924312,25,Small,200,OK,true,51511,138,30,30,8,0,0
1637865924302,37,Small,200,OK,true,51511,138,30,30,9,0,0
1637865923818,531,Large,200,OK,true,1048891,137,30,30,8,0,0
1637865924301,55,Small-Medium,200,OK,true,102713,139,30,30,8,0,0
1637865924205,153,Medium,200,OK,true,307513,139,30,30,7,0,0
1637865924356,27,Small,200,OK,true,51511,138,30,30,8,0,0
1637865923875,522,Large,200,OK,true,1048891,137,30,30,8,0,0
1637865924079,320,Medium-Large,200,OK,true,512313,139,30,30,8,0,0
1637865923279,1140,Large,200,OK,true,1048891,137,30,30,9,0,0
1637865923083,1336,Large,200,OK,true,1048891,137,30,30,9,0,0
1637865924170,272,Medium,200,OK,true,307513,139,30,30,8,0,0
1637865923960,484,Large,200,OK,true,1048891,137,30,30,8,0,0
1637865923913,542,Large,200,OK,true,1048891,137,30,30,8,0,0
1637865923974,483,Medium-Large,200,OK,true,512313,139,30,30,8,0,0
1637865924183,293,Medium-Large,200,OK,true,512313,139,30,30,8,0,0
1637865924419,60,Small,200,OK,true,51511,138,30,30,8,0,0
1637865924419,67,Small,200,OK,true,51511,138,30,30,10,0,0
1637865924456,33,Small,200,OK,true,51511,138,30,30,8,0,0
1637865924433,62,Small-Medium,200,OK,true,102713,139,30,30,8,0,0
1637865923965,531,Large,200,OK,true,1048891,137,30,30,7,0,0
1637865924261,240,Medium-Large,200,OK,true,512313,139,30,30,7,0,0
1637865924239,266,Medium-Large,200,OK,true,512313,139,30,30,8,0,0
1637865924444,62,Small-Medium,200,OK,true,102713,139,30,30,8,0,0
1637865924183,324,Medium-Large,200,OK,true,512313,139,30,30,8,0,0
1637865923855,653,Large,200,OK,true,1048891,137,30,30,8,0,0
1637865924457,54,Small,200,OK,true,51511,138,30,30,8,0,0
1637865924349,164,Medium,200,OK,true,307512,139,30,30,8,0,0
1637865924054,459,Large,200,OK,true,1048891,137,30,30,10,0,0
1637865924343,187,Medium,200,OK,true,307513,139,30,30,8,0,0
1637865924303,240,Medium-Large,200,OK,true,512313,139,30,30,9,0,0
1637865924501,45,Small-Medium,200,OK,true,102713,139,30,30,8,0,0
1637865924414,154,Medium,200,OK,true,307513,139,30,30,7,0,0
1637865924397,171,Medium,200,OK,true,307513,139,30,30,17,0,0
1637865924318,255,Medium-Large,200,OK,true,512313,139,30,30,8,0,0
1637865924423,163,Medium,200,OK,true,307513,139,30,30,8,0,0
1637865924350,241,Medium-Large,200,OK,true,512312,139,30,30,8,0,0
1637865924543,51,Small-Medium,200,OK,true,102713,139,30,30,8,0,0
1637865924553,42,Small,200,OK,true,51511,138,30,30,8,0,0
1637865924568,30,Small,200,OK,true,51511,138,30,30,8,0,0
1637865924420,185,Medium,200,OK,true,307513,139,30,30,9,0,0
1637865924539,68,Small,200,OK,true,51511,138,30,30,10,0,0
1637865924565,57,Small-Medium,200,OK,true,102713,139,30,30,9,0,0
1637865924568,54,Small-Medium,200,OK,true,102713,139,30,30,8,0,0
1637865924591,43,Small-Medium,200,OK,true,102712,139,30,30,9,0,0
1637865924514,127,Medium,200,OK,true,307513,139,30,30,8,0,0
1637865924513,141,Medium,200,OK,true,307512,139,30,30,9,0,0
1637865924398,260,Medium-Large,200,OK,true,512313,139,30,30,8,0,0
1637865924605,56,Small-Medium,200,OK,true,102713,139,30,30,8,0,0
1637865924505,163,Medium,200,OK,true,307513,139,30,30,9,0,0
1637865924507,177,Medium,200,OK,true,307513,139,30,30,8,0,0
1637865924663,27,Small,200,OK,true,51510,138,30,30,7,0,0
1637865924673,27,Small,200,OK,true,51511,138,30,30,7,0,0
1637865924476,226,Medium-Large,200,OK,true,512313,139,30,30,10,0,0
1637865923272,1435,Large,200,OK,true,1048891,137,30,30,8,0,0
1637865924659,72,Small,200,OK,true,51511,138,30,30,8,0,0
1637865924496,242,Medium-Large,200,OK,true,512313,139,30,30,8,0,0
1637865924702,62,Small-Medium,200,OK,true,102713,139,30,30,9,0,0
1637865924641,127,Medium,200,OK,true,307513,139,30,30,9,0,0
1637865924725,60,Small-Medium,200,OK,true,102713,139,30,30,8,0,0
1637865924739,55,Small-Medium,200,OK,true,102713,139,30,30,8,0,0
1637865924707,102,Small-Medium,200,OK,true,102713,139,30,30,7,0,0
1637865924654,156,Medium,200,OK,true,307512,139,30,30,8,0,0
1637865924574,247,Medium-Large,200,OK,true,512313,139,30,30,8,0,0
1637865924768,54,Small-Medium,200,OK,true,102713,139,30,30,8,0,0
1637865924508,317,Medium-Large,200,OK,true,512313,139,30,30,8,0,0
1637865924575,254,Medium-Large,200,OK,true,512313,139,30,30,7,0,0
1637865924689,153,Medium,200,OK,true,307513,139,30,30,9,0,0
1637865924810,33,Small,200,OK,true,51510,138,30,30,10,0,0
1637865924822,30,Small,200,OK,true,51511,138,30,30,8,0,0
1637865924843,39,Small,200,OK,true,51511,138,30,30,7,0,0
1637865924359,529,Large,200,OK,true,1048891,137,30,30,9,0,0
1637865924830,62,Small-Medium,200,OK,true,102713,139,30,30,7,0,0
1637865924821,73,Small-Medium,200,OK,true,102713,139,30,30,9,0,0
1637865924779,135,Small-Medium,200,OK,true,102713,139,30,30,8,0,0
1637865924783,138,Medium,200,OK,true,307512,139,30,30,7,0,0
1637865924864,59,Small-Medium,200,OK,true,102713,139,30,30,8,0,0
1637865924685,241,Medium-Large,200,OK,true,512313,139,30,30,10,0,0
1637865924827,113,Small-Medium,200,OK,true,102713,139,30,30,8,0,0
1637865924712,240,Medium-Large,200,OK,true,512312,139,30,30,8,0,0
1637865924688,265,Medium-Large,200,OK,true,512313,139,30,30,9,0,0
1637865924942,61,Small-Medium,200,OK,true,102713,139,30,30,7,0,0
1637865923630,1385,Large,200,OK,true,1048890,137,30,30,10,0,0
1637865924845,186,Medium,200,OK,true,307513,139,30,30,19,0,0
1637865924979,64,Small-Medium,200,OK,true,102713,139,30,30,8,0,0
1637865924399,651,Large,200,OK,true,1048891,137,30,30,11,0,0
1637865924476,587,Large,200,OK,true,1048891,137,30,30,9,0,0
1637865924794,281,Medium-Large,200,OK,true,512312,139,30,30,8,0,0
1637865925015,73,Small,200,OK,true,51510,138,30,30,7,0,0
1637865925050,40,Small,200,OK,true,51511,138,30,30,7,0,0
1637865924953,169,Medium,200,OK,true,307512,139,30,30,8,0,0
1637865924587,546,Large,200,OK,true,1048891,137,30,30,8,0,0
1637865924621,517,Large,200,OK,true,1048891,137,30,30,8,0,0
1637865924111,1043,Large,200,OK,true,1048891,137,30,30,8,0,0
1637865924825,332,Medium-Large,200,OK,true,512313,139,30,30,8,0,0
1637865924442,716,Large,200,OK,true,1048891,137,30,30,6,0,0
1637865925138,33,Small,200,OK,true,51511,138,30,30,9,0,0
1637865925122,63,Small-Medium,200,OK,true,102712,139,30,30,8,0,0
1637865924531,663,Large,200,OK,true,1048891,137,30,30,8,0,0
1637865924658,544,Large,200,OK,true,1048891,137,30,30,8,0,0
1637865925169,39,Small,200,OK,true,51511,138,30,30,8,0,0
1637865925031,187,Medium,200,OK,true,307513,139,30,30,8,0,0
1637865924668,565,Large,200,OK,true,1048891,137,30,30,8,0,0
1637865924942,297,Medium-Large,200,OK,true,512313,139,30,30,8,0,0
1637865924962,284,Medium-Large,200,OK,true,512313,139,30,30,7,0,0
1637865924950,299,Medium-Large,200,OK,true,512313,139,30,30,14,0,0
1637865925075,177,Medium,200,OK,true,307512,139,30,30,8,0,0
1637865925063,207,Medium,200,OK,true,307513,139,30,30,8,0,0
1637865925234,61,Small-Medium,200,OK,true,102713,139,30,30,8,0,0
1637865925270,35,Small,200,OK,true,51511,138,30,30,8,0,0
1637865925253,68,Small-Medium,200,OK,true,102712,139,30,30,9,0,0
1637865924685,637,Large,200,OK,true,1048891,137,30,30,8,0,0
1637865925218,171,Medium,200,OK,true,307513,139,30,30,7,0,0
1637865924887,518,Large,200,OK,true,1048891,137,30,30,9,0,0
1637865925246,179,Medium,200,OK,true,307513,139,30,30,8,0,0
1637865924888,572,Large,200,OK,true,1048891,137,30,30,9,0,0
1637865925154,307,Medium,200,OK,true,307513,139,30,30,10,0,0
1637865924921,556,Large,200,OK,true,1048890,137,30,30,8,0,0
1637865924926,558,Large,200,OK,true,1048891,137,30,30,7,0,0
1637865925203,286,Medium-Large,200,OK,true,512313,139,30,30,8,0,0
1637865925290,206,Medium,200,OK,true,307513,139,30,30,9,0,0
1637865925157,342,Medium-Large,200,OK,true,512313,139,30,30,11,0,0
1637865924914,587,Medium-Large,200,OK,true,512313,139,30,30,8,0,0
1637865925478,29,Small,200,OK,true,51510,138,30,30,8,0,0
1637865925489,37,Small,200,OK,true,51511,138,30,30,8,0,0
1637865924931,601,Large,200,OK,true,1048890,137,30,30,9,0,0
1637865925239,295,Medium-Large,200,OK,true,512313,139,30,30,10,0,0
1637865924953,592,Large,200,OK,true,1048891,137,30,30,10,0,0
1637865925249,304,Medium-Large,200,OK,true,512313,139,30,30,9,0,0
1637865925389,182,Medium,200,OK,true,307513,139,30,30,8,0,0
1637865924577,1005,Large,200,OK,true,1048891,137,30,30,9,0,0
1637865924947,654,Medium-Large,200,OK,true,512313,139,30,30,7,0,0
1637865925534,67,Small-Medium,200,OK,true,102713,139,30,30,10,0,0
1637865925425,191,Medium,200,OK,true,307513,139,30,30,8,0,0
1637865925545,74,Small-Medium,200,OK,true,102713,139,30,30,8,0,0
1637865925062,568,Large,200,OK,true,1048891,137,30,30,8,0,0
1637865925501,155,Small-Medium,200,OK,true,102713,139,30,30,8,0,0
1637865925323,339,Medium-Large,200,OK,true,512313,139,30,30,8,0,0
1637865925601,70,Small,200,OK,true,51511,138,30,30,10,0,0
1637865925617,61,Small-Medium,200,OK,true,102713,139,30,30,8,0,0
1637865925373,307,Medium-Large,200,OK,true,512312,139,30,30,8,0,0
1637865925499,198,Medium,200,OK,true,307513,139,30,30,8,0,0
1637865925405,295,Medium-Large,200,OK,true,512313,139,30,30,8,0,0
1637865925099,606,Large,200,OK,true,1048891,137,30,30,8,0,0
1637865925656,64,Small,200,OK,true,51511,138,30,30,8,0,0
1637865925665,64,Small-Medium,200,OK,true,102713,139,30,30,8,0,0
1637865925391,344,Medium-Large,200,OK,true,512313,139,30,30,8,0,0
1637865925600,147,Medium,200,OK,true,307512,139,30,30,10,0,0
1637865925697,64,Small-Medium,200,OK,true,102713,139,30,30,8,0,0
1637865925460,302,Medium-Large,200,OK,true,512313,139,30,30,8,0,0
1637865925484,281,Medium-Large,200,OK,true,512313,139,30,30,8,0,0
1637865925736,32,Small,200,OK,true,51511,138,30,30,9,0,0
1637865925735,40,Small,200,OK,true,51511,138,30,30,9,0,0
1637865925630,156,Medium,200,OK,true,307513,139,30,30,9,0,0
1637865925134,658,Large,200,OK,true,1048891,137,30,30,9,0,0
1637865925532,279,Medium-Large,200,OK,true,512312,139,30,30,9,0,0
1637865925242,569,Large,200,OK,true,1048855,137,30,30,8,0,0
1637865925762,55,Small-Medium,200,OK,true,102713,139,30,30,9,0,0
1637865925785,37,Small,200,OK,true,51511,138,30,30,8,0,0
1637865924539,1307,Large,200,OK,true,1048891,137,30,30,11,0,0
1637865925496,350,Medium-Large,200,OK,true,512313,139,30,30,9,0,0
1637865925811,36,Small,200,OK,true,51510,138,30,30,10,0,0
1637865925554,293,Medium-Large,200,OK,true,512313,139,30,30,8,0,0
1637865925259,593,Large,200,OK,true,1048891,137,30,30,9,0,0
1637865925158,713,Large,200,OK,true,1048891,137,30,30,10,0,0
1637865925847,30,Small,200,OK,true,51511,138,30,30,11,0,0
1637865925812,72,Small,200,OK,true,51512,138,30,30,16,0,8
1637865925856,31,Small,200,OK,true,51511,138,30,30,8,0,0
1637865925582,308,Medium,200,OK,true,307513,139,30,30,19,0,0
1637865925194,696,Large,200,OK,true,1048891,137,30,30,8,0,0
1637865925765,135,Medium,200,OK,true,307513,139,30,30,8,0,0
1637865925846,66,Small,200,OK,true,51511,138,30,30,11,0,0
1637865925847,65,Small-Medium,200,OK,true,102713,139,30,30,9,0,0
1637865925883,37,Small,200,OK,true,51511,138,30,30,8,0,0
1637865925654,270,Medium-Large,200,OK,true,512313,139,30,30,8,0,0
1637865925354,574,Large,200,OK,true,1048891,137,30,30,7,0,0
1637865925792,156,Medium,200,OK,true,307513,139,30,30,10,0,0
1637865925747,205,Medium-Large,200,OK,true,512312,139,30,30,9,0,0
1637865925901,52,Small-Medium,200,OK,true,102713,139,30,30,9,0,0
1637865925890,66,Small-Medium,200,OK,true,102713,139,30,30,8,0,0
1637865925952,24,Small,200,OK,true,51510,138,30,30,9,0,0
1637865925705,279,Medium-Large,200,OK,true,512312,139,30,30,8,0,0
1637865925461,525,Medium-Large,200,OK,true,512313,139,30,30,8,0,0
1637865925967,36,Small,200,OK,true,51511,138,30,30,9,0,0
1637865925855,166,Medium,200,OK,true,307513,139,30,30,7,0,0
1637865925976,49,Small-Medium,200,OK,true,102713,139,30,30,7,0,0
1637865925721,358,Medium,200,OK,true,307513,139,30,30,9,0,0
1637865925929,156,Medium,200,OK,true,307513,139,30,30,7,0,0
1637865925931,165,Medium,200,OK,true,307512,139,30,30,9,0,0
1637865925932,176,Medium,200,OK,true,307513,139,30,30,8,0,0
1637865925610,508,Large,200,OK,true,1048891,137,30,30,7,0,0
1637865925571,560,Large,200,OK,true,1048891,137,30,30,8,0,0
1637865926079,56,Small,200,OK,true,51511,138,30,30,7,0,0
1637865926073,63,Small-Medium,200,OK,true,102712,139,30,30,5,0,0
1637865926108,32,Small,200,OK,true,51511,138,30,30,7,0,0
1637865925890,260,Medium,200,OK,true,307513,139,30,30,8,0,0
1637865925984,180,Medium,200,OK,true,307512,139,30,30,8,0,0
1637865925906,265,Medium-Large,200,OK,true,512313,139,30,30,8,0,0
1637865926020,175,Medium,200,OK,true,307513,139,30,30,7,0,0
1637865925924,276,Medium-Large,200,OK,true,512313,139,30,30,8,0,0
1637865925700,506,Large,200,OK,true,1048891,137,30,30,9,0,0
1637865926021,193,Medium,200,OK,true,307513,139,30,30,10,0,0
1637865926150,66,Small-Medium,200,OK,true,102713,139,30,30,8,0,0
1637865925680,549,Large,200,OK,true,1048890,137,30,30,7,0,0
1637865926172,62,Small-Medium,200,OK,true,102713,139,30,30,6,0,0
1637865925968,282,Medium-Large,200,OK,true,512313,139,30,30,8,0,0
1637865925986,268,Medium,200,OK,true,307513,139,30,30,8,0,0
1637865926195,67,Small-Medium,200,OK,true,102713,139,30,30,7,0,0
1637865926228,34,Small,200,OK,true,51511,138,30,30,7,0,0
1637865926087,187,Medium,200,OK,true,307513,139,30,30,7,0,0
1637865926199,79,Small-Medium,200,OK,true,102713,139,30,30,8,0,0
1637865926096,186,Medium,200,OK,true,307512,139,30,30,7,0,0
1637865926003,291,Medium-Large,200,OK,true,512313,139,30,30,9,0,0
1637865925787,508,Large,200,OK,true,1048891,137,30,30,8,0,0
1637865925662,634,Large,200,OK,true,1048891,137,30,30,8,0,0
1637865926131,189,Medium,200,OK,true,307513,139,30,30,7,0,0
1637865925776,557,Medium-Large,200,OK,true,512313,139,30,30,8,0,0
1637865926164,182,Medium,200,OK,true,307512,139,30,30,6,0,0
1637865926274,76,Small-Medium,200,OK,true,102713,139,30,30,7,0,0
1637865926320,31,Small,200,OK,true,51511,138,30,30,7,0,0
1637865926255,103,Small-Medium,200,OK,true,102713,139,30,30,7,0,0
1637865926296,75,Small-Medium,200,OK,true,102713,139,30,30,7,0,0
1637865926346,37,Small,200,OK,true,51510,138,30,30,7,0,0
1637865926096,295,Medium-Large,200,OK,true,512313,139,30,30,7,0,0
1637865925852,542,Large,200,OK,true,1048891,137,30,30,8,0,0
1637865926391,34,Small,200,OK,true,51511,138,30,30,8,0,0
1637865925966,464,Medium-Large,200,OK,true,512313,139,30,30,8,0,0
1637865926416,35,Small,200,OK,true,51511,138,30,30,7,0,0
1637865926395,64,Small-Medium,200,OK,true,102713,139,30,30,7,0,0
1637865925817,652,Large,200,OK,true,1048891,137,30,30,9,0,0
1637865925136,1334,Large,200,OK,true,1048890,137,30,30,9,0,0
1637865926430,48,Small,200,OK,true,51511,138,30,30,8,0,0
1637865926296,197,Medium,200,OK,true,307513,139,30,30,18,0,0
1637865926206,288,Medium-Large,200,OK,true,512313,139,30,30,7,0,0
1637865926200,305,Medium-Large,200,OK,true,512313,139,30,30,8,0,0
1637865926469,37,Small,200,OK,true,51511,138,30,30,9,0,0
1637865925871,644,Large,200,OK,true,1048891,137,30,30,8,0,0
1637865926230,291,Medium-Large,200,OK,true,512312,139,30,30,6,0,0
1637865926494,29,Small,200,OK,true,51511,138,30,30,7,0,0
1637865926470,62,Small,200,OK,true,51510,138,30,30,7,0,0
1637865926214,319,Medium-Large,200,OK,true,512313,139,30,30,7,0,0
1637865925948,623,Large,200,OK,true,1048891,137,31,31,8,0,0
1637865926394,177,Medium,200,OK,true,307513,139,31,31,7,0,0
1637865926282,289,Medium-Large,200,OK,true,512277,139,31,31,7,0,0
1637865926536,36,Small,200,OK,true,51511,138,31,31,7,0,0
1637865926511,65,Small-Medium,200,OK,true,102713,139,31,31,8,0,0
1637865926315,267,Medium-Large,200,OK,true,512313,139,31,31,7,0,0
1637865926321,265,Medium,200,OK,true,307513,139,31,31,7,0,0
1637865926571,32,Small,200,OK,true,51511,138,31,31,7,0,0
1637865926533,70,Small-Medium,200,OK,true,102713,139,31,31,8,0,0
1637865926441,170,Medium,200,OK,true,307513,139,31,31,6,0,0
1637865926582,30,Small,200,OK,true,51511,138,31,31,7,0,0
1637865926590,35,Small,200,OK,true,51511,138,31,31,9,0,0
1637865926270,362,Medium-Large,200,OK,true,512313,139,31,31,7,0,0
1637865926611,28,Small,200,OK,true,51511,138,31,31,8,0,0
1637865926348,293,Medium-Large,200,OK,true,512313,139,31,31,11,0,0
1637865926375,276,Medium,200,OK,true,307513,139,31,31,7,0,0
1637865926635,34,Small,200,OK,true,51511,138,31,31,7,0,0
1637865926011,663,Large,200,OK,true,1048891,137,31,31,8,0,0
1637865926085,603,Large,200,OK,true,1048891,137,31,31,7,0,0
1637865926641,58,Small-Medium,200,OK,true,102713,139,31,31,7,0,0
1637865926515,196,Medium,200,OK,true,307513,139,31,31,7,0,0
1637865926118,598,Large,200,OK,true,1048891,137,31,31,7,0,0
1637865926591,131,Small-Medium,200,OK,true,102712,139,31,31,7,0,0
1637865926571,163,Medium,200,OK,true,307513,139,31,31,8,0,0
1637865926706,29,Small,200,OK,true,51511,138,31,31,7,0,0
1637865926193,544,Large,200,OK,true,1048890,137,31,31,7,0,0
1637865926651,93,Small-Medium,200,OK,true,102713,139,31,31,8,0,0
1637865926716,33,Small,200,OK,true,51511,138,31,31,8,0,0
1637865926737,33,Small,200,OK,true,51475,138,31,31,8,0,0
1637865926722,70,Small,200,OK,true,51510,138,31,31,7,0,0
1637865926505,289,Medium-Large,200,OK,true,512313,139,31,31,14,0,0
1637865926521,284,Medium-Large,200,OK,true,512312,139,31,31,8,0,0
1637865926333,491,Medium-Large,200,OK,true,512313,139,31,31,7,0,0
1637865926660,172,Medium,200,OK,true,307513,139,31,31,8,0,0
1637865926806,30,Small,200,OK,true,51510,138,31,31,7,0,0
1637865926560,288,Medium-Large,200,OK,true,512314,139,31,31,20,0,12
1637865926251,601,Large,200,OK,true,1048891,137,31,31,8,0,0
1637865926688,175,Medium,200,OK,true,307513,139,31,31,7,0,0
1637865926586,282,Medium,200,OK,true,307513,139,31,31,7,0,0
1637865926292,587,Large,200,OK,true,1048891,137,31,31,8,0,0
1637865926294,590,Large,200,OK,true,1048891,137,31,31,8,0,0
1637865926848,36,Small,200,OK,true,51511,138,31,31,7,0,0
1637865926846,73,Small,200,OK,true,51510,138,31,31,6,0,0
1637865926852,67,Small-Medium,200,OK,true,102713,139,31,31,7,0,0
1637865926711,211,Medium,200,OK,true,307513,139,31,31,9,0,0
1637865926863,61,Small-Medium,200,OK,true,102713,139,31,31,8,0,0
1637865926884,68,Small-Medium,200,OK,true,102713,139,31,31,8,0,0
1637865926861,94,Small-Medium,200,OK,true,102714,139,31,31,15,0,8
1637865926633,341,Medium-Large,200,OK,true,512313,139,31,31,7,0,0
1637865926929,56,Small-Medium,200,OK,true,102712,139,31,31,7,0,0
1637865926695,297,Medium-Large,200,OK,true,512313,139,31,31,8,0,0
1637865926841,183,Medium,200,OK,true,307513,139,31,31,8,0,0
1637865926976,48,Small,200,OK,true,51511,138,31,31,7,0,0
1637865926467,557,Large,200,OK,true,1048890,137,31,31,7,0,0
1637865926974,56,Small,200,OK,true,51511,138,31,31,7,0,0
1637865926985,47,Small,200,OK,true,51511,138,31,31,13,0,0
1637865926736,305,Medium-Large,200,OK,true,512313,139,31,31,6,0,0
1637865926759,284,Medium-Large,200,OK,true,512313,139,31,31,8,0,0
1637865926992,55,Small,200,OK,true,51511,138,31,31,9,0,0
1637865926879,172,Medium,200,OK,true,307513,139,31,31,8,0,0
1637865926714,355,Medium-Large,200,OK,true,512313,139,31,31,7,0,0
1637865927043,32,Small,200,OK,true,51511,138,31,31,9,0,0
1637865927024,52,Small-Medium,200,OK,true,102713,139,31,31,9,0,0
1637865926571,514,Large,200,OK,true,1048892,137,31,31,14,0,7
1637865927053,60,Small-Medium,200,OK,true,102677,139,31,31,7,0,0
1637865926494,633,Large,200,OK,true,1048891,137,31,31,6,0,0
1637865927100,58,Small-Medium,200,OK,true,102713,139,31,31,10,0,0
1637865926972,189,Medium,200,OK,true,307513,139,31,31,8,0,0
1637865926614,548,Large,200,OK,true,1048891,137,31,31,8,0,0
1637865927098,102,Small-Medium,200,OK,true,102713,139,31,31,9,0,0
1637865927042,161,Medium,200,OK,true,307513,139,31,31,9,0,0
1637865926514,693,Large,200,OK,true,1048891,137,31,31,11,0,0
1637865927147,65,Small-Medium,200,OK,true,102713,139,31,31,8,0,0
1637865927085,139,Medium,200,OK,true,307513,139,31,31,8,0,0
1637865927161,64,Small-Medium,200,OK,true,102713,139,31,31,8,0,0
1637865927203,29,Small,200,OK,true,51511,138,31,31,9,0,0
1637865927207,39,Small,200,OK,true,51511,138,31,31,9,0,0
1637865927224,29,Small,200,OK,true,51511,138,31,31,9,0,0
1637865927224,35,Small,200,OK,true,51511,138,31,31,7,0,0
1637865926735,540,Large,200,OK,true,1048891,137,31,31,6,0,0
1637865926987,295,Medium-Large,200,OK,true,512313,139,31,31,11,0,0
1637865927051,247,Medium-Large,200,OK,true,512313,139,31,31,9,0,0
1637865927168,142,Medium,200,OK,true,307513,139,31,31,9,0,0
1637865927108,205,Medium,200,OK,true,307513,139,31,31,9,0,0
1637865927127,193,Medium,200,OK,true,307513,139,31,31,9,0,0
1637865926658,667,Large,200,OK,true,1048891,137,31,31,7,0,0
1637865926832,498,Large,200,OK,true,1048891,137,31,31,7,0,0
1637865926830,501,Large,200,OK,true,1048891,137,31,31,8,0,0
1637865926775,566,Medium-Large,200,OK,true,512313,139,31,31,7,0,0
1637865927299,46,Small-Medium,200,OK,true,102713,139,31,31,10,0,0
1637865927332,32,Small,200,OK,true,51511,138,31,31,10,0,0
1637865926765,602,Large,200,OK,true,1048891,137,31,31,7,0,0
1637865926794,578,Large,200,OK,true,1048891,137,31,31,7,0,0
1637865926674,719,Large,200,OK,true,1048891,137,31,31,8,0,0
1637865927069,324,Medium-Large,200,OK,true,512313,139,31,31,8,0,0
1637865927348,50,Small-Medium,200,OK,true,102713,139,31,31,8,0,0
1637865927115,290,Medium-Large,200,OK,true,512313,139,31,31,9,0,0
1637865927368,57,Small-Medium,200,OK,true,102713,139,31,31,9,0,0
1637865927272,158,Medium,200,OK,true,307513,139,31,31,9,0,0
1637865927373,59,Small-Medium,200,OK,true,102713,139,31,31,8,0,0
1637865927406,30,Small,200,OK,true,51511,138,31,31,9,0,0
1637865927286,170,Medium,200,OK,true,307513,139,31,31,13,0,0
1637865927341,117,Small-Medium,200,OK,true,102713,139,31,31,16,0,0
1637865927311,153,Medium,200,OK,true,307513,139,31,31,10,0,0
1637865927431,43,Small-Medium,200,OK,true,102713,139,31,31,8,0,0
1637865927325,177,Medium,200,OK,true,307513,139,31,31,10,0,0
1637865927313,201,Medium,200,OK,true,307513,139,31,31,9,0,0
1637865926868,654,Medium-Large,200,OK,true,512313,139,31,31,7,0,0
1637865926824,714,Medium-Large,200,OK,true,512313,139,31,31,7,0,0
1637865927009,532,Large,200,OK,true,1048891,137,31,31,15,0,0
1637865927282,272,Medium-Large,200,OK,true,512313,139,31,31,16,0,0
1637865927515,44,Small,200,OK,true,51511,138,31,31,8,0,0
1637865927332,230,Medium,200,OK,true,307513,139,31,31,10,0,0
1637865927530,36,Small,200,OK,true,51511,138,31,31,10,0,0
1637865927024,557,Large,200,OK,true,1048890,137,31,31,8,0,0
1637865927555,36,Small,200,OK,true,51511,138,31,31,10,0,0
1637865927394,209,Medium,200,OK,true,307513,139,31,31,8,0,0
1637865927542,62,Small-Medium,200,OK,true,102713,139,31,31,9,0,0
1637865927473,142,Medium,200,OK,true,307513,139,31,31,8,0,0
1637865927523,113,Small-Medium,200,OK,true,102713,139,31,31,12,0,0
1637865927603,38,Small,200,OK,true,51511,138,31,31,8,0,0
1637865927582,65,Small-Medium,200,OK,true,102712,139,31,31,8,0,0
1637865927162,487,Large,200,OK,true,1048891,137,31,31,9,0,0
1637865927177,475,Medium-Large,200,OK,true,512314,139,31,31,15,0,8
1637865927424,238,Medium-Large,200,OK,true,512313,139,31,31,8,0,0
1637865927492,172,Medium,200,OK,true,307513,139,31,31,9,0,0
1637865926970,719,Medium-Large,200,OK,true,512312,139,31,31,8,0,0
1637865927653,41,Small,200,OK,true,51511,138,31,31,8,0,0
1637865927667,37,Small,200,OK,true,51511,138,31,31,8,0,0
1637865927394,314,Medium-Large,200,OK,true,512313,139,31,31,9,0,0
1637865927680,52,Small-Medium,200,OK,true,102713,139,31,31,8,0,0
1637865927563,213,Medium,200,OK,true,307513,139,31,31,8,0,0
1637865927276,500,Large,200,OK,true,1048891,137,31,31,8,0,0
1637865927706,74,Small-Medium,200,OK,true,102712,139,31,31,10,0,0
1637865926922,874,Large,200,OK,true,1048891,137,31,31,7,0,0
1637865926551,1248,Large,200,OK,true,1048891,137,31,31,8,0,0
1637865927330,488,Large,200,OK,true,1048891,137,31,31,10,0,0
1637865927615,224,Medium-Large,200,OK,true,512313,139,31,31,8,0,0
1637865927639,201,Medium,200,OK,true,307513,139,31,31,7,0,0
1637865927662,180,Medium,200,OK,true,307513,139,31,31,8,0,0
1637865927503,340,Medium-Large,200,OK,true,512313,139,31,31,8,0,0
1637865927690,155,Small-Medium,200,OK,true,102677,139,31,31,7,0,0
1637865927839,34,Small,200,OK,true,51511,138,31,31,9,0,0
1637865927842,32,Small,200,OK,true,51511,138,31,31,7,0,0
1637865927843,36,Small,200,OK,true,51511,138,31,31,8,0,0
1637865927820,59,Small-Medium,200,OK,true,102713,139,31,31,8,0,0
1637865927328,555,Large,200,OK,true,1048891,137,31,31,9,0,0
1637865927830,72,Small-Medium,200,OK,true,102712,139,31,31,9,0,0
1637865927845,83,Small,200,OK,true,51512,138,31,31,17,0,8
1637865927650,278,Medium-Large,200,OK,true,512313,139,31,31,10,0,0
1637865927349,580,Large,200,OK,true,1048891,137,31,31,8,0,0
1637865927727,211,Medium,200,OK,true,307513,139,31,31,9,0,0
1637865927884,55,Small-Medium,200,OK,true,102713,139,31,31,8,0,0
1637865927777,163,Medium,200,OK,true,307513,139,31,31,7,0,0
1637865927664,286,Medium-Large,200,OK,true,512313,139,31,31,8,0,0
1637865927928,23,Small,200,OK,true,51511,138,31,31,8,0,0
1637865927931,25,Small,200,OK,true,51511,138,31,31,8,0,0
1637865927457,513,Large,200,OK,true,1048891,137,31,31,9,0,0
1637865927777,194,Medium,200,OK,true,307513,139,31,31,8,0,0
1637865927654,319,Medium-Large,200,OK,true,512313,139,31,31,9,0,0
1637865927465,525,Large,200,OK,true,1048891,137,31,31,9,0,0
1637865927968,29,Small,200,OK,true,51511,138,31,31,8,0,0
1637865927971,28,Small,200,OK,true,51511,138,31,31,9,0,0
1637865927320,691,Large,200,OK,true,1048891,137,31,31,15,0,0
1637865927991,24,Small,200,OK,true,51511,138,31,31,9,0,0
1637865927954,61,Small-Medium,200,OK,true,102677,139,31,31,8,0,0
1637865927457,562,Large,200,OK,true,1048891,137,31,31,10,0,0
1637865927797,227,Medium,200,OK,true,307513,139,31,31,8,0,0
1637865927840,206,Medium,200,OK,true,307513,139,31,31,9,0,0
1637865928013,36,Small,200,OK,true,51511,138,31,31,7,0,0
1637865927497,564,Large,200,OK,true,1048891,137,31,31,7,0,0
1637865927791,280,Medium-Large,200,OK,true,512313,139,31,31,9,0,0
1637865928046,57,Small-Medium,200,OK,true,102713,139,31,31,8,0,0
1637865927950,167,Medium,200,OK,true,307513,139,31,31,10,0,0
1637865927555,563,Large,200,OK,true,1048891,137,31,31,10,0,0
1637865928071,58,Small-Medium,200,OK,true,102713,139,31,31,8,0,0
1637865927800,349,Medium,200,OK,true,307513,139,31,31,7,0,0
1637865928115,35,Small,200,OK,true,51511,138,31,31,9,0,0
1637865927973,184,Medium,200,OK,true,307513,139,31,31,8,0,0
1637865928095,63,Small-Medium,200,OK,true,102713,139,31,31,8,0,0
1637865927971,205,Medium,200,OK,true,307513,139,31,31,9,0,0
1637865927539,642,Medium-Large,200,OK,true,512313,139,31,31,9,0,0
1637865928117,66,Small-Medium,200,OK,true,102713,139,31,31,9,0,0
1637865927963,239,Medium-Large,200,OK,true,512313,139,31,31,9,0,0
1637865927940,263,Medium-Large,200,OK,true,512313,139,31,31,7,0,0
1637865927647,560,Medium-Large,200,OK,true,512313,139,31,31,8,0,0
1637865928176,38,Small,200,OK,true,51511,138,31,31,7,0,0
1637865928204,28,Small,200,OK,true,51511,138,31,31,8,0,0
1637865928062,171,Medium,200,OK,true,307513,139,31,31,8,0,0
1637865927222,1014,Large,200,OK,true,1048891,137,31,31,9,0,0
1637865928170,69,Small-Medium,200,OK,true,102713,139,31,31,8,0,0
1637865928234,30,Small,200,OK,true,51511,138,31,31,7,0,0
1637865927938,330,Medium-Large,200,OK,true,512313,139,31,31,8,0,0
1637865928118,179,Medium,200,OK,true,307513,139,31,31,8,0,0
1637865928239,58,Small-Medium,200,OK,true,102713,139,31,31,8,0,0
1637865928207,91,Small-Medium,200,OK,true,102713,139,31,31,8,0,0
1637865928008,291,Medium-Large,200,OK,true,512313,139,31,31,7,0,0
1637865928020,284,Medium-Large,200,OK,true,512313,139,31,31,7,0,0
1637865928237,70,Small-Medium,200,OK,true,102713,139,31,31,10,0,0
1637865928138,187,Medium,200,OK,true,307513,139,31,31,7,0,0
1637865928157,179,Medium,200,OK,true,307513,139,31,31,7,0,0
1637865927803,535,Large,200,OK,true,1048891,137,31,31,7,0,0
1637865928055,289,Medium-Large,200,OK,true,512313,139,31,31,7,0,0
1637865928325,31,Small,200,OK,true,51511,138,31,31,7,0,0
1637865927708,648,Large,200,OK,true,1048891,137,31,31,8,0,0
1637865928328,30,Small,200,OK,true,51511,138,31,31,7,0,0
1637865928299,61,Small-Medium,200,OK,true,102713,139,31,31,8,0,0
1637865928025,342,Medium-Large,200,OK,true,512313,139,31,31,7,0,0
1637865928219,165,Medium,200,OK,true,307513,139,31,31,7,0,0
1637865928091,300,Medium-Large,200,OK,true,512312,139,31,31,8,0,0
1637865928336,66,Small-Medium,200,OK,true,102713,139,31,31,8,0,0
1637865928344,63,Small-Medium,200,OK,true,102713,139,31,31,7,0,0
1637865928384,27,Small,200,OK,true,51511,138,31,31,8,0,0
1637865928078,346,Medium-Large,200,OK,true,512314,139,31,31,16,0,8
1637865928332,96,Small-Medium,200,OK,true,102713,139,31,31,7,0,0
1637865927776,669,Large,200,OK,true,1048891,137,31,31,9,0,0
1637865928269,177,Medium,200,OK,true,307513,139,31,31,7,0,0
1637865928361,89,Small-Medium,200,OK,true,102713,139,31,31,8,0,0
1637865928202,261,Medium-Large,200,OK,true,512313,139,31,31,9,0,0
1637865928297,167,Medium,200,OK,true,307513,139,31,31,7,0,0
1637865928196,276,Medium-Large,200,OK,true,512313,139,31,31,7,0,0
1637865927944,553,Large,200,OK,true,1048891,137,31,31,8,0,0
1637865928301,198,Medium,200,OK,true,307513,139,31,31,8,0,0
1637865928445,70,Small-Medium,200,OK,true,102713,139,31,31,8,0,0
1637865928338,179,Medium,200,OK,true,307513,139,31,31,8,0,0
1637865928452,70,Small-Medium,200,OK,true,102713,139,31,31,8,0,0
1637865928457,69,Small,200,OK,true,51511,138,31,31,8,0,0
1637865928463,63,Small-Medium,200,OK,true,102713,139,31,31,7,0,0
1637865928363,170,Medium,200,OK,true,307513,139,31,31,7,0,0
1637865928465,69,Small-Medium,200,OK,true,102713,139,31,31,7,0,0
1637865928242,294,Medium-Large,200,OK,true,512313,139,31,31,7,0,0
1637865928484,55,Small,200,OK,true,51511,138,31,31,7,0,0
1637865927466,1080,Large,200,OK,true,1048891,137,31,31,8,0,0
1637865928468,78,Small-Medium,200,OK,true,102713,139,31,31,8,0,0
1637865927966,587,Large,200,OK,true,1048891,137,31,31,8,0,0
1637865928181,377,Medium,200,OK,true,307513,139,31,31,8,0,0
1637865928536,26,Small,200,OK,true,51511,138,31,31,8,0,0
1637865928516,50,Small-Medium,200,OK,true,102713,139,31,31,9,0,0
1637865928304,290,Medium-Large,200,OK,true,512313,139,31,31,8,0,0
1637865928052,550,Large,200,OK,true,1048891,137,31,31,6,0,0
1637865928553,53,Small-Medium,200,OK,true,102713,139,31,31,8,0,0
1637865928294,331,Medium-Large,200,OK,true,512313,139,31,31,8,0,0
1637865927969,659,Large,200,OK,true,1048891,137,31,31,8,0,0
1637865928593,38,Small,200,OK,true,51511,138,31,31,7,0,0
1637865928449,196,Medium,200,OK,true,307513,139,31,31,8,0,0
1637865928473,172,Medium,200,OK,true,307513,139,31,31,8,0,0
1637865928358,291,Medium-Large,200,OK,true,512313,139,31,31,7,0,0
1637865928356,319,Medium-Large,200,OK,true,512313,139,31,31,7,0,0
1637865928625,66,Small-Medium,200,OK,true,102713,139,31,31,8,0,0
1637865928534,158,Medium,200,OK,true,307513,139,31,31,7,0,0
1637865928391,306,Medium-Large,200,OK,true,512312,139,31,31,8,0,0
1637865928609,93,Small-Medium,200,OK,true,102713,139,31,31,7,0,0
1637865928423,279,Medium-Large,200,OK,true,512313,139,31,31,7,0,0
1637865928645,63,Small-Medium,200,OK,true,102713,139,31,31,11,0,0
1637865928676,59,Small-Medium,200,OK,true,102713,139,31,31,8,0,0
1637865928702,40,Small,200,OK,true,51511,138,31,31,8,0,0
1637865928676,69,Small-Medium,200,OK,true,102713,139,31,31,7,0,0
1637865928460,291,Medium-Large,200,OK,true,512313,139,31,31,7,0,0
1637865928594,186,Medium,200,OK,true,307513,139,31,31,8,0,0
1637865928751,40,Small,200,OK,true,51511,138,31,31,8,0,0
1637865928628,189,Medium,200,OK,true,307513,139,31,31,8,0,0
1637865928781,37,Small,200,OK,true,51511,138,31,31,8,0,0
1637865928749,79,Small-Medium,200,OK,true,102713,139,31,31,7,0,0
1637865928733,110,Small-Medium,200,OK,true,102713,139,31,31,8,0,0
1637865928589,288,Medium-Large,200,OK,true,512313,139,31,31,7,0,0
1637865928602,276,Medium-Large,200,OK,true,512313,139,31,31,7,0,0
1637865928697,200,Medium,200,OK,true,307512,139,31,31,8,0,0
1637865928717,191,Medium,200,OK,true,307513,139,31,31,7,0,0
1637865928874,51,Small,200,OK,true,51511,138,31,31,8,0,0
1637865928878,65,Small-Medium,200,OK,true,102713,139,31,31,10,0,0
1637865928661,288,Medium-Large,200,OK,true,512313,139,31,31,8,0,0
1637865928827,180,Medium,200,OK,true,307513,139,31,31,9,0,0
1637865928424,594,Large,200,OK,true,1048891,137,31,31,8,0,0
1637865928780,295,Medium-Large,200,OK,true,512313,139,31,31,8,0,0
1637865928498,580,Large,200,OK,true,1048891,137,31,31,17,0,0
1637865928517,570,Large,200,OK,true,1048891,137,31,31,7,0,0
1637865928908,193,Medium,200,OK,true,307513,139,31,31,9,0,0
1637865928897,209,Medium,200,OK,true,307512,139,31,31,7,0,0
1637865928587,526,Large,200,OK,true,1048891,137,31,31,7,0,0
1637865929087,28,Small,200,OK,true,51511,138,31,31,8,0,0
1637865928949,192,Medium,200,OK,true,307513,139,31,31,9,0,0
1637865928576,568,Large,200,OK,true,1048891,137,31,31,7,0,0
1637865928800,346,Medium-Large,200,OK,true,512313,139,31,31,9,0,0
1637865929113,48,Small-Medium,200,OK,true,102713,139,31,31,9,0,0
1637865928446,725,Large,200,OK,true,1048891,137,31,31,8,0,0
1637865929002,173,Medium,200,OK,true,307513,139,31,31,9,0,0
1637865928546,639,Medium-Large,200,OK,true,512313,139,31,31,8,0,0
1637865928632,556,Large,200,OK,true,1048891,137,31,31,6,0,0
1637865928905,292,Medium-Large,200,OK,true,512313,139,31,31,7,0,0
1637865928876,328,Medium-Large,200,OK,true,512313,139,31,31,8,0,0
1637865929175,29,Small,200,OK,true,51511,138,31,31,8,0,0
1637865929188,38,Small,200,OK,true,51511,138,31,31,8,0,0
1637865928499,728,Large,200,OK,true,1048891,137,31,31,17,0,0
1637865929211,28,Small,200,OK,true,51511,138,31,31,15,0,0
1637865928367,898,Large,200,OK,true,1048891,137,31,31,7,0,0
1637865929238,27,Small,200,OK,true,51511,138,31,31,8,0,0
1637865929197,70,Small-Medium,200,OK,true,102713,139,31,31,8,0,0
1637865928693,584,Large,200,OK,true,1048891,137,31,31,7,0,0
1637865928649,629,Large,200,OK,true,1048891,137,31,31,11,0,0
1637865929101,193,Medium,200,OK,true,307513,139,31,31,8,0,0
1637865928570,741,Large,200,OK,true,1048891,137,31,31,8,0,0
1637865929007,307,Medium-Large,200,OK,true,512313,139,31,31,9,0,0
1637865929018,298,Medium-Large,200,OK,true,512313,139,31,31,8,0,0
1637865928997,342,Medium-Large,200,OK,true,512313,139,31,31,8,0,0
1637865929146,196,Medium,200,OK,true,307513,139,31,31,8,0,0
1637865929311,43,Small,200,OK,true,51511,138,31,31,10,0,0
1637865928645,710,Large,200,OK,true,1048891,137,31,31,7,0,0
1637865929294,67,Small-Medium,200,OK,true,102713,139,31,31,9,0,0
1637865929265,97,Small-Medium,200,OK,true,102713,139,31,31,9,0,0
1637865929312,60,Small-Medium,200,OK,true,102713,139,31,31,10,0,0
1637865928800,581,Large,200,OK,true,1048891,137,31,31,9,0,0
1637865928857,527,Medium-Large,200,OK,true,512313,139,31,31,8,0,0
1637865929362,48,Small-Medium,200,OK,true,102713,139,31,31,9,0,0
1637865928149,1287,Large,200,OK,true,1048891,137,31,31,8,0,0
1637865929227,211,Medium,200,OK,true,307513,139,31,31,8,0,0
1637865928818,628,Large,200,OK,true,1048891,137,31,31,8,0,0
1637865929435,45,Small,200,OK,true,51511,138,31,31,9,0,0
1637865929106,374,Medium-Large,200,OK,true,512312,139,31,31,12,0,0
1637865928877,612,Large,200,OK,true,1048891,137,31,31,9,0,0
1637865929322,175,Medium,200,OK,true,307513,139,31,31,9,0,0
1637865929480,40,Small,200,OK,true,51510,138,31,31,10,0,0
1637865929486,36,Small,200,OK,true,51511,138,31,31,10,0,0
1637865929497,32,Small,200,OK,true,51511,138,31,31,8,0,0
1637865929299,254,Medium-Large,200,OK,true,512313,139,31,31,9,0,0
1637865929342,233,Medium,200,OK,true,307513,139,31,31,9,0,0
1637865929278,320,Medium-Large,200,OK,true,512313,139,31,31,8,0,0
1637865929436,162,Medium,200,OK,true,307513,139,31,31,9,0,0
1637865929314,286,Medium-Large,200,OK,true,512313,139,31,31,8,0,0
1637865929559,45,Small,200,OK,true,51511,138,31,31,7,0,0
1637865929336,276,Medium-Large,200,OK,true,512313,139,31,31,8,0,0
1637865929419,198,Medium,200,OK,true,307513,139,31,31,8,0,0
1637865929078,542,Large,200,OK,true,1048891,137,31,31,8,0,0
1637865929075,551,Large,200,OK,true,1048891,137,31,31,8,0,0
1637865929620,36,Small,200,OK,true,51511,138,31,31,10,0,0
1637865929617,41,Small,200,OK,true,51511,138,31,31,11,0,0
1637865929145,538,Large,200,OK,true,1048891,137,31,31,8,0,0
1637865929626,59,Small-Medium,200,OK,true,102713,139,31,31,9,0,0
1637865929340,346,Medium-Large,200,OK,true,512313,139,31,31,10,0,0
1637865929389,303,Medium,200,OK,true,307513,139,31,31,8,0,0
1637865929142,573,Large,200,OK,true,1048891,137,31,31,8,0,0
1637865929355,361,Medium-Large,200,OK,true,512313,139,31,31,8,0,0
1637865928580,1140,Large,200,OK,true,1048891,137,31,31,7,0,0
1637865929553,167,Medium,200,OK,true,307513,139,31,31,9,0,0
1637865929683,65,Small-Medium,200,OK,true,102713,139,31,31,9,0,0
1637865929715,40,Small,200,OK,true,51511,138,31,31,10,0,0
1637865929446,312,Medium-Large,200,OK,true,512313,139,31,31,9,0,0
1637865929598,165,Medium,200,OK,true,307513,139,31,31,9,0,0
1637865929489,282,Medium-Large,200,OK,true,512313,139,31,31,8,0,0
1637865929600,183,Medium,200,OK,true,307513,139,31,31,9,0,0
1637865929720,64,Small-Medium,200,OK,true,102713,139,31,31,10,0,0
1637865929575,211,Medium,200,OK,true,307513,139,31,31,8,0,0
1637865929612,179,Medium,200,OK,true,307513,139,31,31,11,0,0
1637865929605,196,Medium,200,OK,true,307512,139,31,31,9,0,0
1637865929741,60,Small-Medium,200,OK,true,102713,139,31,31,7,0,0
1637865929771,31,Small,200,OK,true,51511,138,31,31,9,0,0
1637865929277,557,Large,200,OK,true,1048891,137,31,31,8,0,0
1637865929801,37,Small,200,OK,true,51510,138,31,31,8,0,0
1637865929204,654,Large,200,OK,true,1048891,137,31,31,22,0,0
1637865929384,490,Medium-Large,200,OK,true,512313,139,31,31,9,0,0
1637865929610,266,Medium-Large,200,OK,true,512313,139,31,31,10,0,0
1637865929171,709,Large,200,OK,true,1048891,137,31,31,9,0,0
1637865928558,1324,Large,200,OK,true,1048891,137,31,31,8,0,0
1637865929686,198,Medium,200,OK,true,307513,139,31,31,10,0,0
1637865929316,590,Large,200,OK,true,1048891,137,31,31,9,0,0
1637865929865,67,Small-Medium,200,OK,true,102713,139,31,31,6,0,0
1637865929749,185,Medium,200,OK,true,307513,139,31,31,9,0,0
1637865929874,69,Small-Medium,200,OK,true,102713,139,31,31,7,0,0
1637865929759,190,Medium,200,OK,true,307513,139,31,31,8,0,0
1637865929381,573,Large,200,OK,true,1048891,137,31,31,9,0,0
1637865929880,74,Small-Medium,200,OK,true,102713,139,31,31,7,0,0
1637865929437,539,Medium-Large,200,OK,true,512313,139,31,31,8,0,0
1637865929783,196,Medium,200,OK,true,307513,139,31,31,7,0,0
1637865929791,192,Medium,200,OK,true,307513,139,31,31,8,0,0
1637865929906,79,Small-Medium,200,OK,true,102713,139,31,31,8,0,0
1637865929834,178,Medium,200,OK,true,307513,139,31,31,8,0,0
1637865929745,287,Medium-Large,200,OK,true,512313,139,31,31,8,0,0
1637865929839,200,Medium,200,OK,true,307513,139,31,31,7,0,0
1637865930004,38,Small,200,OK,true,51511,138,31,31,8,0,0
1637865929692,362,Medium-Large,200,OK,true,512313,139,31,31,9,0,0
1637865929716,340,Medium-Large,200,OK,true,512313,139,31,31,10,0,0
1637865929763,299,Medium-Large,200,OK,true,512313,139,31,31,7,0,0
1637865930013,63,Small-Medium,200,OK,true,102713,139,31,31,8,0,0
1637865930054,38,Small,200,OK,true,51511,138,31,31,8,0,0
1637865930031,75,Small-Medium,200,OK,true,102713,139,31,31,7,0,0
1637865929787,345,Medium-Large,200,OK,true,512313,139,31,31,7,0,0
1637865929439,703,Large,200,OK,true,1048891,137,31,31,8,0,0
1637865929808,344,Medium-Large,200,OK,true,512313,139,31,31,8,0,0
1637865929845,312,Medium-Large,200,OK,true,512313,139,31,31,7,0,0
1637865929876,281,Medium-Large,200,OK,true,512313,139,31,31,10,0,0
1637865929979,183,Medium,200,OK,true,307513,139,31,31,7,0,0
1637865929858,338,Medium-Large,200,OK,true,512313,139,31,31,7,0,0
1637865929896,318,Medium-Large,200,OK,true,512313,139,31,31,7,0,0
1637865929598,631,Large,200,OK,true,1048891,137,31,31,8,0,0
1637865930142,87,Small-Medium,200,OK,true,102713,139,31,31,9,0,0
1637865930039,194,Medium,200,OK,true,307513,139,31,31,7,0,0
1637865929882,362,Medium,200,OK,true,307513,139,31,31,7,0,0
1637865930062,187,Medium,200,OK,true,307513,139,31,31,8,0,0
1637865929622,635,Large,200,OK,true,1048891,137,31,31,9,0,0
1637865930229,32,Small,200,OK,true,51511,138,31,31,9,0,0
1637865930249,34,Small,200,OK,true,51511,138,31,31,7,0,0
1637865929185,1101,Large,200,OK,true,1048891,137,31,31,9,0,0
1637865929720,571,Medium-Large,200,OK,true,512313,139,31,31,9,0,0
1637865929949,344,Medium-Large,200,OK,true,512313,139,31,31,7,0,0
1637865929683,610,Large,200,OK,true,1048891,137,31,31,7,0,0
1637865929983,319,Medium-Large,200,OK,true,512313,139,31,31,7,0,0
1637865929989,341,Medium-Large,200,OK,true,512313,139,31,31,8,0,0
1637865930330,35,Small,200,OK,true,51511,138,31,31,9,0,0
1637865930153,222,Medium,200,OK,true,307513,139,31,31,7,0,0
1637865930291,100,Small-Medium,200,OK,true,102713,139,31,31,8,0,0
1637865930197,207,Medium,200,OK,true,307513,139,31,31,7,0,0
1637865930215,193,Medium,200,OK,true,307513,139,31,31,14,0,0
1637865930353,70,Small-Medium,200,OK,true,102713,139,31,31,7,0,0
1637865930233,201,Medium,200,OK,true,307513,139,31,31,7,0,0
1637865930404,37,Small,200,OK,true,51511,138,31,31,9,0,0
1637865930155,309,Medium-Large,200,OK,true,512313,139,31,31,7,0,0
1637865930294,183,Medium,200,OK,true,307513,139,31,31,8,0,0
1637865930267,213,Medium,200,OK,true,307513,139,31,31,7,0,0
1637865930293,190,Medium,200,OK,true,307513,139,31,31,8,0,0
1637865930128,358,Medium-Large,200,OK,true,512313,139,31,31,8,0,0
1637865930477,32,Small,200,OK,true,51511,138,31,31,8,0,0
1637865930483,37,Small,200,OK,true,51511,138,31,31,7,0,0
1637865930480,41,Small,200,OK,true,51511,138,31,31,8,0,0
1637865930455,68,Small-Medium,200,OK,true,102713,139,31,31,8,0,0
1637865930486,40,Small,200,OK,true,51511,138,31,31,8,0,0
1637865930257,288,Medium-Large,200,OK,true,512313,139,31,31,7,0,0
1637865929935,624,Large,200,OK,true,1048891,137,31,31,6,0,0
1637865929954,620,Large,200,OK,true,1048891,137,31,31,7,0,0
1637865930178,396,Medium-Large,200,OK,true,512313,139,31,31,7,0,0
1637865930408,175,Medium,200,OK,true,307513,139,31,31,8,0,0
1637865930245,350,Medium,200,OK,true,307513,139,31,31,6,0,0
1637865929885,716,Large,200,OK,true,1048891,137,31,31,7,0,0
1637865930583,33,Small,200,OK,true,51511,138,31,31,8,0,0
1637865929925,698,Large,200,OK,true,1048890,137,31,31,8,0,0
1637865930574,60,Small-Medium,200,OK,true,102713,139,31,31,8,0,0
1637865930032,617,Large,200,OK,true,1048891,137,31,31,9,0,0
1637865930574,86,Small-Medium,200,OK,true,102713,139,31,31,8,0,0
1637865930611,80,Small-Medium,200,OK,true,102713,139,31,31,8,0,0
1637865930560,192,Medium,200,OK,true,307513,139,31,31,8,0,0
1637865930157,596,Large,200,OK,true,1048891,137,31,31,9,0,0
1637865930137,616,Large,200,OK,true,1048891,137,31,31,7,0,0
1637865930157,601,Large,200,OK,true,1048891,137,31,31,9,0,0
1637865930056,703,Large,200,OK,true,1048891,137,31,31,8,0,0
1637865930697,66,Small-Medium,200,OK,true,102713,139,31,31,7,0,0
1637865930162,613,Large,200,OK,true,1048891,137,31,31,7,0,0
1637865930753,31,Small,200,OK,true,51511,138,31,31,9,0,0
1637865930753,34,Small,200,OK,true,51511,138,31,31,9,0,0
1637865930753,37,Small,200,OK,true,51511,138,31,31,8,0,0
1637865930601,198,Medium,200,OK,true,307513,139,31,31,7,0,0
1637865930601,213,Medium,200,OK,true,307513,139,31,31,8,0,0
1637865930605,216,Medium,200,OK,true,307513,139,31,31,7,0,0
1637865930735,87,Small-Medium,200,OK,true,102713,139,31,31,7,0,0
1637865930814,33,Small,200,OK,true,51511,138,31,31,7,0,0
1637865930649,199,Medium,200,OK,true,307513,139,31,31,8,0,0
1637865929999,850,Large,200,OK,true,1048891,137,31,31,8,0,0
1637865930132,718,Large,200,OK,true,1048891,137,31,31,8,0,0
1637865930800,56,Small-Medium,200,OK,true,102713,139,31,31,8,0,0
1637865930821,51,Small-Medium,200,OK,true,102713,139,31,31,9,0,0
1637865930414,485,Medium-Large,200,OK,true,512313,139,31,31,7,0,0
1637865930302,615,Large,200,OK,true,1048891,137,31,31,15,0,0
1637865930608,317,Medium-Large,200,OK,true,512313,139,31,31,7,0,0
1637865930899,56,Small,200,OK,true,51511,138,31,31,7,0,0
1637865930759,197,Medium,200,OK,true,307513,139,31,31,8,0,0
1637865930925,34,Small,200,OK,true,51511,138,31,31,9,0,0
1637865930373,599,Large,200,OK,true,1048891,137,31,31,8,0,0
1637865930623,353,Medium-Large,200,OK,true,512277,139,31,31,7,0,0
1637865930938,45,Small,200,OK,true,51511,138,31,31,7,0,0
1637865930595,396,Medium,200,OK,true,307513,139,31,31,8,0,0
1637865930917,78,Small-Medium,200,OK,true,102713,139,31,31,9,0,0
1637865929976,1026,Large,200,OK,true,1048891,137,31,31,11,0,0
1637865930759,267,Medium-Large,200,OK,true,512313,139,31,31,7,0,0
1637865930972,56,Small-Medium,200,OK,true,102713,139,31,31,8,0,0
1637865930435,597,Large,200,OK,true,1048891,137,31,31,7,0,0
1637865930465,613,Large,200,OK,true,1048891,137,31,31,7,0,0
1637865930375,707,Large,200,OK,true,1048891,137,31,31,8,0,0
1637865930477,622,Large,200,OK,true,1048891,137,31,31,8,0,0
1637865931041,65,Small-Medium,200,OK,true,102713,139,31,31,8,0,0
1637865930848,272,Medium-Large,200,OK,true,512313,139,31,31,7,0,0
1637865930945,176,Medium,200,OK,true,307513,139,31,31,8,0,0
1637865930545,608,Large,200,OK,true,1048891,137,31,31,9,0,0
1637865930529,629,Large,200,OK,true,1048891,137,31,31,7,0,0
1637865931096,64,Small-Medium,200,OK,true,102713,139,31,31,8,0,0
1637865931082,91,Small-Medium,200,OK,true,102713,139,31,31,9,0,0
1637865931026,178,Medium,200,OK,true,307513,139,31,31,7,0,0
1637865930579,629,Large,200,OK,true,1048891,137,31,31,7,0,0
1637865930924,290,Medium-Large,200,OK,true,512313,139,31,31,8,0,0
1637865931153,64,Small-Medium,200,OK,true,102713,139,31,31,8,0,0
1637865931050,186,Medium,200,OK,true,307513,139,31,31,8,0,0
1637865931062,204,Medium,200,OK,true,307513,139,31,31,7,0,0
1637865931099,179,Medium,200,OK,true,307513,139,31,31,8,0,0
1637865931003,327,Medium,200,OK,true,307513,139,31,31,6,0,0
1637865930708,625,Large,200,OK,true,1048891,137,31,31,8,0,0
1637865931159,191,Medium,200,OK,true,307513,139,31,31,7,0,0
1637865931276,74,Small-Medium,200,OK,true,102713,139,31,31,9,0,0
1637865930775,607,Large,200,OK,true,1048891,137,31,31,8,0,0
1637865931078,316,Medium-Large,200,OK,true,512313,139,31,31,8,0,0
1637865931333,66,Small-Medium,200,OK,true,102713,139,31,31,9,0,0
1637865931214,190,Medium,200,OK,true,307513,139,31,31,8,0,0
1637865930697,720,Large,200,OK,true,1048891,137,31,31,7,0,0
1637865931120,304,Medium-Large,200,OK,true,512313,139,31,31,8,0,0
1637865931121,320,Medium-Large,200,OK,true,512313,139,31,31,10,0,0
1637865930877,589,Large,200,OK,true,1048891,137,31,31,8,0,0
1637865931394,79,Small-Medium,200,OK,true,102713,139,31,31,7,0,0
1637865930878,601,Large,200,OK,true,1048891,137,31,31,10,0,0
1637865931165,315,Medium-Large,200,OK,true,512313,139,31,31,8,0,0
1637865930877,627,Large,200,OK,true,1048891,137,31,31,8,0,0
1637865930821,693,Large,200,OK,true,1048891,137,31,31,7,0,0
1637865930850,674,Large,200,OK,true,1048891,137,31,31,7,0,0
1637865931220,308,Medium-Large,200,OK,true,512313,139,31,31,7,0,0
1637865930286,1247,Large,200,OK,true,1048891,137,31,31,8,0,0
1637865931504,33,Small,200,OK,true,51511,138,31,31,8,0,0
1637865931481,69,Small-Medium,200,OK,true,102713,139,31,31,8,0,0
1637865931515,40,Small,200,OK,true,51511,138,31,31,7,0,0
1637865930858,702,Large,200,OK,true,1048891,137,31,31,7,0,0
1637865930991,571,Medium-Large,200,OK,true,512313,139,31,31,9,0,0
1637865931236,327,Medium-Large,200,OK,true,512313,139,31,31,8,0,0
1637865931350,215,Medium,200,OK,true,307513,139,31,31,6,0,0
1637865931023,555,Medium-Large,200,OK,true,512313,139,31,31,7,0,0
1637865931402,185,Medium,200,OK,true,307513,139,31,31,8,0,0
1637865931524,71,Small-Medium,200,OK,true,102713,139,31,31,7,0,0
1637865931278,324,Medium-Large,200,OK,true,512313,139,31,31,9,0,0
1637865931424,185,Medium,200,OK,true,307513,139,31,31,19,0,0
1637865931562,52,Small,200,OK,true,51511,138,31,31,8,0,0
1637865931587,35,Small,200,OK,true,51511,138,31,31,8,0,0
1637865931578,46,Small,200,OK,true,51511,138,31,31,7,0,0
1637865931533,94,Small-Medium,200,OK,true,102713,139,31,31,8,0,0
1637865931467,161,Medium,200,OK,true,307513,139,31,31,7,0,0
1637865931032,628,Large,200,OK,true,1048891,137,31,31,8,0,0
1637865930956,707,Large,200,OK,true,1048891,137,31,31,16,0,0
1637865931639,37,Small,200,OK,true,51511,138,31,31,7,0,0
1637865931628,55,Small-Medium,200,OK,true,102713,139,31,31,8,0,0
1637865931649,41,Small,200,OK,true,51511,138,31,31,8,0,0
1637865931519,172,Medium,200,OK,true,307513,139,31,31,7,0,0
1637865931565,173,Medium,200,OK,true,307513,139,31,31,7,0,0
1637865930849,901,Large,200,OK,true,1048891,137,31,31,8,0,0
1637865931479,283,Medium-Large,200,OK,true,512312,139,31,31,7,0,0
1637865931605,178,Medium,200,OK,true,307513,139,31,31,7,0,0
1637865931753,35,Small,200,OK,true,51511,138,31,31,7,0,0
1637865931204,586,Large,200,OK,true,1048891,137,31,31,8,0,0
1637865931738,67,Small-Medium,200,OK,true,102713,139,31,31,7,0,0
1637865931772,36,Small,200,OK,true,51511,138,31,31,8,0,0
1637865931763,49,Small,200,OK,true,51511,138,31,31,17,0,0
1637865931686,134,Small-Medium,200,OK,true,102713,139,31,31,8,0,0
1637865931330,493,Medium-Large,200,OK,true,512313,139,31,31,9,0,0
1637865931750,81,Small-Medium,200,OK,true,102712,139,31,31,7,0,0
1637865931783,60,Small-Medium,200,OK,true,102713,139,31,31,9,0,0
1637865931208,640,Large,200,OK,true,1048891,137,31,31,8,0,0
1637865931692,164,Medium,200,OK,true,307513,139,31,31,7,0,0
1637865931663,193,Medium,200,OK,true,307513,139,31,31,8,0,0
1637865931609,259,Medium-Large,200,OK,true,512313,139,31,31,7,0,0
1637865931560,318,Medium-Large,200,OK,true,512313,139,31,31,7,0,0
1637865931719,162,Medium,200,OK,true,307513,139,31,31,8,0,0
1637865931848,34,Small,200,OK,true,51511,138,31,31,9,0,0
1637865931857,28,Small,200,OK,true,51511,138,31,31,7,0,0
1637865931868,30,Small,200,OK,true,51511,138,31,31,8,0,0
1637865931881,28,Small,200,OK,true,51511,138,31,31,7,0,0
1637865931856,64,Small-Medium,200,OK,true,102713,139,31,31,9,0,0
1637865931266,664,Large,200,OK,true,1048891,137,31,31,8,0,0
1637865931862,71,Small-Medium,200,OK,true,102713,139,31,31,8,0,0
1637865931791,151,Medium,200,OK,true,307513,139,31,31,8,0,0
1637865931660,285,Medium-Large,200,OK,true,512313,139,31,31,8,0,0
1637865931382,576,Large,200,OK,true,1048891,137,31,31,7,0,0
1637865931404,562,Large,200,OK,true,1048891,137,31,31,7,0,0
1637865931441,547,Large,200,OK,true,1048891,137,31,31,7,0,0
1637865931966,37,Small,200,OK,true,51511,138,31,31,10,0,0
1637865931458,565,Large,200,OK,true,1048891,137,31,31,8,0,0
1637865931762,273,Medium-Large,200,OK,true,512312,139,31,31,8,0,0
1637865931979,69,Small-Medium,200,OK,true,102713,139,31,31,8,0,0
1637865931528,553,Large,200,OK,true,1048891,137,31,31,8,0,0
1637865931908,177,Medium,200,OK,true,307513,139,31,31,7,0,0
1637865932081,38,Small,200,OK,true,51511,138,31,31,10,0,0
1637865931417,708,Large,200,OK,true,1048891,137,31,31,8,0,0
1637865931945,183,Medium,200,OK,true,307513,139,31,31,8,0,0
1637865931656,483,Medium-Large,200,OK,true,512313,139,31,31,8,0,0
1637865931877,267,Medium-Large,200,OK,true,512313,139,31,31,7,0,0
1637865931563,590,Large,200,OK,true,1048891,137,31,31,8,0,0
1637865932091,72,Small-Medium,200,OK,true,102713,139,31,31,9,0,0
1637865931602,573,Large,200,OK,true,1048891,137,31,31,8,0,0
1637865931981,201,Medium,200,OK,true,307513,139,31,31,8,0,0
1637865931206,993,Large,200,OK,true,1048891,137,31,31,8,0,0
1637865932129,75,Small-Medium,200,OK,true,102713,139,31,31,7,0,0
1637865932005,204,Medium,200,OK,true,307513,139,31,31,7,0,0
1637865932175,47,Small,200,OK,true,51511,138,31,31,9,0,0
1637865931878,345,Medium-Large,200,OK,true,512313,139,31,31,8,0,0
1637865932023,203,Medium,200,OK,true,307513,139,31,31,8,0,0
1637865931629,598,Large,200,OK,true,1048891,137,31,31,8,0,0
1637865932035,201,Medium,200,OK,true,307512,139,31,31,8,0,0
1637865932209,36,Small,200,OK,true,51511,138,31,31,7,0,0
1637865931958,308,Medium-Large,200,OK,true,512313,139,31,31,9,0,0
1637865932214,52,Small-Medium,200,OK,true,102713,139,31,31,7,0,0
1637865931930,342,Medium-Large,200,OK,true,512313,139,31,31,7,0,0
1637865931874,410,Medium-Large,200,OK,true,512312,139,31,31,7,0,0
1637865932223,62,Small-Medium,200,OK,true,102713,139,31,31,7,0,0
1637865932227,58,Small-Medium,200,OK,true,102713,139,31,31,8,0,0
1637865931973,319,Medium-Large,200,OK,true,512313,139,31,31,8,0,0
1637865931992,302,Medium-Large,200,OK,true,512313,139,31,31,8,0,0
1637865931989,305,Medium-Large,200,OK,true,512313,139,31,31,8,0,0
1637865932226,72,Small-Medium,200,OK,true,102713,139,31,31,7,0,0
1637865932266,60,Small-Medium,200,OK,true,102713,139,31,31,8,0,0
1637865932294,50,Small-Medium,200,OK,true,102713,139,31,31,7,0,0
1637865932294,62,Small-Medium,200,OK,true,102713,139,31,31,8,0,0
1637865932338,31,Small,200,OK,true,51511,138,31,31,8,0,0
1637865932144,235,Medium-Large,200,OK,true,512313,139,31,31,8,0,0
1637865932182,201,Medium,200,OK,true,307513,139,31,31,17,0,0
1637865932104,284,Medium-Large,200,OK,true,512313,139,31,31,8,0,0
1637865931820,574,Medium-Large,200,OK,true,512313,139,31,31,7,0,0
1637865932350,59,Small-Medium,200,OK,true,102713,139,31,31,8,0,0
1637865932379,31,Small,200,OK,true,51511,138,31,31,8,0,0
1637865930977,1436,Large,200,OK,true,1048892,137,31,31,15,0,7
1637865932350,65,Small-Medium,200,OK,true,102713,139,31,31,9,0,0
1637865932252,163,Medium,200,OK,true,307513,139,31,31,6,0,0
1637865932388,33,Small,200,OK,true,51511,138,31,31,7,0,0
1637865932417,28,Small,200,OK,true,51511,138,31,31,7,0,0
1637865932292,170,Medium,200,OK,true,307513,139,31,31,8,0,0
1637865932394,72,Small,200,OK,true,51510,138,31,31,7,0,0
1637865931942,534,Large,200,OK,true,1048891,137,31,31,8,0,0
1637865932333,162,Medium,200,OK,true,307513,139,31,31,8,0,0
1637865932474,33,Small,200,OK,true,51511,138,31,31,8,0,0
1637865932473,36,Small,200,OK,true,51511,138,31,31,8,0,0
1637865932495,30,Small,200,OK,true,51511,138,31,31,8,0,0
1637865931897,629,Large,200,OK,true,1048891,137,31,31,10,0,0
1637865932503,31,Small,200,OK,true,51511,138,31,31,7,0,0
1637865932476,59,Small-Medium,200,OK,true,102713,139,31,31,7,0,0
1637865931886,658,Large,200,OK,true,1048891,137,31,31,7,0,0
1637865932346,214,Medium,200,OK,true,307513,139,32,32,8,0,0
1637865932383,181,Medium,200,OK,true,307513,139,32,32,8,0,0
1637865932541,25,Small,200,OK,true,51511,138,32,32,8,0,0
1637865932299,271,Medium-Large,200,OK,true,512313,139,32,32,10,0,0
1637865932273,303,Medium-Large,200,OK,true,512313,139,32,32,7,0,0
1637865932418,163,Medium,200,OK,true,307513,139,32,32,9,0,0
1637865931986,598,Large,200,OK,true,1048891,137,32,32,8,0,0
1637865932570,34,Small,200,OK,true,51511,138,32,32,9,0,0
1637865932564,53,Small-Medium,200,OK,true,102713,139,32,32,8,0,0
1637865932560,66,Small-Medium,200,OK,true,102713,139,32,32,10,0,0
1637865932085,560,Large,200,OK,true,1048891,137,32,32,7,0,0
1637865932584,66,Small-Medium,200,OK,true,102713,139,32,32,8,0,0
1637865932627,23,Small,200,OK,true,51511,138,32,32,8,0,0
1637865932599,56,Small-Medium,200,OK,true,102713,139,32,32,8,0,0
1637865932599,59,Small-Medium,200,OK,true,102713,139,32,32,9,0,0
1637865932513,153,Medium,200,OK,true,307513,139,32,32,8,0,0
1637865932645,23,Small,200,OK,true,51510,138,32,32,7,0,0
1637865932206,475,Large,200,OK,true,1048890,137,32,32,7,0,0
1637865932561,131,Small-Medium,200,OK,true,102714,139,32,32,16,0,9
1637865932153,541,Large,200,OK,true,1048891,137,32,32,8,0,0
1637865932681,24,Small,200,OK,true,51510,138,32,32,8,0,0
1637865932236,483,Large,200,OK,true,1048890,137,32,32,8,0,0
1637865932669,52,Small-Medium,200,OK,true,102713,139,32,32,9,0,0
1637865932692,32,Small,200,OK,true,51511,138,32,32,8,0,0
1637865932581,150,Medium,200,OK,true,307513,139,32,32,8,0,0
1637865932699,52,Small-Medium,200,OK,true,102713,139,32,32,8,0,0
1637865932692,61,Small-Medium,200,OK,true,102713,139,32,32,8,0,0
1637865932694,60,Small-Medium,200,OK,true,102713,139,32,32,8,0,0
1637865932727,30,Small,200,OK,true,51511,138,32,32,8,0,0
1637865932688,72,Small-Medium,200,OK,true,102713,139,32,32,8,0,0
1637865932755,27,Small-Medium,200,OK,true,102713,139,32,32,7,0,0
1637865932125,672,Large,200,OK,true,1048891,137,32,32,7,0,0
1637865932526,271,Medium-Large,200,OK,true,512313,139,32,32,8,0,0
1637865932773,26,Small,200,OK,true,51510,138,32,32,8,0,0
1637865932598,245,Medium-Large,200,OK,true,512313,139,32,32,12,0,0
1637865932518,334,Medium,200,OK,true,307512,139,32,32,8,0,0
1637865932620,237,Medium-Large,200,OK,true,512313,139,32,32,7,0,0
1637865932731,143,Medium,200,OK,true,307513,139,32,32,9,0,0
1637865932843,31,Small,200,OK,true,51511,138,32,32,8,0,0
1637865932576,303,Medium-Large,200,OK,true,512313,139,32,32,8,0,0
1637865932822,64,Small-Medium,200,OK,true,102713,139,32,32,9,0,0
1637865932821,67,Small-Medium,200,OK,true,102713,139,32,32,7,0,0
1637865932389,518,Large,200,OK,true,1048891,137,32,32,8,0,0
1637865932874,38,Small,200,OK,true,51511,138,32,32,8,0,0
1637865932880,38,Small,200,OK,true,51511,138,32,32,7,0,0
1637865932852,69,Small,200,OK,true,51510,138,32,32,9,0,0
1637865932416,509,Large,200,OK,true,1048891,137,32,32,8,0,0
1637865932667,271,Medium-Large,200,OK,true,512313,139,32,32,7,0,0
1637865932462,477,Large,200,OK,true,1048891,137,32,32,8,0,0
1637865932199,752,Large,200,OK,true,1048891,137,32,32,10,0,0
1637865931701,1257,Large,200,OK,true,1048891,137,32,32,18,0,0
1637865932719,246,Medium-Large,200,OK,true,512312,139,32,32,8,0,0
1637865932810,161,Medium,200,OK,true,307512,139,32,32,8,0,0
1637865932797,176,Medium,200,OK,true,307513,139,32,32,9,0,0
1637865932939,53,Small-Medium,200,OK,true,102713,139,32,32,10,0,0
1637865932797,200,Medium,200,OK,true,307513,139,32,32,8,0,0
1637865932462,538,Large,200,OK,true,1048891,137,32,32,10,0,0
1637865932820,184,Medium,200,OK,true,307513,139,32,32,10,0,0
1637865932712,299,Medium-Large,200,OK,true,512313,139,32,32,8,0,0
1637865932827,186,Medium,200,OK,true,307513,139,32,32,8,0,0
1637865932949,73,Small-Medium,200,OK,true,102713,139,32,32,7,0,0
1637865932856,175,Medium,200,OK,true,307513,139,32,32,8,0,0
1637865932966,67,Small-Medium,200,OK,true,102712,139,32,32,10,0,0
1637865932971,64,Small-Medium,200,OK,true,102713,139,32,32,9,0,0
1637865932997,41,Small,200,OK,true,51511,138,32,32,8,0,0
1637865932973,65,Small-Medium,200,OK,true,102713,139,32,32,7,0,0
1637865932901,159,Medium,200,OK,true,307512,139,32,32,8,0,0
1637865933004,67,Small-Medium,200,OK,true,102713,139,32,32,9,0,0
1637865933013,67,Small-Medium,200,OK,true,102713,139,32,32,13,0,0
1637865933060,29,Small,200,OK,true,51510,138,32,32,8,0,0
1637865932907,184,Medium,200,OK,true,307513,139,32,32,9,0,0
1637865932981,125,Small-Medium,200,OK,true,102712,139,32,32,9,0,0
1637865932939,180,Medium,200,OK,true,307513,139,32,32,9,0,0
1637865933093,33,Small,200,OK,true,51510,138,32,32,9,0,0
1637865931823,1321,Large,200,OK,true,1048891,137,32,32,8,0,0
1637865932816,328,Medium-Large,200,OK,true,512313,139,32,32,8,0,0
1637865932857,289,Medium-Large,200,OK,true,512313,139,32,32,8,0,0
1637865933003,155,Medium,200,OK,true,307513,139,32,32,7,0,0
1637865932284,878,Large,200,OK,true,1048890,137,32,32,7,0,0
1637865933126,38,Small,200,OK,true,51511,138,32,32,7,0,0
1637865933158,31,Small,200,OK,true,51511,138,32,32,7,0,0
1637865933031,161,Medium,200,OK,true,307513,139,32,32,8,0,0
1637865933141,75,Small-Medium,200,OK,true,102713,139,32,32,9,0,0
1637865933162,54,Small,200,OK,true,51510,138,32,32,7,0,0
1637865932544,672,Large,200,OK,true,1048891,137,32,32,8,0,0
1637865932413,820,Medium-Large,200,OK,true,512313,139,32,32,8,0,0
1637865932971,277,Medium-Large,200,OK,true,512312,139,32,32,9,0,0
1637865932726,535,Large,200,OK,true,1048891,137,32,32,8,0,0
1637865932958,306,Medium,200,OK,true,307513,139,32,32,8,0,0
1637865932950,317,Medium-Large,200,OK,true,512313,139,32,32,8,0,0
1637865933101,173,Medium,200,OK,true,307513,139,32,32,7,0,0
1637865933077,197,Medium,200,OK,true,307513,139,32,32,7,0,0
1637865933249,29,Small,200,OK,true,51510,138,32,32,7,0,0
1637865933274,43,Small,200,OK,true,51511,138,32,32,9,0,0
1637865933013,304,Medium-Large,200,OK,true,512313,139,32,32,12,0,0
1637865933267,68,Small-Medium,200,OK,true,102713,139,32,32,8,0,0
1637865933269,71,Small-Medium,200,OK,true,102713,139,32,32,9,0,0
1637865933286,61,Small-Medium,200,OK,true,102713,139,32,32,7,0,0
1637865933066,294,Medium-Large,200,OK,true,512313,139,32,32,8,0,0
1637865932951,418,Medium-Large,200,OK,true,512313,139,32,32,9,0,0
1637865933192,179,Medium,200,OK,true,307513,139,32,32,8,0,0
1637865933222,169,Medium,200,OK,true,307512,139,32,32,7,0,0
1637865933099,297,Medium-Large,200,OK,true,512313,139,32,32,8,0,0
1637865933216,200,Medium,200,OK,true,307513,139,32,32,9,0,0
1637865932883,537,Large,200,OK,true,1048891,137,32,32,7,0,0
1637865933396,38,Small,200,OK,true,51511,138,32,32,8,0,0
1637865933397,37,Small,200,OK,true,51511,138,32,32,8,0,0
1637865933261,179,Medium,200,OK,true,307513,139,32,32,9,0,0
1637865933414,34,Small,200,OK,true,51511,138,32,32,7,0,0
1637865932798,653,Large,200,OK,true,1048891,137,32,32,9,0,0
1637865933416,39,Small,200,OK,true,51511,138,32,32,8,0,0
1637865933420,36,Small,200,OK,true,51511,138,32,32,9,0,0
1637865933403,67,Small-Medium,200,OK,true,102713,139,32,32,8,0,0
1637865932139,1337,Large,200,OK,true,1048891,137,32,32,7,0,0
1637865933188,292,Medium-Large,200,OK,true,512312,139,32,32,7,0,0
1637865933451,35,Small,200,OK,true,51511,138,32,32,10,0,0
1637865932925,562,Large,200,OK,true,1048891,137,32,32,18,0,0
1637865933480,26,Small,200,OK,true,51510,138,32,32,7,0,0
1637865933317,198,Medium,200,OK,true,307513,139,32,32,8,0,0
1637865933487,31,Small,200,OK,true,51511,138,32,32,8,0,0
1637865933371,151,Medium,200,OK,true,307513,139,32,32,8,0,0
1637865933376,149,Medium,200,OK,true,307512,139,32,32,7,0,0
1637865933522,25,Small,200,OK,true,51511,138,32,32,8,0,0
1637865933524,31,Small,200,OK,true,51511,138,32,32,10,0,0
1637865933290,270,Medium,200,OK,true,307512,139,32,32,7,0,0
1637865933000,574,Large,200,OK,true,1048891,137,32,32,7,0,0
1637865933543,49,Small-Medium,200,OK,true,102713,139,32,32,7,0,0
1637865933548,50,Small-Medium,200,OK,true,102713,139,32,32,8,0,0
1637865933369,248,Medium,200,OK,true,307513,139,32,32,8,0,0
1637865933234,398,Medium,200,OK,true,307513,139,32,32,11,0,0
1637865933579,55,Small-Medium,200,OK,true,102712,139,32,32,8,0,0
1637865933561,86,Small-Medium,200,OK,true,102712,139,32,32,6,0,0
1637865933009,651,Large,200,OK,true,1048891,137,32,32,14,0,0
1637865933092,570,Large,200,OK,true,1048891,137,32,32,7,0,0
1637865933395,286,Medium-Large,200,OK,true,512313,139,32,32,8,0,0
1637865933525,159,Medium,200,OK,true,307512,139,32,32,8,0,0
1637865933662,46,Small,200,OK,true,51511,138,32,32,9,0,0
1637865933617,103,Small-Medium,200,OK,true,102713,139,32,32,8,0,0
1637865933119,603,Large,200,OK,true,1048891,137,32,32,8,0,0
1637865933132,592,Large,200,OK,true,1048891,137,32,32,7,0,0
1637865933146,582,Large,200,OK,true,1048891,137,32,32,8,0,0
1637865933531,206,Medium,200,OK,true,307513,139,32,32,8,0,0
1637865933544,200,Medium,200,OK,true,307513,139,32,32,8,0,0
1637865933699,63,Small,200,OK,true,51510,138,32,32,8,0,0
1637865933722,72,Small-Medium,200,OK,true,102713,139,32,32,8,0,0
1637865933728,68,Small-Medium,200,OK,true,102713,139,32,32,8,0,0
1637865933608,195,Medium,200,OK,true,307512,139,32,32,8,0,0
1637865933744,73,Small-Medium,200,OK,true,102713,139,32,32,8,0,0
1637865933515,305,Medium-Large,200,OK,true,512313,139,32,32,8,0,0
1637865933145,677,Large,200,OK,true,1048891,137,32,32,7,0,0
1637865933790,32,Small,200,OK,true,51511,138,32,32,7,0,0
1637865933525,311,Medium-Large,200,OK,true,512313,139,32,32,9,0,0
1637865933652,186,Medium,200,OK,true,307513,139,32,32,7,0,0
1637865933274,569,Large,200,OK,true,1048891,137,32,32,8,0,0
1637865933575,301,Medium-Large,200,OK,true,512313,139,32,32,8,0,0
1637865933264,620,Medium-Large,200,OK,true,512313,139,32,32,7,0,0
1637865933857,37,Small,200,OK,true,51511,138,32,32,8,0,0
1637865933817,91,Small-Medium,200,OK,true,102712,139,32,32,8,0,0
1637865933616,301,Medium-Large,200,OK,true,512313,139,32,32,7,0,0
1637865933360,567,Large,200,OK,true,1048891,137,32,32,8,0,0
1637865933876,68,Small-Medium,200,OK,true,102713,139,32,32,8,0,0
1637865933391,581,Large,200,OK,true,1048890,137,32,32,8,0,0
1637865933650,322,Medium-Large,200,OK,true,512313,139,32,32,8,0,0
1637865933684,299,Medium-Large,200,OK,true,512312,139,32,32,17,0,0
1637865933927,58,Small-Medium,200,OK,true,102713,139,32,32,9,0,0
1637865933917,77,Small-Medium,200,OK,true,102713,139,32,32,8,0,0
1637865933803,192,Medium,200,OK,true,307512,139,32,32,8,0,0
1637865933681,321,Medium-Large,200,OK,true,512313,139,32,32,18,0,0
1637865933661,352,Medium-Large,200,OK,true,512313,139,32,32,7,0,0
1637865933440,587,Large,200,OK,true,1048891,137,32,32,7,0,0
1637865933836,195,Medium,200,OK,true,307513,139,32,32,8,0,0
1637865933839,195,Medium,200,OK,true,307513,139,32,32,8,0,0
1637865933972,69,Small-Medium,200,OK,true,102677,139,32,32,10,0,0
1637865933983,59,Small-Medium,200,OK,true,102712,139,32,32,7,0,0
1637865934014,41,Small,200,OK,true,51511,138,32,32,7,0,0
1637865933738,339,Medium-Large,200,OK,true,512313,139,32,32,6,0,0
1637865933632,449,Medium,200,OK,true,307513,139,32,32,11,0,0
1637865933254,829,Large,200,OK,true,1048891,137,32,32,7,0,0
1637865934027,65,Small-Medium,200,OK,true,102713,139,32,32,9,0,0
1637865934046,66,Small-Medium,200,OK,true,102713,139,32,32,8,0,0
1637865934077,36,Small,200,OK,true,51511,138,32,32,9,0,0
1637865933972,168,Medium,200,OK,true,307513,139,32,32,9,0,0
1637865933843,301,Medium-Large,200,OK,true,512313,139,32,32,8,0,0
1637865933850,311,Medium-Large,200,OK,true,512313,139,32,32,9,0,0
1637865933822,351,Medium-Large,200,OK,true,512313,139,32,32,8,0,0
1637865934112,63,Small-Medium,200,OK,true,102677,139,32,32,7,0,0
1637865933144,1051,Large,200,OK,true,1048891,137,32,32,9,0,0
1637865933745,458,Medium-Large,200,OK,true,512313,139,32,32,10,0,0
1637865933872,332,Medium-Large,200,OK,true,512313,139,32,32,8,0,0
1637865934175,34,Small,200,OK,true,51511,138,32,32,8,0,0
1637865934031,179,Medium,200,OK,true,307513,139,32,32,9,0,0
1637865933918,306,Medium-Large,200,OK,true,512313,139,32,32,8,0,0
1637865934055,173,Medium,200,OK,true,307513,139,32,32,8,0,0
1637865933675,566,Large,200,OK,true,1048891,137,32,32,8,0,0
1637865933109,1145,Large,200,OK,true,1048890,137,32,32,7,0,0
1637865934228,34,Small,200,OK,true,51511,138,32,32,6,0,0
1637865934205,70,Small-Medium,200,OK,true,102713,139,32,32,7,0,0
1637865934205,71,Small-Medium,200,OK,true,102713,139,32,32,8,0,0
1637865934224,67,Small-Medium,200,OK,true,102713,139,32,32,6,0,0
1637865933669,630,Large,200,OK,true,1048891,137,32,32,8,0,0
1637865934002,307,Medium-Large,200,OK,true,512313,139,32,32,8,0,0
1637865934004,318,Medium-Large,200,OK,true,512313,139,32,32,9,0,0
1637865934144,187,Medium,200,OK,true,307513,139,32,32,9,0,0
1637865934034,298,Medium-Large,200,OK,true,512313,139,32,32,8,0,0
1637865934142,197,Medium,200,OK,true,307513,139,32,32,8,0,0
1637865933724,616,Large,200,OK,true,1048891,137,32,32,7,0,0
1637865934309,32,Small,200,OK,true,51511,138,32,32,6,0,0
1637865934162,191,Medium,200,OK,true,307513,139,32,32,8,0,0
1637865934299,66,Small-Medium,200,OK,true,102713,139,32,32,6,0,0
1637865934332,35,Small,200,OK,true,51511,138,32,32,6,0,0
1637865934173,210,Medium,200,OK,true,307513,139,32,32,9,0,0
1637865933707,690,Large,200,OK,true,1048890,137,32,32,7,0,0
1637865934333,69,Small-Medium,200,OK,true,102713,139,32,32,7,0,0
1637865934083,333,Medium-Large,200,OK,true,512312,139,32,32,9,0,0
1637865934353,66,Small-Medium,200,OK,true,102713,139,32,32,6,0,0
1637865934356,65,Small-Medium,200,OK,true,102712,139,32,32,6,0,0
1637865933476,946,Large,200,OK,true,1048891,137,32,32,7,0,0
1637865934140,315,Medium-Large,200,OK,true,512313,139,32,32,8,0,0
1637865934383,74,Small-Medium,200,OK,true,102713,139,32,32,7,0,0
1637865933820,664,Large,200,OK,true,1048891,137,32,32,8,0,0
1637865934100,389,Medium-Large,200,OK,true,512314,139,32,32,16,0,8
1637865934427,63,Small-Medium,200,OK,true,102712,139,32,32,6,0,0
1637865934481,36,Small,200,OK,true,51511,138,32,32,7,0,0
1637865934484,36,Small,200,OK,true,51510,138,32,32,6,0,0
1637865934484,37,Small,200,OK,true,51511,138,32,32,7,0,0
1637865934422,99,Small-Medium,200,OK,true,102713,139,32,32,6,0,0
1637865934460,62,Small-Medium,200,OK,true,102713,139,32,32,7,0,0
1637865934081,441,Medium,200,OK,true,307513,139,32,32,8,0,0
1637865934333,201,Medium,200,OK,true,307513,139,32,32,6,0,0
1637865934461,73,Small-Medium,200,OK,true,102713,139,32,32,10,0,0
1637865934241,294,Medium-Large,200,OK,true,512313,139,32,32,6,0,0
1637865934210,328,Medium-Large,200,OK,true,512313,139,32,32,8,0,0
1637865934353,192,Medium,200,OK,true,307513,139,32,32,6,0,0
1637865934240,327,Medium-Large,200,OK,true,512314,139,32,32,11,0,5
1637865934512,71,Small-Medium,200,OK,true,102713,139,32,32,7,0,0
1637865934195,393,Medium-Large,200,OK,true,512313,139,32,32,8,0,0
1637865934536,55,Small-Medium,200,OK,true,102713,139,32,32,6,0,0
1637865934397,197,Medium,200,OK,true,307512,139,32,32,5,0,0
1637865933995,613,Large,200,OK,true,1048890,137,32,32,9,0,0
1637865933985,626,Large,200,OK,true,1048891,137,32,32,7,0,0
1637865934417,201,Medium,200,OK,true,307512,139,32,32,5,0,0
1637865934322,308,Medium-Large,200,OK,true,512313,139,32,32,5,0,0
1637865934609,32,Small,200,OK,true,51475,138,32,32,6,0,0
1637865934340,308,Medium-Large,200,OK,true,512313,139,32,32,6,0,0
1637865934611,44,Small,200,OK,true,51511,138,32,32,7,0,0
1637865933945,768,Large,200,OK,true,1048890,137,32,32,7,0,0
1637865934640,80,Small-Medium,200,OK,true,102713,139,32,32,7,0,0
1637865934254,467,Medium-Large,200,OK,true,512312,139,32,32,5,0,0
1637865934203,519,Medium-Large,200,OK,true,512313,139,32,32,9,0,0
1637865933884,840,Large,200,OK,true,1048891,137,32,32,8,0,0
1637865934546,191,Medium,200,OK,true,307513,139,32,32,6,0,0
1637865934437,322,Medium-Large,200,OK,true,512313,139,32,32,18,0,0
1637865934724,49,Small,200,OK,true,51511,138,32,32,7,0,0
1637865934588,198,Medium,200,OK,true,307513,139,32,32,7,0,0
1637865934594,196,Medium,200,OK,true,307512,139,32,32,7,0,0
1637865934713,81,Small-Medium,200,OK,true,102677,139,32,32,8,0,0
1637865934155,646,Large,200,OK,true,1048891,137,32,32,7,0,0
1637865934737,68,Small-Medium,200,OK,true,102713,139,32,32,7,0,0
1637865934589,217,Medium,200,OK,true,307513,139,32,32,7,0,0
1637865934489,322,Medium-Large,200,OK,true,512313,139,32,32,6,0,0
1637865934630,204,Medium,200,OK,true,307513,139,32,32,6,0,0
1637865934648,202,Medium,200,OK,true,307513,139,32,32,7,0,0
1637865934538,319,Medium-Large,200,OK,true,512313,139,32,32,7,0,0
1637865934790,71,Small-Medium,200,OK,true,102712,139,32,32,7,0,0
1637865934556,317,Medium-Large,200,OK,true,512312,139,32,32,6,0,0
1637865934534,352,Medium-Large,200,OK,true,512313,139,32,32,7,0,0
1637865934834,68,Small-Medium,200,OK,true,102713,139,32,32,6,0,0
1637865934567,343,Medium-Large,200,OK,true,512313,139,32,32,7,0,0
1637865934850,66,Small-Medium,200,OK,true,102713,139,32,32,7,0,0
1637865934841,85,Small-Medium,200,OK,true,102714,139,32,32,16,0,7
1637865934613,316,Medium-Large,200,OK,true,512312,139,32,32,7,0,0
1637865934739,195,Medium,200,OK,true,307513,139,32,32,8,0,0
1637865934609,332,Medium-Large,200,OK,true,512313,139,32,32,8,0,0
1637865934302,644,Large,200,OK,true,1048891,137,32,32,6,0,0
1637865934918,40,Small,200,OK,true,51510,138,32,32,7,0,0
1637865934663,302,Medium-Large,200,OK,true,512313,139,32,32,7,0,0
1637865934786,188,Medium,200,OK,true,307513,139,32,32,7,0,0
1637865934768,209,Medium,200,OK,true,307513,139,32,32,7,0,0
1637865934550,432,Medium-Large,200,OK,true,512313,139,32,32,8,0,0
1637865934333,659,Large,200,OK,true,1048891,137,32,32,5,0,0
1637865934929,66,Small-Medium,200,OK,true,102712,139,32,32,7,0,0
1637865934962,37,Small,200,OK,true,51510,138,32,32,7,0,0
1637865934978,35,Small,200,OK,true,51511,138,32,32,6,0,0
1637865934339,683,Large,200,OK,true,1048891,137,32,32,6,0,0
1637865934722,323,Medium,200,OK,true,307513,139,32,32,8,0,0
1637865934455,608,Large,200,OK,true,1048891,137,32,32,8,0,0
1637865935046,43,Small,200,OK,true,51510,138,32,32,7,0,0
1637865935058,35,Small,200,OK,true,51510,138,32,32,6,0,0
1637865934886,217,Medium,200,OK,true,307513,139,32,32,7,0,0
1637865934946,182,Medium,200,OK,true,307513,139,32,32,7,0,0
1637865934812,333,Medium-Large,200,OK,true,512313,139,32,32,6,0,0
1637865934965,183,Medium,200,OK,true,307513,139,32,32,7,0,0
1637865935090,69,Small-Medium,200,OK,true,102712,139,32,32,7,0,0
1637865934857,317,Medium-Large,200,OK,true,512313,139,32,32,7,0,0
1637865934969,207,Medium,200,OK,true,307513,139,32,32,8,0,0
1637865935148,32,Small,200,OK,true,51511,138,32,32,7,0,0
1637865935145,50,Small,200,OK,true,51511,138,32,32,7,0,0
1637865934873,322,Medium-Large,200,OK,true,512312,139,32,32,6,0,0
1637865935128,74,Small-Medium,200,OK,true,102713,139,32,32,7,0,0
1637865935176,39,Small,200,OK,true,51511,138,32,32,19,0,0
1637865935195,27,Small,200,OK,true,51510,138,32,32,10,0,0
1637865934721,503,Medium-Large,200,OK,true,512312,139,32,32,7,0,0
1637865934910,329,Medium-Large,200,OK,true,512313,139,32,32,9,0,0
1637865935063,179,Medium,200,OK,true,307513,139,32,32,7,0,0
1637865934974,298,Medium-Large,200,OK,true,512313,139,32,32,7,0,0
1637865934613,671,Large,200,OK,true,1048891,137,32,32,7,0,0
1637865934992,300,Medium-Large,200,OK,true,512313,139,32,32,7,0,0
1637865935257,35,Small,200,OK,true,51511,138,32,32,7,0,0
1637865935276,33,Small,200,OK,true,51511,138,32,32,8,0,0
1637865935273,37,Small,200,OK,true,51511,138,32,32,8,0,0
1637865935045,290,Medium,200,OK,true,307513,139,32,32,7,0,0
1637865935272,63,Small-Medium,200,OK,true,102713,139,32,32,8,0,0
1637865934619,720,Large,200,OK,true,1048890,137,32,32,6,0,0
1637865935315,27,Small,200,OK,true,51510,138,32,32,7,0,0
1637865935022,329,Medium-Large,200,OK,true,512313,139,32,32,7,0,0
1637865935292,60,Small-Medium,200,OK,true,102713,139,32,32,6,0,0
1637865935174,182,Medium,200,OK,true,307513,139,32,32,7,0,0
1637865935304,58,Small-Medium,200,OK,true,102713,139,32,32,7,0,0
1637865934736,635,Large,200,OK,true,1048892,137,32,32,14,0,7
1637865934759,627,Large,200,OK,true,1048891,137,32,32,7,0,0
1637865935242,154,Medium,200,OK,true,307513,139,32,32,8,0,0
1637865935371,28,Small,200,OK,true,51511,138,32,32,8,0,0
1637865934802,603,Large,200,OK,true,1048891,137,32,32,7,0,0
1637865935239,182,Medium,200,OK,true,307513,139,32,32,7,0,0
1637865935104,321,Medium-Large,200,OK,true,512313,139,32,32,6,0,0
1637865935404,32,Small,200,OK,true,51511,138,32,32,8,0,0
1637865935386,64,Small-Medium,200,OK,true,102713,139,32,32,8,0,0
1637865935195,258,Medium-Large,200,OK,true,512312,139,32,32,9,0,0
1637865934864,618,Large,200,OK,true,1048891,137,32,32,8,0,0
1637865934806,681,Large,200,OK,true,1048891,137,32,32,7,0,0
1637865935218,295,Medium-Large,200,OK,true,512312,139,32,32,7,0,0
1637865934982,537,Medium-Large,200,OK,true,512313,139,32,32,6,0,0
1637865934934,591,Large,200,OK,true,1048891,137,32,32,7,0,0
1637865934941,606,Large,200,OK,true,1048891,137,32,32,7,0,0
1637865935399,153,Medium,200,OK,true,307513,139,32,32,7,0,0
1637865935513,40,Small,200,OK,true,51510,138,32,32,10,0,0
1637865935351,210,Medium,200,OK,true,307513,139,32,32,8,0,0
1637865935385,182,Medium,200,OK,true,307513,139,32,32,8,0,0
1637865935553,32,Small,200,OK,true,51511,138,32,32,10,0,0
1637865935284,312,Medium-Large,200,OK,true,512313,139,32,32,7,0,0
1637865935340,256,Medium,200,OK,true,307512,139,32,32,8,0,0
1637865935525,80,Small-Medium,200,OK,true,102713,139,32,32,11,0,0
1637865935547,61,Small-Medium,200,OK,true,102713,139,32,32,11,0,0
1637865935561,48,Small,200,OK,true,51511,138,32,32,11,0,0
1637865935420,199,Medium,200,OK,true,307513,139,32,32,7,0,0
1637865935397,227,Medium-Large,200,OK,true,512313,139,32,32,7,0,0
1637865935532,103,Medium,200,OK,true,307513,139,32,32,11,0,0
1637865935596,41,Small,200,OK,true,51511,138,32,32,11,0,0
1637865935356,296,Medium-Large,200,OK,true,512313,139,32,32,7,0,0
1637865934588,1072,Large,200,OK,true,1048891,137,32,32,6,0,0
1637865935405,258,Medium-Large,200,OK,true,512313,139,32,32,8,0,0
1637865935106,557,Large,200,OK,true,1048891,137,32,32,10,0,0
1637865935500,174,Medium,200,OK,true,307513,139,32,32,9,0,0
1637865935519,156,Small-Medium,200,OK,true,102713,139,32,32,10,0,0
1637865935442,233,Medium-Large,200,OK,true,512312,139,32,32,7,0,0
1637865935652,25,Small,200,OK,true,51511,138,32,32,8,0,0
1637865934977,705,Large,200,OK,true,1048891,137,32,32,7,0,0
1637865935642,46,Small-Medium,200,OK,true,102712,139,32,32,9,0,0
1637865935660,29,Small-Medium,200,OK,true,102713,139,32,32,9,0,0
1637865935676,33,Small,200,OK,true,51510,138,32,32,14,0,0
1637865935653,57,Small-Medium,200,OK,true,102713,139,32,32,9,0,0
1637865935596,114,Small-Medium,200,OK,true,102712,139,32,32,12,0,0
1637865935663,61,Small-Medium,200,OK,true,102713,139,32,32,12,0,0
1637865935625,110,Medium,200,OK,true,307513,139,32,32,8,0,0
1637865935482,257,Medium-Large,200,OK,true,512313,139,32,32,8,0,0
1637865935682,73,Small-Medium,200,OK,true,102713,139,32,32,11,0,0
1637865935335,433,Medium-Large,200,OK,true,512313,139,32,32,7,0,0
1637865935725,59,Small-Medium,200,OK,true,102713,139,32,32,8,0,0
1637865935567,227,Medium-Large,200,OK,true,512313,139,32,32,10,0,0
1637865935488,308,Medium-Large,200,OK,true,512313,139,32,32,6,0,0
1637865935788,27,Small,200,OK,true,51511,138,32,32,9,0,0
1637865935791,41,Small,200,OK,true,51511,138,32,32,10,0,0
1637865935421,413,Medium-Large,200,OK,true,512313,139,32,32,8,0,0
1637865935676,161,Medium,200,OK,true,307513,139,32,32,14,0,0
1637865935796,44,Small,200,OK,true,51511,138,32,32,9,0,0
1637865935768,81,Small-Medium,200,OK,true,102713,139,32,32,8,0,0
1637865935675,178,Medium,200,OK,true,307513,139,32,32,9,0,0
1637865935837,36,Small,200,OK,true,51511,138,32,32,9,0,0
1637865935680,195,Medium-Large,200,OK,true,512312,139,32,32,10,0,0
1637865935688,191,Medium,200,OK,true,307513,139,32,32,9,0,0
1637865935174,709,Large,200,OK,true,1048890,137,32,32,7,0,0
1637865935852,39,Small,200,OK,true,51511,138,32,32,9,0,0
1637865934522,1388,Large,200,OK,true,1048891,137,32,32,7,0,0
1637865935753,182,Medium-Large,200,OK,true,512313,139,32,32,9,0,0
1637865935780,164,Medium,200,OK,true,307513,139,32,32,9,0,0
1637865935664,283,Medium-Large,200,OK,true,512313,139,32,32,10,0,0
1637865935453,502,Large,200,OK,true,1048890,137,32,32,9,0,0
1637865935780,183,Medium,200,OK,true,307513,139,32,32,9,0,0
1637865935936,32,Small,200,OK,true,51511,138,32,32,9,0,0
1637865935879,92,Small-Medium,200,OK,true,102713,139,32,32,8,0,0
1637865935794,182,Medium,200,OK,true,307513,139,32,32,10,0,0
1637865935948,37,Small,200,OK,true,51511,138,32,32,7,0,0
1637865935955,35,Small,200,OK,true,51510,138,32,32,9,0,0
1637865935963,37,Small,200,OK,true,51511,138,32,32,12,0,0
1637865935965,35,Small,200,OK,true,51511,138,32,32,10,0,0
1637865935740,280,Medium-Large,200,OK,true,512313,139,32,32,9,0,0
1637865935803,231,Medium-Large,200,OK,true,512277,139,32,32,9,0,0
1637865935980,57,Small-Medium,200,OK,true,102713,139,32,32,10,0,0
1637865935401,649,Large,200,OK,true,1048891,137,32,32,8,0,0
1637865935834,230,Medium,200,OK,true,307513,139,32,32,10,0,0
1637865935876,190,Medium-Large,200,OK,true,512312,139,32,32,8,0,0
1637865935916,156,Medium-Large,200,OK,true,512313,139,32,32,19,0,0
1637865936021,58,Small-Medium,200,OK,true,102713,139,32,32,9,0,0
1637865936064,19,Small,200,OK,true,51511,138,32,32,8,0,0
1637865935514,578,Large,200,OK,true,1048891,137,32,32,10,0,0
1637865935432,668,Large,200,OK,true,1048891,137,32,32,7,0,0
1637865936008,96,Small-Medium,200,OK,true,102713,139,32,32,8,0,0
1637865934853,1262,Large,200,OK,true,1048891,137,32,32,7,0,0
1637865935853,273,Medium-Large,200,OK,true,512313,139,32,32,10,0,0
1637865936107,39,Small,200,OK,true,51511,138,32,32,10,0,0
1637865936072,115,Medium,200,OK,true,307513,139,32,32,9,0,0
1637865935619,568,Large,200,OK,true,1048891,137,32,32,10,0,0
1637865936148,51,Small,200,OK,true,51511,138,32,32,10,0,0
1637865936187,26,Small,200,OK,true,51511,138,32,32,8,0,0
1637865935426,794,Large,200,OK,true,1048891,137,32,32,7,0,0
1637865936083,145,Medium,200,OK,true,307512,139,32,32,9,0,0
1637865936092,138,Medium,200,OK,true,307513,139,32,32,8,0,0
1637865935883,350,Medium-Large,200,OK,true,512312,139,32,32,9,0,0
1637865936076,180,Medium,200,OK,true,307513,139,32,32,11,0,0
1637865936093,170,Medium,200,OK,true,307513,139,32,32,8,0,0
1637865936093,183,Medium,200,OK,true,307513,139,32,32,9,0,0
1637865936115,163,Small-Medium,200,OK,true,102713,139,32,32,8,0,0
1637865936228,57,Small-Medium,200,OK,true,102712,139,32,32,10,0,0
1637865936230,55,Small-Medium,200,OK,true,102713,139,32,32,8,0,0
1637865935910,376,Medium,200,OK,true,307513,139,32,32,11,0,0
1637865936064,223,Medium,200,OK,true,307513,139,32,32,8,0,0
1637865935896,400,Medium-Large,200,OK,true,512313,139,32,32,9,0,0
1637865936191,109,Medium,200,OK,true,307513,139,32,32,7,0,0
1637865936100,211,Medium,200,OK,true,307513,139,32,32,11,0,0
1637865936296,45,Small,200,OK,true,51511,138,32,32,13,0,0
1637865935675,673,Medium-Large,200,OK,true,512313,139,32,32,11,0,0
1637865936277,71,Small-Medium,200,OK,true,102713,139,32,32,12,0,0
1637865936311,38,Small,200,OK,true,51511,138,32,32,9,0,0
1637865935660,690,Medium-Large,200,OK,true,512313,139,32,32,9,0,0
1637865936320,45,Small-Medium,200,OK,true,102713,139,32,32,9,0,0
1637865936315,51,Small-Medium,200,OK,true,102713,139,32,32,9,0,0
1637865936201,188,Medium-Large,200,OK,true,512313,139,32,32,9,0,0
1637865935769,635,Large,200,OK,true,1048890,137,32,32,10,0,0
1637865936126,278,Medium-Large,200,OK,true,512313,139,32,32,9,0,0
1637865936050,361,Medium-Large,200,OK,true,512313,139,32,32,9,0,0
1637865936276,152,Medium,200,OK,true,307513,139,32,32,8,0,0
1637865936404,37,Small,200,OK,true,51511,138,32,32,10,0,0
1637865936236,212,Medium,200,OK,true,307513,139,32,32,10,0,0
1637865936411,40,Small,200,OK,true,51511,138,32,32,10,0,0
1637865936066,409,Large,200,OK,true,1048890,137,32,32,8,0,0
1637865935919,572,Large,200,OK,true,1048891,137,32,32,16,0,0
1637865936389,106,Medium,200,OK,true,307513,139,32,32,8,0,0
1637865936447,48,Small-Medium,200,OK,true,102713,139,32,32,11,0,0
1637865935944,553,Large,200,OK,true,1048891,137,32,32,7,0,0
1637865936136,365,Medium-Large,200,OK,true,512313,139,32,32,9,0,0
1637865935976,536,Large,200,OK,true,1048891,137,32,32,9,0,0
1637865936357,159,Medium,200,OK,true,307513,139,32,32,9,0,0
1637865936256,286,Medium-Large,200,OK,true,512313,139,32,32,10,0,0
1637865936263,294,Medium-Large,200,OK,true,512312,139,32,32,10,0,0
1637865936501,70,Small-Medium,200,OK,true,102713,139,32,32,7,0,0
1637865936405,182,Medium,200,OK,true,307513,139,32,32,10,0,0
1637865936220,369,Medium-Large,200,OK,true,512313,139,32,32,10,0,0
1637865935935,674,Large,200,OK,true,1048891,137,32,32,9,0,0
1637865936428,185,Medium,200,OK,true,307513,139,32,32,10,0,0
1637865935810,810,Large,200,OK,true,1048891,137,32,32,9,0,0
1637865935224,1403,Large,200,OK,true,1048890,137,32,32,8,0,0
1637865936589,41,Small,200,OK,true,51511,138,32,32,6,0,0
1637865936442,201,Medium,200,OK,true,307513,139,32,32,10,0,0
1637865936587,79,Small-Medium,200,OK,true,102713,139,32,32,7,0,0
1637865936348,326,Medium,200,OK,true,307513,139,32,32,9,0,0
1637865936643,37,Small,200,OK,true,51511,138,32,32,15,0,0
1637865936491,207,Medium,200,OK,true,307513,139,32,32,7,0,0
1637865936425,273,Medium,200,OK,true,307513,139,32,32,10,0,0
1637865936497,205,Medium,200,OK,true,307513,139,32,32,6,0,0
1637865935724,986,Large,200,OK,true,1048890,137,32,32,11,0,0
1637865936629,82,Small-Medium,200,OK,true,102713,139,32,32,7,0,0
1637865936516,202,Medium,200,OK,true,307513,139,32,32,8,0,0
1637865936512,213,Medium,200,OK,true,307513,139,32,32,6,0,0
1637865936404,337,Medium-Large,200,OK,true,512312,139,32,32,9,0,0
1637865936699,43,Small,200,OK,true,51511,138,32,32,7,0,0
1637865936557,199,Medium,200,OK,true,307512,139,32,32,7,0,0
1637865936741,33,Small,200,OK,true,51510,138,32,32,8,0,0
1637865936718,63,Small-Medium,200,OK,true,102713,139,32,32,8,0,0
1637865936439,353,Medium-Large,200,OK,true,512313,139,32,32,10,0,0
1637865936448,349,Medium-Large,200,OK,true,512313,139,32,32,10,0,0
1637865936758,42,Small,200,OK,true,51511,138,32,32,7,0,0
1637865936517,337,Medium-Large,200,OK,true,512313,139,32,32,6,0,0
1637865936797,67,Small-Medium,200,OK,true,102713,139,32,32,8,0,0
1637865936575,304,Medium-Large,200,OK,true,512313,139,32,32,7,0,0
1637865936870,41,Small,200,OK,true,51510,138,32,32,8,0,0
1637865936716,205,Medium,200,OK,true,307513,139,32,32,7,0,0
1637865936710,213,Medium,200,OK,true,307512,139,32,32,8,0,0
1637865936613,320,Medium-Large,200,OK,true,512313,139,32,32,6,0,0
1637865936355,581,Large,200,OK,true,1048890,137,32,32,9,0,0
1637865936827,111,Small-Medium,200,OK,true,102713,139,32,32,7,0,0
1637865936879,61,Small-Medium,200,OK,true,102713,139,32,32,14,0,0
1637865936609,350,Medium-Large,200,OK,true,512313,139,32,32,7,0,0
1637865936923,38,Small,200,OK,true,51510,138,32,32,8,0,0
1637865936771,194,Medium,200,OK,true,307513,139,32,32,8,0,0
1637865936233,737,Large,200,OK,true,1048855,137,32,32,9,0,0
1637865936925,73,Small-Medium,200,OK,true,102713,139,32,32,7,0,0
1637865936959,41,Small,200,OK,true,51511,138,32,32,8,0,0
1637865936034,973,Large,200,OK,true,1048892,137,32,32,19,0,9
1637865936698,310,Medium-Large,200,OK,true,512313,139,32,32,8,0,0
1637865936286,724,Medium-Large,200,OK,true,512313,139,32,32,11,0,0
1637865936287,724,Large,200,OK,true,1048891,137,32,32,9,0,0
1637865936725,301,Medium-Large,200,OK,true,512313,139,32,32,7,0,0
1637865937007,36,Small,200,OK,true,51511,138,32,32,6,0,0
1637865937011,41,Small,200,OK,true,51511,138,32,32,9,0,0
1637865936998,62,Small-Medium,200,OK,true,102677,139,32,32,7,0,0
1637865936475,620,Large,200,OK,true,1048890,137,32,32,9,0,0
1637865937053,42,Small,200,OK,true,51511,138,32,32,8,0,0
1637865936921,180,Medium,200,OK,true,307513,139,32,32,8,0,0
1637865937095,30,Small,200,OK,true,51510,138,32,32,7,0,0
1637865936845,289,Medium-Large,200,OK,true,512313,139,32,32,8,0,0
1637865936854,301,Medium-Large,200,OK,true,512313,139,32,32,7,0,0
1637865936533,638,Large,200,OK,true,1048891,137,32,32,6,0,0
1637865937008,170,Medium,200,OK,true,307513,139,32,32,7,0,0
1637865937126,63,Small,200,OK,true,51512,138,32,32,14,0,7
1637865936542,651,Large,200,OK,true,1048891,137,32,32,5,0,0
1637865937139,69,Small-Medium,200,OK,true,102713,139,32,32,8,0,0
1637865937181,38,Small,200,OK,true,51511,138,32,32,8,0,0
1637865937193,27,Small,200,OK,true,51511,138,32,32,8,0,0
1637865936540,687,Large,200,OK,true,1048891,137,32,32,7,0,0
1637865937227,36,Small,200,OK,true,51511,138,32,32,7,0,0
1637865936278,996,Large,200,OK,true,1048891,137,32,32,9,0,0
1637865937254,34,Small,200,OK,true,51511,138,32,32,7,0,0
1637865936621,681,Large,200,OK,true,1048891,137,32,32,6,0,0
1637865936702,605,Large,200,OK,true,1048891,137,32,32,8,0,0
1637865937026,292,Medium-Large,200,OK,true,512313,139,32,32,8,0,0
1637865937274,51,Small,200,OK,true,51511,138,32,32,7,0,0
1637865936350,985,Large,200,OK,true,1048891,137,32,32,10,0,0
1637865936756,598,Large,200,OK,true,1048890,137,32,32,6,0,0
1637865937178,180,Medium,200,OK,true,307513,139,32,32,7,0,0
1637865937318,71,Small-Medium,200,OK,true,102713,139,32,32,8,0,0
1637865937358,35,Small,200,OK,true,51511,138,32,32,14,0,0
1637865937101,296,Medium-Large,200,OK,true,512313,139,32,32,8,0,0
1637865937051,350,Medium-Large,200,OK,true,512312,139,32,32,8,0,0
1637865936718,684,Large,200,OK,true,1048891,137,32,32,8,0,0
1637865937088,326,Medium-Large,200,OK,true,512313,139,32,32,8,0,0
1637865936792,626,Large,200,OK,true,1048891,137,32,32,7,0,0
1637865937010,408,Medium,200,OK,true,307513,139,32,32,7,0,0
1637865937354,70,Small-Medium,200,OK,true,102712,139,32,32,18,0,0
1637865937397,29,Small,200,OK,true,51511,138,32,32,10,0,0
1637865936955,472,Medium-Large,200,OK,true,512313,139,32,32,7,0,0
1637865937355,72,Small-Medium,200,OK,true,102713,139,32,32,17,0,0
1637865937414,40,Small,200,OK,true,51511,138,32,32,8,0,0
1637865937401,98,Small-Medium,200,OK,true,102677,139,32,32,8,0,0
1637865937427,84,Small-Medium,200,OK,true,102713,139,32,32,11,0,0
1637865937303,209,Medium,200,OK,true,307513,139,32,32,7,0,0
1637865937447,66,Small-Medium,200,OK,true,102713,139,32,32,8,0,0
1637865936933,585,Large,200,OK,true,1048891,137,32,32,8,0,0
1637865936936,598,Large,200,OK,true,1048855,137,32,32,7,0,0
1637865936965,589,Large,200,OK,true,1048890,137,32,32,8,0,0
1637865936894,666,Large,200,OK,true,1048891,137,32,32,9,0,0
1637865937519,64,Small-Medium,200,OK,true,102713,139,32,32,7,0,0
1637865937382,205,Medium,200,OK,true,307513,139,32,32,9,0,0
1637865937418,175,Medium,200,OK,true,307513,139,32,32,8,0,0
1637865937560,41,Small,200,OK,true,51511,138,32,32,9,0,0
1637865937267,343,Medium-Large,200,OK,true,512313,139,32,32,7,0,0
1637865937402,208,Medium,200,OK,true,307513,139,32,32,9,0,0
1637865937529,95,Small,200,OK,true,51512,138,32,32,16,0,8
1637865937322,302,Medium-Large,200,OK,true,512313,139,32,32,7,0,0
1637865937535,91,Small,200,OK,true,51512,138,32,32,16,0,8
1637865937610,39,Small,200,OK,true,51511,138,32,32,14,0,0
1637865937610,45,Small,200,OK,true,51511,138,32,32,15,0,0
1637865937008,659,Large,200,OK,true,1048891,137,32,32,6,0,0
1637865937483,190,Medium,200,OK,true,307513,139,32,32,9,0,0
1637865937135,556,Large,200,OK,true,1048891,137,32,32,8,0,0
1637865937134,559,Large,200,OK,true,1048891,137,32,32,8,0,0
1637865937667,47,Small,200,OK,true,51511,138,32,32,8,0,0
1637865937673,43,Small,200,OK,true,51511,138,32,32,9,0,0
1637865937512,206,Medium,200,OK,true,307513,139,32,32,8,0,0
1637865937693,50,Small-Medium,200,OK,true,102713,139,32,32,8,0,0
1637865937155,589,Large,200,OK,true,1048891,137,32,32,7,0,0
1637865937718,37,Small,200,OK,true,51511,138,32,32,7,0,0
1637865937486,270,Medium-Large,200,OK,true,512313,139,32,32,8,0,0
1637865937482,288,Medium-Large,200,OK,true,512312,139,32,32,8,0,0
1637865937223,548,Large,200,OK,true,1048890,137,32,32,8,0,0
1637865937171,603,Large,200,OK,true,1048891,137,32,32,9,0,0
1637865937740,43,Small,200,OK,true,51511,138,32,32,11,0,0
1637865937554,277,Medium-Large,200,OK,true,512312,139,32,32,7,0,0
1637865937801,32,Small,200,OK,true,51511,138,32,32,8,0,0
1637865937575,284,Medium-Large,200,OK,true,512313,139,32,32,8,0,0
1637865937794,70,Small-Medium,200,OK,true,102713,139,32,32,10,0,0
1637865937831,36,Small,200,OK,true,51510,138,32,32,9,0,0
1637865937821,60,Small-Medium,200,OK,true,102713,139,32,32,10,0,0
1637865936674,1209,Large,200,OK,true,1048891,137,32,32,8,0,0
1637865937847,36,Small,200,OK,true,51511,138,32,32,7,0,0
1637865937588,300,Medium-Large,200,OK,true,512313,139,32,32,9,0,0
1637865937308,598,Large,200,OK,true,1048891,137,32,32,6,0,0
1637865937657,249,Medium,200,OK,true,307513,139,32,32,7,0,0
1637865937624,285,Medium-Large,200,OK,true,512313,139,32,32,9,0,0
1637865937309,610,Large,200,OK,true,1048891,137,32,32,7,0,0
1637865937771,151,Medium,200,OK,true,307512,139,32,32,9,0,0
1637865937771,151,Medium,200,OK,true,307512,139,32,32,12,0,0
1637865937739,185,Medium,200,OK,true,307513,139,32,32,8,0,0
1637865937889,56,Small-Medium,200,OK,true,102713,139,32,32,7,0,0
1637865936627,1328,Large,200,OK,true,1048890,137,32,32,7,0,0
1637865937922,58,Small-Medium,200,OK,true,102712,139,32,32,6,0,0
1637865937949,34,Small,200,OK,true,51511,138,32,32,8,0,0
1637865937959,35,Small,200,OK,true,51510,138,32,32,10,0,0
1637865937883,112,Small-Medium,200,OK,true,102713,139,32,32,9,0,0
1637865937929,68,Small-Medium,200,OK,true,102713,139,32,32,8,0,0
1637865937662,338,Medium,200,OK,true,307513,139,32,32,7,0,0
1637865937555,451,Medium-Large,200,OK,true,512313,139,32,32,8,0,0
1637865937975,37,Small,200,OK,true,51511,138,32,32,8,0,0
1637865937689,324,Medium-Large,200,OK,true,512313,139,32,32,9,0,0
1637865937756,264,Medium-Large,200,OK,true,512313,139,32,32,8,0,0
1637865937859,163,Medium,200,OK,true,307513,139,32,32,8,0,0
1637865937418,610,Medium-Large,200,OK,true,512313,139,32,32,8,0,0
1637865938000,45,Small-Medium,200,OK,true,102713,139,32,32,9,0,0
1637865937868,193,Medium,200,OK,true,307513,139,32,32,7,0,0
1637865937906,160,Medium,200,OK,true,307513,139,32,32,8,0,0
1637865937907,165,Medium,200,OK,true,307513,139,32,32,9,0,0
1637865937526,554,Large,200,OK,true,1048891,137,32,32,8,0,0
1637865938049,36,Small,200,OK,true,51510,138,32,32,9,0,0
1637865937955,131,Small-Medium,200,OK,true,102677,139,32,32,9,0,0
1637865937920,186,Medium,200,OK,true,307513,139,32,32,8,0,0
1637865938081,49,Small,200,OK,true,51511,138,32,32,19,0,0
1637865937924,216,Medium,200,OK,true,307513,139,32,32,11,0,0
1637865937543,618,Large,200,OK,true,1048891,137,32,32,8,0,0
1637865938028,137,Small-Medium,200,OK,true,102713,139,32,32,11,0,0
1637865937691,483,Large,200,OK,true,1048891,137,32,32,9,0,0
1637865938087,91,Small-Medium,200,OK,true,102714,139,32,32,24,0,21
1637865938161,35,Small,200,OK,true,51511,138,32,32,8,0,0
1637865938020,182,Medium,200,OK,true,307513,139,32,32,8,0,0
1637865937647,568,Large,200,OK,true,1048891,137,32,32,8,0,0
1637865938013,205,Medium,200,OK,true,307513,139,32,32,8,0,0
1637865937593,632,Large,200,OK,true,1048891,137,32,32,8,0,0
1637865938072,162,Medium,200,OK,true,307513,139,32,32,8,0,0
1637865938225,42,Small,200,OK,true,51511,138,32,32,8,0,0
1637865938214,53,Small,200,OK,true,51511,138,32,32,9,0,0
1637865938100,167,Medium,200,OK,true,307512,139,32,32,8,0,0
1637865936970,1319,Large,200,OK,true,1048892,137,32,32,14,0,7
1637865938106,186,Medium,200,OK,true,307513,139,32,32,6,0,0
1637865938234,66,Small-Medium,200,OK,true,102713,139,32,32,8,0,0
1637865937744,568,Large,200,OK,true,1048891,137,32,32,10,0,0
1637865938011,311,Medium,200,OK,true,307513,139,32,32,9,0,0
1637865938290,36,Small,200,OK,true,51511,138,32,32,7,0,0
1637865937774,555,Large,200,OK,true,1048891,137,32,32,9,0,0
1637865938140,206,Medium,200,OK,true,307513,139,32,32,7,0,0
1637865938292,68,Small-Medium,200,OK,true,102713,139,32,32,8,0,0
1637865938178,182,Medium,200,OK,true,307512,139,32,32,7,0,0
1637865938066,321,Medium-Large,200,OK,true,512313,139,32,32,9,0,0
1637865938322,71,Small,200,OK,true,51511,138,32,32,8,0,0
1637865938057,354,Medium-Large,200,OK,true,512313,139,32,32,8,0,0
1637865938218,207,Medium,200,OK,true,307513,139,32,32,7,0,0
1637865938411,78,Small-Medium,200,OK,true,102713,139,32,32,10,0,0
1637865937923,572,Large,200,OK,true,1048890,137,32,32,5,0,0
1637865938421,79,Small-Medium,200,OK,true,102713,139,32,32,9,0,0
1637865938450,70,Small,200,OK,true,51511,138,32,32,8,0,0
1637865938215,309,Medium-Large,200,OK,true,512313,139,32,32,8,0,0
1637865937909,616,Large,200,OK,true,1048891,137,32,32,8,0,0
1637865938495,33,Small,200,OK,true,51510,138,32,32,7,0,0
1637865938524,32,Small,200,OK,true,51511,138,32,32,8,0,0
1637865938342,228,Medium,200,OK,true,307513,139,33,33,9,0,0
1637865938165,420,Medium,200,OK,true,307513,139,33,33,10,0,0
1637865938022,609,Large,200,OK,true,1048891,137,33,33,9,0,0
1637865938559,78,Small,200,OK,true,51512,138,33,33,15,0,7
1637865938329,315,Medium-Large,200,OK,true,512313,139,33,33,7,0,0
1637865938623,35,Small,200,OK,true,51475,138,33,33,9,0,0
1637865938361,297,Medium-Large,200,OK,true,512313,139,33,33,17,0,0
1637865937923,741,Large,200,OK,true,1048891,137,33,33,9,0,0
1637865937403,1264,Large,200,OK,true,1048891,137,33,33,9,0,0
1637865938077,601,Large,200,OK,true,1048891,137,33,33,8,0,0
1637865938585,95,Small,200,OK,true,51511,138,33,33,12,0,0
1637865938360,323,Medium-Large,200,OK,true,512277,139,33,33,16,0,0
1637865938652,40,Small,200,OK,true,51511,138,33,33,9,0,0
1637865938289,411,Medium,200,OK,true,307513,139,33,33,8,0,0
1637865938354,353,Medium-Large,200,OK,true,512313,139,33,33,9,0,0
1637865938017,699,Large,200,OK,true,1048891,137,33,33,7,0,0
1637865937335,1383,Large,200,OK,true,1048891,137,33,33,7,0,0
1637865938658,66,Small-Medium,200,OK,true,102713,139,33,33,9,0,0
1637865938128,613,Large,200,OK,true,1048891,137,33,33,8,0,0
1637865938061,702,Large,200,OK,true,1048891,137,33,33,9,0,0
1637865938425,339,Medium-Large,200,OK,true,512313,139,33,33,7,0,0
1637865938700,73,Small,200,OK,true,51511,138,33,33,8,0,0
1637865938174,608,Large,200,OK,true,1048891,137,33,33,9,0,0
1637865938103,685,Large,200,OK,true,1048891,137,33,33,7,0,0
1637865938691,116,Small-Medium,200,OK,true,102713,139,33,33,9,0,0
1637865938631,179,Medium,200,OK,true,307513,139,33,33,9,0,0
1637865938202,610,Large,200,OK,true,1048891,137,33,33,8,0,0
1637865938644,181,Medium,200,OK,true,307513,139,33,33,8,0,0
1637865938755,94,Small,200,OK,true,51512,138,33,33,15,0,7
1637865938763,86,Small-Medium,200,OK,true,102713,139,33,33,7,0,0
1637865938525,331,Medium-Large,200,OK,true,512313,139,33,33,9,0,0
1637865938790,67,Small-Medium,200,OK,true,102713,139,33,33,7,0,0
1637865938208,653,Large,200,OK,true,1048891,137,33,33,8,0,0
1637865938664,212,Medium,200,OK,true,307513,139,33,33,8,0,0
1637865938549,337,Medium-Large,200,OK,true,512313,139,33,33,7,0,0
1637865938539,353,Medium-Large,200,OK,true,512313,139,33,33,8,0,0
1637865938825,72,Small-Medium,200,OK,true,102713,139,33,33,9,0,0
1637865938832,78,Small,200,OK,true,51511,138,33,33,17,0,0
1637865938571,351,Medium-Large,200,OK,true,512313,139,33,33,7,0,0
1637865938267,656,Large,200,OK,true,1048890,137,33,33,9,0,0
1637865938823,103,Small-Medium,200,OK,true,102713,139,33,33,7,0,0
1637865938716,211,Medium,200,OK,true,307513,139,33,33,9,0,0
1637865938312,628,Large,200,OK,true,1048891,137,33,33,8,0,0
1637865938007,943,Large,200,OK,true,1048891,137,33,33,8,0,0
1637865938876,78,Small-Medium,200,OK,true,102713,139,33,33,7,0,0
1637865938886,75,Small-Medium,200,OK,true,102713,139,33,33,12,0,0
1637865938892,69,Small-Medium,200,OK,true,102713,139,33,33,6,0,0
1637865938783,186,Medium,200,OK,true,307513,139,33,33,6,0,0
1637865938923,51,Small-Medium,200,OK,true,102713,139,33,33,11,0,0
1637865938764,211,Medium,200,OK,true,307513,139,33,33,8,0,0
1637865938896,82,Small-Medium,200,OK,true,102713,139,33,33,6,0,0
1637865938684,300,Medium,200,OK,true,307514,139,33,33,14,0,6
1637865938923,73,Small-Medium,200,OK,true,102712,139,33,33,8,0,0
1637865938788,214,Medium,200,OK,true,307513,139,33,33,8,0,0
1637865938927,76,Small-Medium,200,OK,true,102713,139,33,33,7,0,0
1637865938886,122,Small-Medium,200,OK,true,102713,139,33,33,8,0,0
1637865938984,29,Small,200,OK,true,51511,138,33,33,8,0,0
1637865938957,60,Small-Medium,200,OK,true,102713,139,33,33,11,0,0
1637865938856,171,Medium,200,OK,true,307513,139,33,33,7,0,0
1637865938707,329,Medium-Large,200,OK,true,512313,139,33,33,8,0,0
1637865938388,652,Large,200,OK,true,1048891,137,33,33,8,0,0
1637865938741,311,Medium-Large,200,OK,true,512313,139,33,33,8,0,0
1637865938954,104,Small-Medium,200,OK,true,102713,139,33,33,8,0,0
1637865939002,59,Small-Medium,200,OK,true,102713,139,33,33,8,0,0
1637865938346,717,Large,200,OK,true,1048891,137,33,33,8,0,0
1637865939040,38,Small,200,OK,true,51511,138,33,33,11,0,0
1637865939054,30,Small,200,OK,true,51511,138,33,33,7,0,0
1637865938577,513,Medium-Large,200,OK,true,512313,139,33,33,9,0,0
1637865939055,37,Small,200,OK,true,51510,138,33,33,8,0,0
1637865938812,285,Medium-Large,200,OK,true,512313,139,33,33,9,0,0
1637865939059,52,Small,200,OK,true,51511,138,33,33,8,0,0
1637865938417,694,Large,200,OK,true,1048891,137,33,33,7,0,0
1637865939087,50,Small,200,OK,true,51511,138,33,33,7,0,0
1637865939097,60,Small-Medium,200,OK,true,102713,139,33,33,8,0,0
1637865939019,159,Medium,200,OK,true,307513,139,33,33,9,0,0
1637865939008,199,Medium,200,OK,true,307513,139,33,33,7,0,0
1637865939172,36,Small,200,OK,true,51511,138,33,33,8,0,0
1637865938678,531,Large,200,OK,true,1048891,137,33,33,9,0,0
1637865939028,187,Medium,200,OK,true,307513,139,33,33,16,0,0
1637865938667,552,Medium-Large,200,OK,true,512313,139,33,33,8,0,0
1637865939052,169,Medium,200,OK,true,307513,139,33,33,8,0,0
1637865939029,211,Medium,200,OK,true,307513,139,33,33,17,0,0
1637865939230,43,Small,200,OK,true,51511,138,33,33,8,0,0
1637865939064,216,Medium,200,OK,true,307513,139,33,33,7,0,0
1637865939241,41,Small,200,OK,true,51511,138,33,33,7,0,0
1637865939209,74,Small-Medium,200,OK,true,102713,139,33,33,8,0,0
1637865939187,187,Medium,200,OK,true,307513,139,33,33,8,0,0
1637865939374,36,Small,200,OK,true,51511,138,33,33,8,0,0
1637865938784,637,Large,200,OK,true,1048891,137,33,33,9,0,0
1637865939222,202,Medium,200,OK,true,307513,139,33,33,9,0,0
1637865938810,643,Large,200,OK,true,1048891,137,33,33,7,0,0
1637865939421,41,Small,200,OK,true,51511,138,33,33,8,0,0
1637865938861,606,Large,200,OK,true,1048891,137,33,33,8,0,0
1637865939111,372,Medium-Large,200,OK,true,512313,139,33,33,8,0,0
1637865939281,227,Medium,200,OK,true,307513,139,33,33,7,0,0
1637865939483,42,Small,200,OK,true,51511,138,33,33,10,0,0
1637865939187,343,Medium-Large,200,OK,true,512312,139,33,33,8,0,0
1637865938969,575,Large,200,OK,true,1048891,137,33,33,7,0,0
1637865938940,617,Large,200,OK,true,1048891,137,33,33,7,0,0
1637865939508,52,Small,200,OK,true,51511,138,33,33,8,0,0
1637865939362,210,Medium,200,OK,true,307513,139,33,33,7,0,0
1637865939207,382,Medium-Large,200,OK,true,512313,139,33,33,7,0,0
1637865939554,37,Small,200,OK,true,51511,138,33,33,8,0,0
1637865939557,40,Small,200,OK,true,51511,138,33,33,9,0,0
1637865939216,391,Medium-Large,200,OK,true,512313,139,33,33,8,0,0
1637865938922,705,Large,200,OK,true,1048891,137,33,33,9,0,0
1637865939425,207,Medium,200,OK,true,307513,139,33,33,8,0,0
1637865939453,203,Medium,200,OK,true,307513,139,33,33,9,0,0
1637865939341,319,Medium-Large,200,OK,true,512313,139,33,33,8,0,0
1637865939632,73,Small-Medium,200,OK,true,102713,139,33,33,7,0,0
1637865938975,731,Large,200,OK,true,1048891,137,33,33,9,0,0
1637865939686,43,Small,200,OK,true,51511,138,33,33,7,0,0
1637865939037,698,Large,200,OK,true,1048891,137,33,33,12,0,0
1637865939373,367,Medium-Large,200,OK,true,512313,139,33,33,8,0,0
1637865939018,725,Large,200,OK,true,1048891,137,33,33,8,0,0
1637865939089,667,Large,200,OK,true,1048891,137,33,33,7,0,0
1637865939735,40,Small,200,OK,true,51511,138,33,33,9,0,0
1637865939025,759,Large,200,OK,true,1048891,137,33,33,12,0,0
1637865939115,692,Large,200,OK,true,1048891,137,33,33,9,0,0
1637865939507,312,Medium-Large,200,OK,true,512313,139,33,33,7,0,0
1637865939744,81,Small-Medium,200,OK,true,102713,139,33,33,8,0,0
1637865939784,43,Small,200,OK,true,51511,138,33,33,8,0,0
1637865939740,89,Small-Medium,200,OK,true,102713,139,33,33,11,0,0
1637865938718,1130,Large,200,OK,true,1048891,137,33,33,9,0,0
1637865939178,681,Large,200,OK,true,1048891,137,33,33,8,0,0
1637865939656,205,Medium,200,OK,true,307513,139,33,33,8,0,0
1637865939627,236,Medium,200,OK,true,307513,139,33,33,8,0,0
1637865939530,342,Medium-Large,200,OK,true,512277,139,33,33,9,0,0
1637865939807,65,Small-Medium,200,OK,true,102713,139,33,33,8,0,0
1637865939219,659,Medium-Large,200,OK,true,512313,139,33,33,8,0,0
1637865939135,746,Large,200,OK,true,1048891,137,33,33,8,0,0
1637865939818,65,Small-Medium,200,OK,true,102713,139,33,33,9,0,0
1637865939859,35,Small,200,OK,true,51511,138,33,33,8,0,0
1637865939191,716,Large,200,OK,true,1048891,137,33,33,7,0,0
1637865939881,37,Small,200,OK,true,51511,138,33,33,8,0,0
1637865939706,221,Medium,200,OK,true,307513,139,33,33,9,0,0
1637865938950,1003,Large,200,OK,true,1048891,137,33,33,8,0,0
1637865939661,295,Medium-Large,200,OK,true,512313,139,33,33,7,0,0
1637865939218,741,Large,200,OK,true,1048891,137,33,33,8,0,0
1637865939848,111,Small-Medium,200,OK,true,102713,139,33,33,9,0,0
1637865939872,92,Small-Medium,200,OK,true,102713,139,33,33,9,0,0
1637865939615,358,Medium-Large,200,OK,true,512313,139,33,33,9,0,0
1637865939304,681,Large,200,OK,true,1048891,137,33,33,8,0,0
1637865939956,31,Small,200,OK,true,51511,138,33,33,9,0,0
1637865939690,307,Medium-Large,200,OK,true,512313,139,33,33,7,0,0
1637865939878,122,Small-Medium,200,OK,true,102713,139,33,33,8,0,0
1637865939927,74,Small-Medium,200,OK,true,102713,139,33,33,8,0,0
1637865939953,54,Small,200,OK,true,51511,138,33,33,10,0,0
1637865939950,66,Small-Medium,200,OK,true,102713,139,33,33,9,0,0
1637865939872,153,Small-Medium,200,OK,true,102714,139,33,33,16,0,8
1637865940003,44,Small,200,OK,true,51511,138,33,33,9,0,0
1637865939973,80,Small-Medium,200,OK,true,102713,139,33,33,9,0,0
1637865939867,199,Medium,200,OK,true,307513,139,33,33,7,0,0
1637865939756,320,Medium-Large,200,OK,true,512313,139,33,33,9,0,0
1637865940025,73,Small,200,OK,true,51511,138,33,33,7,0,0
1637865939819,283,Medium-Large,200,OK,true,512313,139,33,33,8,0,0
1637865939907,204,Medium,200,OK,true,307513,139,33,33,9,0,0
1637865940011,121,Small-Medium,200,OK,true,102713,139,33,33,8,0,0
1637865940076,71,Small-Medium,200,OK,true,102713,139,33,33,8,0,0
1637865939468,680,Large,200,OK,true,1048891,137,33,33,9,0,0
1637865939544,611,Large,200,OK,true,1048891,137,33,33,8,0,0
1637865939861,315,Medium-Large,200,OK,true,512313,139,33,33,9,0,0
1637865940136,42,Small,200,OK,true,51511,138,33,33,9,0,0
1637865939985,202,Medium,200,OK,true,307513,139,33,33,8,0,0
1637865940086,105,Small-Medium,200,OK,true,102713,139,33,33,8,0,0
1637865940105,87,Small-Medium,200,OK,true,102713,139,33,33,9,0,0
1637865938716,1499,Large,200,OK,true,1048891,137,33,33,10,0,0
1637865939863,354,Medium-Large,200,OK,true,512313,139,33,33,8,0,0
1637865939572,654,Large,200,OK,true,1048891,137,33,33,8,0,0
1637865940148,79,Small-Medium,200,OK,true,102713,139,33,33,10,0,0
1637865940217,49,Small,200,OK,true,51511,138,33,33,8,0,0
1637865939607,662,Large,200,OK,true,1048891,137,33,33,8,0,0
1637865940089,188,Medium,200,OK,true,307513,139,33,33,8,0,0
1637865939589,695,Large,200,OK,true,1048891,137,33,33,8,0,0
1637865940059,226,Medium,200,OK,true,307513,139,33,33,9,0,0
1637865940102,192,Medium,200,OK,true,307513,139,33,33,8,0,0
1637865940082,214,Medium,200,OK,true,307513,139,33,33,8,0,0
1637865939979,331,Medium,200,OK,true,307513,139,33,33,8,0,0
1637865940237,77,Small-Medium,200,OK,true,102713,139,33,33,8,0,0
1637865940284,44,Small,200,OK,true,51511,138,33,33,8,0,0
1637865940112,226,Medium,200,OK,true,307513,139,33,33,7,0,0
1637865940269,74,Small-Medium,200,OK,true,102713,139,33,33,8,0,0
1637865940155,193,Medium,200,OK,true,307513,139,33,33,8,0,0
1637865939641,723,Large,200,OK,true,1048891,137,33,33,7,0,0
1637865940215,150,Small-Medium,200,OK,true,102713,139,33,33,9,0,0
1637865940310,58,Small,200,OK,true,51511,138,33,33,8,0,0
1637865940348,27,Small,200,OK,true,51511,138,33,33,8,0,0
1637865938964,1420,Large,200,OK,true,1048891,137,33,33,8,0,0
1637865940187,200,Medium,200,OK,true,307513,139,33,33,9,0,0
1637865939765,625,Large,200,OK,true,1048891,137,33,33,7,0,0
1637865940350,41,Small,200,OK,true,51511,138,33,33,8,0,0
1637865940208,193,Medium,200,OK,true,307513,139,33,33,7,0,0
1637865940369,39,Small,200,OK,true,51511,138,33,33,9,0,0
1637865940387,32,Small,200,OK,true,51511,138,33,33,9,0,0
1637865940066,363,Medium-Large,200,OK,true,512313,139,33,33,9,0,0
1637865940400,78,Small-Medium,200,OK,true,102713,139,33,33,8,0,0
1637865940176,316,Medium-Large,200,OK,true,512313,139,33,33,8,0,0
1637865939090,1409,Large,200,OK,true,1048891,137,33,33,11,0,0
1637865940285,228,Medium,200,OK,true,307513,139,33,33,9,0,0
1637865940218,338,Medium,200,OK,true,307513,139,33,33,11,0,0
1637865940518,41,Small,200,OK,true,51511,138,33,33,8,0,0
1637865940338,224,Medium,200,OK,true,307513,139,33,33,9,0,0
1637865940364,212,Medium,200,OK,true,307513,139,33,33,9,0,0
1637865940390,213,Medium,200,OK,true,307513,139,33,33,10,0,0
1637865939876,732,Large,200,OK,true,1048891,137,33,33,9,0,0
1637865940296,314,Medium-Large,200,OK,true,512313,139,33,33,9,0,0
1637865940556,56,Small,200,OK,true,51511,138,33,33,8,0,0
1637865940281,335,Medium-Large,200,OK,true,512313,139,33,33,8,0,0
1637865939938,682,Large,200,OK,true,1048891,137,33,33,9,0,0
1637865940532,98,Small-Medium,200,OK,true,102713,139,33,33,8,0,0
1637865940269,362,Medium-Large,200,OK,true,512313,139,33,33,14,0,0
1637865939991,644,Large,200,OK,true,1048891,137,33,33,9,0,0
1637865940562,76,Small-Medium,200,OK,true,102713,139,33,33,8,0,0
1637865939916,724,Large,200,OK,true,1048891,137,33,33,8,0,0
1637865940576,70,Small-Medium,200,OK,true,102713,139,33,33,8,0,0
1637865940616,38,Small,200,OK,true,51511,138,33,33,9,0,0
1637865940417,242,Medium,200,OK,true,307513,139,33,33,7,0,0
1637865939997,664,Large,200,OK,true,1048891,137,33,33,7,0,0
1637865940640,32,Small,200,OK,true,51511,138,33,33,8,0,0
1637865940620,63,Small-Medium,200,OK,true,102713,139,33,33,9,0,0
1637865939959,733,Large,200,OK,true,1048891,137,33,33,9,0,0
1637865940631,64,Small-Medium,200,OK,true,102713,139,33,33,8,0,0
1637865940659,38,Small,200,OK,true,51511,138,33,33,8,0,0
1637865940661,38,Small,200,OK,true,51511,138,33,33,9,0,0
1637865940481,227,Medium,200,OK,true,307513,139,33,33,9,0,0
1637865940694,39,Small,200,OK,true,51511,138,33,33,8,0,0
1637865940693,42,Small,200,OK,true,51511,138,33,33,7,0,0
1637865940664,74,Small-Medium,200,OK,true,102713,139,33,33,8,0,0
1637865940014,725,Large,200,OK,true,1048891,137,33,33,8,0,0
1637865940604,163,Medium,200,OK,true,307513,139,33,33,12,0,0
1637865940709,81,Small-Medium,200,OK,true,102713,139,33,33,8,0,0
1637865940610,181,Medium,200,OK,true,307513,139,33,33,11,0,0
1637865940749,52,Small-Medium,200,OK,true,102713,139,33,33,9,0,0
1637865940794,33,Small,200,OK,true,51511,138,33,33,7,0,0
1637865940499,333,Medium,200,OK,true,307513,139,33,33,10,0,0
1637865940762,74,Small-Medium,200,OK,true,102713,139,33,33,8,0,0
1637865940226,625,Large,200,OK,true,1048891,137,33,33,9,0,0
1637865940791,77,Small-Medium,200,OK,true,102713,139,33,33,7,0,0
1637865940277,602,Large,200,OK,true,1048891,137,33,33,7,0,0
1637865940294,585,Large,200,OK,true,1048891,137,33,33,8,0,0
1637865940879,34,Small,200,OK,true,51511,138,33,33,9,0,0
1637865940841,80,Small-Medium,200,OK,true,102713,139,33,33,8,0,0
1637865940852,71,Small-Medium,200,OK,true,102713,139,33,33,8,0,0
1637865940894,38,Small,200,OK,true,51511,138,33,33,9,0,0
1637865940651,293,Medium-Large,200,OK,true,512313,139,33,33,9,0,0
1637865940881,77,Small-Medium,200,OK,true,102713,139,33,33,9,0,0
1637865940926,60,Small-Medium,200,OK,true,102713,139,33,33,8,0,0
1637865940923,72,Small-Medium,200,OK,true,102713,139,33,33,7,0,0
1637865940401,611,Large,200,OK,true,1048891,137,33,33,9,0,0
1637865940826,206,Medium,200,OK,true,307513,139,33,33,8,0,0
1637865940825,209,Medium,200,OK,true,307513,139,33,33,8,0,0
1637865940479,556,Large,200,OK,true,1048891,137,33,33,11,0,0
1637865940384,684,Medium-Large,200,OK,true,512313,139,33,33,9,0,0
1637865940767,302,Medium-Large,200,OK,true,512313,139,33,33,8,0,0
1637865941034,44,Small,200,OK,true,51511,138,33,33,8,0,0
1637865941010,70,Small-Medium,200,OK,true,102713,139,33,33,9,0,0
1637865940739,343,Medium-Large,200,OK,true,512313,139,33,33,9,0,0
1637865940791,294,Medium-Large,200,OK,true,512313,139,33,33,9,0,0
1637865940492,606,Large,200,OK,true,1048891,137,33,33,9,0,0
1637865941054,48,Small,200,OK,true,51511,138,33,33,9,0,0
1637865940429,675,Large,200,OK,true,1048891,137,33,33,8,0,0
1637865940441,672,Medium-Large,200,OK,true,512313,139,33,33,8,0,0
1637865940772,359,Medium-Large,200,OK,true,512313,139,33,33,9,0,0
1637865940687,453,Medium-Large,200,OK,true,512313,139,33,33,9,0,0
1637865940796,354,Medium-Large,200,OK,true,512313,139,33,33,12,0,0
1637865940879,286,Medium-Large,200,OK,true,512313,139,33,33,7,0,0
1637865940984,189,Medium,200,OK,true,307513,139,33,33,8,0,0
1637865941113,64,Small,200,OK,true,51511,138,33,33,8,0,0
1637865940157,1034,Large,200,OK,true,1048891,137,33,33,8,0,0
1637865940501,691,Large,200,OK,true,1048891,137,33,33,8,0,0
1637865940513,698,Large,200,OK,true,1048891,137,33,33,8,0,0
1637865941068,145,Small-Medium,200,OK,true,102713,139,33,33,8,0,0
1637865940832,383,Medium,200,OK,true,307513,139,33,33,8,0,0
1637865941013,208,Medium,200,OK,true,307513,139,33,33,8,0,0
1637865940635,591,Large,200,OK,true,1048891,137,33,33,9,0,0
1637865941150,80,Small-Medium,200,OK,true,102713,139,33,33,12,0,0
1637865941026,207,Medium,200,OK,true,307513,139,33,33,8,0,0
1637865941166,69,Small-Medium,200,OK,true,102713,139,33,33,8,0,0
1637865941035,203,Medium,200,OK,true,307513,139,33,33,8,0,0
1637865941192,46,Small,200,OK,true,51511,138,33,33,9,0,0
1637865941173,69,Small-Medium,200,OK,true,102713,139,33,33,8,0,0
1637865940144,1103,Large,200,OK,true,1048891,137,33,33,7,0,0
1637865941057,193,Medium,200,OK,true,307513,139,33,33,9,0,0
1637865941212,40,Small,200,OK,true,51511,138,33,33,8,0,0
1637865940944,309,Medium-Large,200,OK,true,512313,139,33,33,9,0,0
1637865941222,37,Small,200,OK,true,51511,138,33,33,8,0,0
1637865941238,26,Small,200,OK,true,51511,138,33,33,9,0,0
1637865940608,671,Large,200,OK,true,1048890,137,33,33,9,0,0
1637865941233,56,Small-Medium,200,OK,true,102713,139,33,33,9,0,0
1637865941192,103,Small-Medium,200,OK,true,102713,139,33,33,8,0,0
1637865941245,64,Small,200,OK,true,51511,138,33,33,8,0,0
1637865941279,30,Small,200,OK,true,51510,138,33,33,9,0,0
1637865941143,175,Medium,200,OK,true,307513,139,33,33,8,0,0
1637865940752,609,Large,200,OK,true,1048891,137,33,33,8,0,0
1637865941213,151,Small-Medium,200,OK,true,102713,139,33,33,8,0,0
1637865941325,39,Small,200,OK,true,51511,138,33,33,8,0,0
1637865941343,41,Small,200,OK,true,51511,138,33,33,9,0,0
1637865941033,355,Medium-Large,200,OK,true,512313,139,33,33,8,0,0
1637865941099,293,Medium-Large,200,OK,true,512313,139,33,33,8,0,0
1637865941361,31,Small,200,OK,true,51511,138,33,33,9,0,0
1637865941187,220,Medium,200,OK,true,307513,139,33,33,7,0,0
1637865940708,716,Large,200,OK,true,1048891,137,33,33,7,0,0
1637865941167,258,Medium,200,OK,true,307513,139,33,33,7,0,0
1637865941104,324,Medium-Large,200,OK,true,512313,139,33,33,9,0,0
1637865941365,64,Small-Medium,200,OK,true,102713,139,33,33,9,0,0
1637865941082,356,Medium-Large,200,OK,true,512313,139,33,33,8,0,0
1637865941407,41,Small,200,OK,true,51511,138,33,33,9,0,0
1637865941388,71,Small-Medium,200,OK,true,102713,139,33,33,8,0,0
1637865941131,346,Medium-Large,200,OK,true,512313,139,33,33,7,0,0
1637865941215,330,Medium,200,OK,true,307513,139,33,33,8,0,0
1637865941477,78,Small-Medium,200,OK,true,102713,139,33,33,9,0,0
1637865941297,271,Medium-Large,200,OK,true,512313,139,33,33,8,0,0
1637865941392,197,Medium,200,OK,true,307513,139,33,33,9,0,0
1637865941283,353,Medium-Large,200,OK,true,512313,139,33,33,8,0,0
1637865941140,500,Medium-Large,200,OK,true,512313,139,33,33,9,0,0
1637865941012,629,Large,200,OK,true,1048891,137,33,33,8,0,0
1637865941324,324,Medium,200,OK,true,307513,139,33,33,8,0,0
1637865941589,67,Small-Medium,200,OK,true,102713,139,33,33,8,0,0
1637865941438,229,Medium,200,OK,true,307513,139,33,33,8,0,0
1637865941545,124,Small-Medium,200,OK,true,102713,139,33,33,8,0,0
1637865941641,58,Small,200,OK,true,51511,138,33,33,8,0,0
1637865941069,646,Large,200,OK,true,1048891,137,33,33,9,0,0
1637865940973,754,Large,200,OK,true,1048891,137,33,33,9,0,0
1637865941085,643,Large,200,OK,true,1048891,137,33,33,8,0,0
1637865941568,177,Medium,200,OK,true,307513,139,33,33,10,0,0
1637865941520,233,Medium,200,OK,true,307513,139,33,33,8,0,0
1637865940365,1393,Large,200,OK,true,1048891,137,33,33,14,0,0
1637865941727,51,Small,200,OK,true,51511,138,33,33,9,0,0
1637865941364,426,Medium,200,OK,true,307513,139,33,33,8,0,0
1637865941754,40,Small,200,OK,true,51511,138,33,33,9,0,0
1637865941428,367,Medium-Large,200,OK,true,512313,139,33,33,8,0,0
1637865941728,74,Small-Medium,200,OK,true,102713,139,33,33,8,0,0
1637865941226,577,Large,200,OK,true,1048891,137,33,33,8,0,0
1637865941677,131,Small-Medium,200,OK,true,102713,139,33,33,8,0,0
1637865941457,369,Medium-Large,200,OK,true,512313,139,33,33,8,0,0
1637865941641,199,Medium,200,OK,true,307513,139,33,33,8,0,0
1637865941610,243,Medium,200,OK,true,307513,139,33,33,7,0,0
1637865941250,611,Large,200,OK,true,1048891,137,33,33,8,0,0
1637865941497,377,Medium-Large,200,OK,true,512313,139,33,33,8,0,0
1637865941253,622,Large,200,OK,true,1048891,137,33,33,13,0,0
1637865941840,36,Small,200,OK,true,51511,138,33,33,9,0,0
1637865941773,104,Small-Medium,200,OK,true,102713,139,33,33,8,0,0
1637865941861,37,Small,200,OK,true,51511,138,33,33,8,0,0
1637865941859,41,Small,200,OK,true,51511,138,33,33,8,0,0
1637865941715,190,Medium,200,OK,true,307513,139,33,33,8,0,0
1637865941875,39,Small,200,OK,true,51511,138,33,33,9,0,0
1637865941319,610,Large,200,OK,true,1048891,137,33,33,7,0,0
1637865941874,63,Small-Medium,200,OK,true,102713,139,33,33,8,0,0
1637865941304,639,Large,200,OK,true,1048891,137,33,33,9,0,0
1637865941886,72,Small-Medium,200,OK,true,102713,139,33,33,8,0,0
1637865941371,595,Large,200,OK,true,1048891,137,33,33,10,0,0
1637865941803,170,Medium,200,OK,true,307513,139,33,33,9,0,0
1637865941636,346,Medium-Large,200,OK,true,512313,139,33,33,7,0,0
1637865941967,30,Small,200,OK,true,51511,138,33,33,8,0,0
1637865941354,655,Large,200,OK,true,1048891,137,33,33,8,0,0
1637865941720,305,Medium-Large,200,OK,true,512313,139,33,33,10,0,0
1637865941826,203,Medium,200,OK,true,307513,139,33,33,8,0,0
1637865942009,35,Small,200,OK,true,51511,138,33,33,8,0,0
1637865941972,73,Small-Medium,200,OK,true,102713,139,33,33,9,0,0
1637865941377,684,Medium-Large,200,OK,true,512313,139,33,33,7,0,0
1637865942025,41,Small,200,OK,true,51511,138,33,33,9,0,0
1637865942029,38,Small,200,OK,true,51511,138,33,33,8,0,0
1637865942007,77,Small-Medium,200,OK,true,102713,139,33,33,8,0,0
1637865941929,172,Medium,200,OK,true,307513,139,33,33,11,0,0
1637865941412,699,Large,200,OK,true,1048890,137,33,33,9,0,0
1637865941861,280,Medium-Large,200,OK,true,512313,139,33,33,8,0,0
1637865941648,509,Medium-Large,200,OK,true,512313,139,33,33,7,0,0
1637865941425,739,Large,200,OK,true,1048891,137,33,33,8,0,0
1637865941494,681,Large,200,OK,true,1048891,137,33,33,7,0,0
1637865941475,724,Large,200,OK,true,1048891,137,33,33,9,0,0
1637865941992,209,Medium,200,OK,true,307513,139,33,33,8,0,0
1637865942161,44,Small,200,OK,true,51511,138,33,33,7,0,0
1637865942164,43,Small,200,OK,true,51511,138,33,33,7,0,0
1637865941424,792,Large,200,OK,true,1048891,137,33,33,7,0,0
1637865941944,314,Medium-Large,200,OK,true,512313,139,33,33,8,0,0
1637865942199,78,Small-Medium,200,OK,true,102713,139,33,33,9,0,0
1637865942101,196,Medium,200,OK,true,307513,139,33,33,8,0,0
1637865941540,765,Large,200,OK,true,1048891,137,33,33,8,0,0
1637865942104,201,Medium,200,OK,true,307513,139,33,33,8,0,0
1637865941993,320,Medium-Large,200,OK,true,512313,139,33,33,8,0,0
1637865942111,227,Medium,200,OK,true,307512,139,33,33,9,0,0
1637865941746,593,Large,200,OK,true,1048891,137,33,33,8,0,0
1637865941982,370,Medium-Large,200,OK,true,512313,139,33,33,9,0,0
1637865941905,466,Medium-Large,200,OK,true,512313,139,33,33,9,0,0
1637865942340,37,Small,200,OK,true,51511,138,33,33,8,0,0
1637865942018,362,Medium-Large,200,OK,true,512313,139,33,33,9,0,0
1637865942305,89,Small-Medium,200,OK,true,102713,139,33,33,13,0,0
1637865941667,733,Large,200,OK,true,1048891,137,33,33,8,0,0
1637865942099,304,Medium-Large,200,OK,true,512312,139,33,33,8,0,0
1637865942061,344,Medium,200,OK,true,307513,139,33,33,8,0,0
1637865942332,80,Small-Medium,200,OK,true,102713,139,33,33,8,0,0
1637865942380,41,Small,200,OK,true,51511,138,33,33,9,0,0
1637865942201,223,Medium,200,OK,true,307513,139,33,33,10,0,0
1637865942258,207,Medium,200,OK,true,307513,139,33,33,8,0,0
1637865942370,95,Small-Medium,200,OK,true,102713,139,33,33,9,0,0
1637865941790,678,Medium-Large,200,OK,true,512313,139,33,33,9,0,0
1637865942158,335,Medium-Large,200,OK,true,512313,139,33,33,8,0,0
1637865942423,84,Small-Medium,200,OK,true,102713,139,33,33,9,0,0
1637865942175,333,Medium-Large,200,OK,true,512313,139,33,33,8,0,0
1637865941795,725,Large,200,OK,true,1048891,137,33,33,9,0,0
1637865942306,218,Medium,200,OK,true,307513,139,33,33,13,0,0
1637865942492,37,Small,200,OK,true,51511,138,33,33,9,0,0
1637865942468,71,Small,200,OK,true,51511,138,33,33,8,0,0
1637865942471,69,Small-Medium,200,OK,true,102713,139,33,33,9,0,0
1637865941905,640,Large,200,OK,true,1048891,137,33,33,9,0,0
1637865941853,717,Large,200,OK,true,1048891,137,33,33,9,0,0
1637865942216,361,Medium-Large,200,OK,true,512313,139,33,33,8,0,0
1637865942556,52,Small,200,OK,true,51511,138,33,33,8,0,0
1637865941973,642,Large,200,OK,true,1048891,137,33,33,8,0,0
1637865942297,324,Medium-Large,200,OK,true,512313,139,33,33,9,0,0
1637865942399,225,Medium,200,OK,true,307513,139,33,33,9,0,0
1637865942603,37,Small,200,OK,true,51511,138,33,33,9,0,0
1637865942296,359,Medium-Large,200,OK,true,512313,139,33,33,9,0,0
1637865942157,508,Medium-Large,200,OK,true,512313,139,33,33,8,0,0
1637865941247,1434,Large,200,OK,true,1048890,137,33,33,9,0,0
1637865942005,692,Large,200,OK,true,1048891,137,33,33,9,0,0
1637865942403,312,Medium-Large,200,OK,true,512312,139,33,33,7,0,0
1637865942655,74,Small-Medium,200,OK,true,102713,139,33,33,8,0,0
1637865942696,40,Small,200,OK,true,51511,138,33,33,8,0,0
1637865942680,64,Small,200,OK,true,51510,138,33,33,9,0,0
1637865942544,206,Medium,200,OK,true,307513,139,33,33,8,0,0
1637865942664,104,Small-Medium,200,OK,true,102713,139,33,33,10,0,0
1637865942569,213,Medium,200,OK,true,307513,139,33,33,8,0,0
1637865942404,384,Medium,200,OK,true,307513,139,33,33,9,0,0
1637865942465,323,Medium-Large,200,OK,true,512313,139,33,33,8,0,0
1637865942141,667,Large,200,OK,true,1048891,137,33,33,9,0,0
1637865942462,355,Medium-Large,200,OK,true,512313,139,33,33,9,0,0
1637865942139,696,Large,200,OK,true,1048891,137,33,33,8,0,0
1637865942523,317,Medium-Large,200,OK,true,512313,139,33,33,9,0,0
1637865942807,35,Small,200,OK,true,51511,138,33,33,9,0,0
1637865942141,708,Large,200,OK,true,1048891,137,33,33,9,0,0
1637865942788,61,Small-Medium,200,OK,true,102713,139,33,33,8,0,0
1637865942782,72,Small-Medium,200,OK,true,102713,139,33,33,9,0,0
1637865942828,29,Small,200,OK,true,51511,138,33,33,9,0,0
1637865942520,358,Medium-Large,200,OK,true,512313,139,33,33,8,0,0
1637865942841,38,Small,200,OK,true,51511,138,33,33,8,0,0
1637865942512,368,Medium-Large,200,OK,true,512313,139,33,33,9,0,0
1637865942715,179,Medium,200,OK,true,307512,139,33,33,8,0,0
1637865942735,171,Medium,200,OK,true,307513,139,33,33,8,0,0
1637865942688,223,Medium,200,OK,true,307513,139,33,33,8,0,0
1637865942848,65,Small-Medium,200,OK,true,102713,139,33,33,13,0,0
1637865942620,320,Medium-Large,200,OK,true,512313,139,33,33,7,0,0
1637865941808,1147,Large,200,OK,true,1048891,137,33,33,8,0,0
1637865942576,388,Medium-Large,200,OK,true,512313,139,33,33,8,0,0
1637865942624,363,Medium-Large,200,OK,true,512313,139,33,33,8,0,0
1637865942314,675,Large,200,OK,true,1048891,137,33,33,8,0,0
1637865942914,75,Small-Medium,200,OK,true,102713,139,33,33,8,0,0
1637865942940,73,Small-Medium,200,OK,true,102713,139,33,33,7,0,0
1637865942981,43,Small,200,OK,true,51511,138,33,33,10,0,0
1637865942293,741,Large,200,OK,true,1048891,137,33,33,12,0,0
1637865942786,258,Medium,200,OK,true,307513,139,33,33,9,0,0
1637865942751,294,Medium-Large,200,OK,true,512313,139,33,33,8,0,0
1637865942338,723,Large,200,OK,true,1048890,137,33,33,7,0,0
1637865942988,74,Small-Medium,200,OK,true,102713,139,33,33,9,0,0
1637865943033,43,Small,200,OK,true,51511,138,33,33,8,0,0
1637865942352,740,Large,200,OK,true,1048891,137,33,33,8,0,0
1637865942919,198,Medium,200,OK,true,307513,139,33,33,8,0,0
1637865942911,222,Medium,200,OK,true,307513,139,33,33,10,0,0
1637865942813,332,Medium,200,OK,true,307512,139,33,33,8,0,0
1637865942507,640,Large,200,OK,true,1048891,137,33,33,9,0,0
1637865942437,727,Large,200,OK,true,1048891,137,33,33,8,0,0
1637865942834,331,Medium-Large,200,OK,true,512313,139,33,33,9,0,0
1637865942973,192,Medium,200,OK,true,307513,139,33,33,8,0,0
1637865942817,356,Medium-Large,200,OK,true,512313,139,33,33,8,0,0
1637865943117,72,Small-Medium,200,OK,true,102713,139,33,33,8,0,0
1637865943113,81,Small-Medium,200,OK,true,102713,139,33,33,9,0,0
1637865943164,41,Small,200,OK,true,51511,138,33,33,7,0,0
1637865942906,327,Medium-Large,200,OK,true,512313,139,33,33,14,0,0
1637865943165,75,Small-Medium,200,OK,true,102713,139,33,33,9,0,0
1637865942878,365,Medium-Large,200,OK,true,512313,139,33,33,8,0,0
1637865942614,630,Large,200,OK,true,1048891,137,33,33,8,0,0
1637865943173,75,Small-Medium,200,OK,true,102713,139,33,33,9,0,0
1637865942941,315,Medium-Large,200,OK,true,512313,139,33,33,8,0,0
1637865943046,214,Medium,200,OK,true,307513,139,33,33,8,0,0
1637865943233,30,Small,200,OK,true,51511,138,33,33,7,0,0
1637865943243,31,Small,200,OK,true,51511,138,33,33,9,0,0
1637865942624,652,Large,200,OK,true,1048891,137,33,33,8,0,0
1637865943072,207,Medium,200,OK,true,307513,139,33,33,8,0,0
1637865943260,30,Small,200,OK,true,51511,138,33,33,8,0,0
1637865942600,691,Medium-Large,200,OK,true,512313,139,33,33,9,0,0
1637865942960,341,Medium-Large,200,OK,true,512313,139,33,33,8,0,0
1637865942795,521,Medium-Large,200,OK,true,512313,139,33,33,10,0,0
1637865943256,64,Small-Medium,200,OK,true,102713,139,33,33,9,0,0
1637865942954,386,Medium,200,OK,true,307513,139,33,33,10,0,0
1637865943147,197,Medium,200,OK,true,307513,139,33,33,7,0,0
1637865943165,182,Medium,200,OK,true,307513,139,33,33,10,0,0
1637865943133,216,Medium,200,OK,true,307513,139,33,33,8,0,0
1637865943306,74,Small-Medium,200,OK,true,102713,139,33,33,8,0,0
1637865943046,349,Medium-Large,200,OK,true,512313,139,33,33,8,0,0
1637865943044,355,Medium-Large,200,OK,true,512313,139,33,33,8,0,0
1637865943364,67,Small-Medium,200,OK,true,102713,139,33,33,8,0,0
1637865943291,141,Small-Medium,200,OK,true,102713,139,33,33,9,0,0
1637865943395,44,Small,200,OK,true,51511,138,33,33,9,0,0
1637865943249,197,Medium,200,OK,true,307513,139,33,33,9,0,0
1637865943245,206,Medium,200,OK,true,307513,139,33,33,12,0,0
1637865942501,974,Large,200,OK,true,1048891,137,33,33,9,0,0
1637865943301,198,Medium,200,OK,true,307513,139,33,33,8,0,0
1637865942894,619,Large,200,OK,true,1048890,137,33,33,8,0,0
1637865943145,381,Medium,200,OK,true,307512,139,33,33,9,0,0
1637865943344,204,Medium,200,OK,true,307513,139,33,33,8,0,0
1637865941759,1811,Large,200,OK,true,1048891,137,33,33,8,0,0
1637865943432,145,Small-Medium,200,OK,true,102713,139,33,33,8,0,0
1637865943549,34,Small,200,OK,true,51511,138,33,33,9,0,0
1637865943526,71,Small,200,OK,true,51510,138,33,33,8,0,0
1637865943389,208,Medium,200,OK,true,307513,139,33,33,9,0,0
1637865943392,209,Medium,200,OK,true,307513,139,33,33,7,0,0
1637865943280,322,Medium-Large,200,OK,true,512313,139,33,33,7,0,0
1637865942880,727,Large,200,OK,true,1048891,137,33,33,9,0,0
1637865943399,218,Medium,200,OK,true,307513,139,33,33,7,0,0
1637865943602,82,Small-Medium,200,OK,true,102713,139,33,33,9,0,0
1637865943347,348,Medium-Large,200,OK,true,512313,139,33,33,8,0,0
1637865942964,743,Large,200,OK,true,1048891,137,33,33,8,0,0
1637865943696,38,Small,200,OK,true,51511,138,33,33,8,0,0
1637865942988,753,Large,200,OK,true,1048891,137,33,33,9,0,0
1637865943707,42,Small,200,OK,true,51511,138,33,33,7,0,0
1637865943681,78,Small-Medium,200,OK,true,102713,139,33,33,9,0,0
1637865943527,233,Medium,200,OK,true,307513,139,33,33,9,0,0
1637865943060,723,Large,200,OK,true,1048890,137,33,33,8,0,0
1637865943741,45,Small,200,OK,true,51511,138,33,33,6,0,0
1637865943120,685,Large,200,OK,true,1048891,137,33,33,8,0,0
1637865943734,74,Small-Medium,200,OK,true,102713,139,33,33,11,0,0
1637865943497,314,Medium-Large,200,OK,true,512313,139,33,33,7,0,0
1637865943091,735,Large,200,OK,true,1048891,137,33,33,8,0,0
1637865943316,513,Medium-Large,200,OK,true,512313,139,33,33,8,0,0
1637865943618,217,Medium,200,OK,true,307513,139,33,33,8,0,0
1637865943806,34,Small,200,OK,true,51511,138,33,33,9,0,0
1637865943812,31,Small,200,OK,true,51511,138,33,33,8,0,0
1637865943165,680,Large,200,OK,true,1048891,137,33,33,8,0,0
1637865943499,349,Medium-Large,200,OK,true,512313,139,33,33,9,0,0
1637865943826,39,Small,200,OK,true,51511,138,33,33,8,0,0
1637865943813,69,Small-Medium,200,OK,true,102713,139,33,33,9,0,0
1637865943828,65,Small-Medium,200,OK,true,102713,139,33,33,8,0,0
1637865943245,662,Large,200,OK,true,1048891,137,33,33,8,0,0
1637865943830,98,Small-Medium,200,OK,true,102713,139,33,33,7,0,0
1637865943277,660,Large,200,OK,true,1048891,137,33,33,7,0,0
1637865942788,1168,Large,200,OK,true,1048891,137,33,33,7,0,0
1637865943607,354,Medium-Large,200,OK,true,512313,139,33,33,7,0,0
1637865943760,205,Medium,200,OK,true,307513,139,33,33,9,0,0
1637865943960,42,Small,200,OK,true,51511,138,33,33,8,0,0
1637865943965,48,Small,200,OK,true,51511,138,33,33,9,0,0
1637865943937,80,Small-Medium,200,OK,true,102713,139,33,33,9,0,0
1637865943957,64,Small,200,OK,true,51511,138,33,33,11,0,0
1637865943296,753,Large,200,OK,true,1048891,137,33,33,9,0,0
1637865943297,752,Large,200,OK,true,1048891,137,33,33,9,0,0
1637865943961,92,Small-Medium,200,OK,true,102713,139,33,33,10,0,0
1637865943848,208,Medium,200,OK,true,307513,139,33,33,9,0,0
1637865943866,200,Medium,200,OK,true,307513,139,33,33,10,0,0
1637865943376,728,Large,200,OK,true,1048891,137,33,33,8,0,0
1637865943349,760,Large,200,OK,true,1048891,137,33,33,9,0,0
1637865943446,668,Large,200,OK,true,1048891,137,33,33,8,0,0
1637865943835,288,Medium,200,OK,true,307513,139,33,33,8,0,0
1637865943783,341,Medium-Large,200,OK,true,512312,139,33,33,8,0,0
1637865944049,81,Small-Medium,200,OK,true,102713,139,33,33,8,0,0
1637865943451,683,Large,200,OK,true,1048891,137,33,33,9,0,0
1637865943513,624,Large,200,OK,true,1048890,137,33,33,9,0,0
1637865944099,40,Small,200,OK,true,51511,138,33,33,7,0,0
1637865944069,79,Small-Medium,200,OK,true,102713,139,33,33,12,0,0
1637865944114,70,Small-Medium,200,OK,true,102713,139,33,33,7,0,0
1637865944109,78,Small-Medium,200,OK,true,102713,139,33,33,9,0,0
1637865943438,767,Large,200,OK,true,1048891,137,33,33,8,0,0
1637865943907,325,Medium-Large,200,OK,true,512313,139,33,33,9,0,0
1637865943839,401,Medium-Large,200,OK,true,512313,139,33,33,8,0,0
1637865944201,39,Small,200,OK,true,51511,138,33,33,8,0,0
1637865943944,298,Medium-Large,200,OK,true,512313,139,33,33,9,0,0
1637865943597,650,Large,200,OK,true,1048891,137,33,33,8,0,0
1637865944049,216,Medium,200,OK,true,307513,139,33,33,7,0,0
1637865944232,36,Small,200,OK,true,51511,138,33,33,8,0,0
1637865944181,88,Small-Medium,200,OK,true,102713,139,33,33,11,0,0
1637865943601,675,Large,200,OK,true,1048891,137,33,33,9,0,0
1637865944248,32,Small,200,OK,true,51511,138,33,33,8,0,0
1637865943937,346,Medium-Large,200,OK,true,512313,139,33,33,8,0,0
1637865944240,72,Small-Medium,200,OK,true,102713,139,33,33,8,0,0
1637865944242,72,Small-Medium,200,OK,true,102713,139,33,33,8,0,0
1637865943958,363,Medium-Large,200,OK,true,512313,139,33,33,11,0,0
1637865944105,217,Medium,200,OK,true,307513,139,33,33,8,0,0
1637865944277,66,Small-Medium,200,OK,true,102713,139,33,33,7,0,0
1637865943569,787,Medium-Large,200,OK,true,512313,139,33,33,9,0,0
1637865944323,37,Small,200,OK,true,51511,138,33,33,9,0,0
1637865944066,295,Medium-Large,200,OK,true,512313,139,33,33,9,0,0
1637865944321,66,Small-Medium,200,OK,true,102713,139,33,33,9,0,0
1637865944056,334,Medium-Large,200,OK,true,512313,139,33,33,8,0,0
1637865944380,32,Small,200,OK,true,51511,138,33,33,7,0,0
1637865944246,181,Medium,200,OK,true,307513,139,33,33,8,0,0
1637865944230,203,Medium,200,OK,true,307513,139,33,33,9,0,0
1637865944356,85,Small,200,OK,true,51511,138,33,33,11,0,0
1637865944373,82,Small-Medium,200,OK,true,102713,139,33,33,8,0,0
1637865944094,366,Medium-Large,200,OK,true,512313,139,33,33,7,0,0
1637865944134,327,Medium-Large,200,OK,true,512313,139,33,33,9,0,0
1637865943475,990,Large,200,OK,true,1048891,137,33,33,8,0,0
1637865943845,629,Large,200,OK,true,1048891,137,33,33,8,0,0
1637865944433,42,Small,200,OK,true,51511,138,33,33,9,0,0
1637865944125,350,Medium-Large,200,OK,true,512312,139,33,33,7,0,0
1637865944123,375,Medium-Large,200,OK,true,512313,139,33,33,8,0,0
1637865944333,201,Medium,200,OK,true,307513,139,33,33,8,0,0
1637865943340,1200,Large,200,OK,true,1048891,137,33,33,10,0,0
1637865944498,50,Small,200,OK,true,51511,138,33,33,8,0,0
1637865944465,104,Small-Medium,200,OK,true,102713,139,34,34,8,0,0
1637865944534,41,Small,200,OK,true,51511,138,34,34,8,0,0
1637865944488,93,Small,200,OK,true,51511,138,34,34,13,0,0
1637865944241,356,Medium-Large,200,OK,true,512313,139,34,34,9,0,0
1637865944390,208,Medium,200,OK,true,307513,139,34,34,8,0,0
1637865943944,681,Large,200,OK,true,1048891,137,34,34,9,0,0
1637865943873,755,Large,200,OK,true,1048891,137,34,34,7,0,0
1637865944598,34,Small,200,OK,true,51511,138,34,34,8,0,0
1637865944374,296,Medium-Large,200,OK,true,512313,139,34,34,9,0,0
1637865944600,71,Small,200,OK,true,51511,138,34,34,8,0,0
1637865944089,584,Medium-Large,200,OK,true,512313,139,34,34,8,0,0
1637865944628,54,Small,200,OK,true,51511,138,34,34,8,0,0
1637865944453,238,Medium,200,OK,true,307513,139,34,34,8,0,0
1637865944313,396,Medium-Large,200,OK,true,512313,139,34,34,8,0,0
1637865944475,249,Medium,200,OK,true,307512,139,34,34,9,0,0
1637865944137,596,Large,200,OK,true,1048890,137,34,34,8,0,0
1637865944691,46,Small,200,OK,true,51511,138,34,34,10,0,0
1637865944092,666,Large,200,OK,true,1048891,137,34,34,8,0,0
1637865944427,341,Medium-Large,200,OK,true,512313,139,34,34,10,0,0
1637865944505,266,Medium,200,OK,true,307513,139,34,34,8,0,0
1637865944709,81,Small-Medium,200,OK,true,102713,139,34,34,8,0,0
1637865944673,124,Small-Medium,200,OK,true,102713,139,34,34,6,0,0
1637865944461,342,Medium-Large,200,OK,true,512313,139,34,34,9,0,0
1637865944460,382,Medium-Large,200,OK,true,512313,139,34,34,8,0,0
1637865943658,1187,Large,200,OK,true,1048890,137,34,34,9,0,0
1637865944474,373,Medium-Large,200,OK,true,512313,139,34,34,8,0,0
1637865944512,338,Medium-Large,200,OK,true,512313,139,34,34,8,0,0
1637865944671,201,Medium,200,OK,true,307513,139,34,34,6,0,0
1637865944671,204,Medium,200,OK,true,307513,139,34,34,7,0,0
1637865944803,81,Small-Medium,200,OK,true,102713,139,34,34,9,0,0
1637865944847,84,Small-Medium,200,OK,true,102713,139,34,34,8,0,0
1637865944850,84,Small-Medium,200,OK,true,102713,139,34,34,9,0,0
1637865944845,91,Small-Medium,200,OK,true,102713,139,34,34,8,0,0
1637865944558,385,Medium-Large,200,OK,true,512314,139,34,34,15,0,7
1637865944872,73,Small-Medium,200,OK,true,102713,139,34,34,8,0,0
1637865944283,675,Large,200,OK,true,1048891,137,34,34,9,0,0
1637865944734,231,Medium,200,OK,true,307513,139,34,34,8,0,0
1637865944205,770,Large,200,OK,true,1048891,137,34,34,8,0,0
1637865944597,394,Medium-Large,200,OK,true,512313,139,34,34,8,0,0
1637865944966,37,Small,200,OK,true,51511,138,34,34,7,0,0
1637865943577,1439,Large,200,OK,true,1048891,137,34,34,8,0,0
1637865944939,79,Small-Medium,200,OK,true,102713,139,34,34,8,0,0
1637865944265,759,Large,200,OK,true,1048891,137,34,34,8,0,0
1637865944986,41,Small,200,OK,true,51511,138,34,34,9,0,0
1637865943962,1069,Large,200,OK,true,1048891,137,34,34,10,0,0
1637865944983,75,Small-Medium,200,OK,true,102713,139,34,34,8,0,0
1637865944364,694,Large,200,OK,true,1048891,137,34,34,9,0,0
1637865944842,234,Medium,200,OK,true,307513,139,34,34,9,0,0
1637865944361,715,Large,200,OK,true,1048891,137,34,34,9,0,0
1637865945024,54,Small,200,OK,true,51511,138,34,34,9,0,0
1637865944733,361,Medium-Large,200,OK,true,512312,139,34,34,7,0,0
1637865944724,374,Medium-Large,200,OK,true,512277,139,34,34,9,0,0
1637865944769,335,Medium-Large,200,OK,true,512313,139,34,34,8,0,0
1637865945076,35,Small,200,OK,true,51511,138,34,34,10,0,0
1637865944758,356,Medium-Large,200,OK,true,512313,139,34,34,8,0,0
1637865944541,580,Medium-Large,200,OK,true,512313,139,34,34,8,0,0
1637865944409,724,Large,200,OK,true,1048891,137,34,34,8,0,0
1637865945076,70,Small-Medium,200,OK,true,102713,139,34,34,12,0,0
1637865944958,188,Medium,200,OK,true,307513,139,34,34,9,0,0
1637865945122,35,Small,200,OK,true,51511,138,34,34,8,0,0
1637865945133,41,Small,200,OK,true,51511,138,34,34,7,0,0
1637865945121,58,Small,200,OK,true,51511,138,34,34,9,0,0
1637865944455,733,Large,200,OK,true,1048891,137,34,34,9,0,0
1637865944771,421,Medium-Large,200,OK,true,512313,139,34,34,8,0,0
1637865944975,222,Medium,200,OK,true,307513,139,34,34,9,0,0
1637865944991,217,Medium,200,OK,true,307513,139,34,34,8,0,0
1637865944944,302,Medium-Large,200,OK,true,512313,139,34,34,7,0,0
1637865945212,36,Small,200,OK,true,51511,138,34,34,6,0,0
1637865945208,41,Small,200,OK,true,51511,138,34,34,8,0,0
1637865945095,167,Medium,200,OK,true,307512,139,34,34,8,0,0
1637865944737,540,Medium-Large,200,OK,true,512313,139,34,34,9,0,0
1637865945213,68,Small-Medium,200,OK,true,102713,139,34,34,7,0,0
1637865944565,730,Large,200,OK,true,1048891,137,34,34,7,0,0
1637865945269,30,Small,200,OK,true,51511,138,34,34,8,0,0
1637865945263,37,Small,200,OK,true,51510,138,34,34,8,0,0
1637865945258,56,Small,200,OK,true,51511,138,34,34,8,0,0
1637865944626,695,Large,200,OK,true,1048891,137,34,34,9,0,0
1637865945277,49,Small,200,OK,true,51511,138,34,34,10,0,0
1637865945160,196,Medium,200,OK,true,307513,139,34,34,7,0,0
1637865945031,325,Medium,200,OK,true,307513,139,34,34,7,0,0
1637865944809,550,Medium-Large,200,OK,true,512313,139,34,34,8,0,0
1637865944981,388,Medium-Large,200,OK,true,512313,139,34,34,9,0,0
1637865944846,543,Medium-Large,200,OK,true,512312,139,34,34,8,0,0
1637865945356,38,Small,200,OK,true,51511,138,34,34,9,0,0
1637865945348,46,Small,200,OK,true,51511,138,34,34,14,0,0
1637865945321,74,Small-Medium,200,OK,true,102713,139,34,34,10,0,0
1637865945104,292,Medium-Large,200,OK,true,512313,139,34,34,6,0,0
1637865945192,212,Medium,200,OK,true,307513,139,34,34,8,0,0
1637865945359,54,Small,200,OK,true,51511,138,34,34,8,0,0
1637865945101,317,Medium-Large,200,OK,true,512313,139,34,34,8,0,0
1637865945119,302,Medium-Large,200,OK,true,512313,139,34,34,8,0,0
1637865945247,175,Medium,200,OK,true,307513,139,34,34,6,0,0
1637865945396,32,Small,200,OK,true,51511,138,34,34,8,0,0
1637865945258,179,Medium,200,OK,true,307513,139,34,34,8,0,0
1637865945389,57,Small,200,OK,true,51510,138,34,34,8,0,0
1637865945147,300,Medium-Large,200,OK,true,512313,139,34,34,8,0,0
1637865945016,439,Medium,200,OK,true,307513,139,34,34,9,0,0
1637865945437,33,Small,200,OK,true,51511,138,34,34,8,0,0
1637865945404,76,Small-Medium,200,OK,true,102713,139,34,34,9,0,0
1637865945419,66,Small-Medium,200,OK,true,102713,139,34,34,9,0,0
1637865945296,196,Medium,200,OK,true,307513,139,34,34,8,0,0
1637865945458,36,Small,200,OK,true,51511,138,34,34,8,0,0
1637865944764,730,Large,200,OK,true,1048891,137,34,34,7,0,0
1637865944875,637,Large,200,OK,true,1048891,137,34,34,9,0,0
1637865945197,320,Medium-Large,200,OK,true,512313,139,34,34,10,0,0
1637865945447,74,Small-Medium,200,OK,true,102713,139,34,34,8,0,0
1637865945492,46,Small,200,OK,true,51511,138,34,34,9,0,0
1637865945492,49,Small,200,OK,true,51511,138,34,34,9,0,0
1637865944632,918,Large,200,OK,true,1048891,137,34,34,7,0,0
1637865945399,159,Medium,200,OK,true,307477,139,34,34,7,0,0
1637865944828,735,Large,200,OK,true,1048891,137,34,34,8,0,0
1637865945512,64,Small-Medium,200,OK,true,102713,139,34,34,8,0,0
1637865945008,573,Large,200,OK,true,1048891,137,34,34,8,0,0
1637865945553,33,Small,200,OK,true,51511,138,34,34,8,0,0
1637865945518,75,Small-Medium,200,OK,true,102713,139,34,34,20,0,0
1637865945574,27,Small,200,OK,true,51511,138,34,34,8,0,0
1637865945497,126,Small-Medium,200,OK,true,102713,139,34,34,8,0,0
1637865945059,576,Large,200,OK,true,1048891,137,34,34,17,0,0
1637865945551,88,Small-Medium,200,OK,true,102713,139,34,34,7,0,0
1637865945584,61,Small-Medium,200,OK,true,102713,139,34,34,8,0,0
1637865945524,146,Small-Medium,200,OK,true,102712,139,34,34,17,0,0
1637865945076,611,Large,200,OK,true,1048891,137,34,34,11,0,0
1637865945635,54,Small-Medium,200,OK,true,102713,139,34,34,7,0,0
1637865945629,62,Small-Medium,200,OK,true,102713,139,34,34,8,0,0
1637865945494,201,Medium,200,OK,true,307513,139,34,34,9,0,0
1637865945687,34,Small,200,OK,true,51511,138,34,34,9,0,0
1637865945114,607,Large,200,OK,true,1048891,137,34,34,9,0,0
1637865945370,355,Medium-Large,200,OK,true,512313,139,34,34,10,0,0
1637865945654,75,Small-Medium,200,OK,true,102713,139,34,34,8,0,0
1637865945632,103,Small-Medium,200,OK,true,102713,139,34,34,9,0,0
1637865945581,167,Medium,200,OK,true,307513,139,34,34,10,0,0
1637865945690,66,Small-Medium,200,OK,true,102713,139,34,34,10,0,0
1637865945098,661,Large,200,OK,true,1048892,137,34,34,21,0,9
1637865945594,178,Medium,200,OK,true,307513,139,34,34,9,0,0
1637865945485,299,Medium-Large,200,OK,true,512313,139,34,34,8,0,0
1637865945538,265,Medium-Large,200,OK,true,512313,139,34,34,7,0,0
1637865945770,40,Small,200,OK,true,51511,138,34,34,8,0,0
1637865945773,52,Small,200,OK,true,51511,138,34,34,9,0,0
1637865945748,77,Small-Medium,200,OK,true,102713,139,34,34,7,0,0
1637865945759,68,Small-Medium,200,OK,true,102713,139,34,34,8,0,0
1637865945803,34,Small,200,OK,true,51511,138,34,34,7,0,0
1637865945630,216,Medium,200,OK,true,307513,139,34,34,9,0,0
1637865945767,80,Small,200,OK,true,51510,138,34,34,9,0,0
1637865945824,28,Small,200,OK,true,51511,138,34,34,9,0,0
1637865945826,36,Small,200,OK,true,51511,138,34,34,8,0,0
1637865945356,506,Medium-Large,200,OK,true,512313,139,34,34,9,0,0
1637865945188,681,Large,200,OK,true,1048891,137,34,34,8,0,0
1637865945455,431,Medium,200,OK,true,307513,139,34,34,11,0,0
1637865945869,28,Small,200,OK,true,51511,138,34,34,10,0,0
1637865945648,292,Medium-Large,200,OK,true,512313,139,34,34,8,0,0
1637865945422,531,Large,200,OK,true,1048891,137,34,34,9,0,0
1637865945895,60,Small-Medium,200,OK,true,102713,139,34,34,8,0,0
1637865945886,75,Small,200,OK,true,51511,138,34,34,8,0,0
1637865945910,67,Small-Medium,200,OK,true,102713,139,34,34,7,0,0
1637865945710,278,Medium-Large,200,OK,true,512313,139,34,34,8,0,0
1637865945405,591,Large,200,OK,true,1048891,137,34,34,8,0,0
1637865945939,69,Small-Medium,200,OK,true,102713,139,34,34,7,0,0
1637865945719,302,Medium-Large,200,OK,true,512313,139,34,34,10,0,0
1637865945721,302,Medium-Large,200,OK,true,512313,139,34,34,8,0,0
1637865945421,606,Large,200,OK,true,1048891,137,34,34,9,0,0
1637865945344,700,Large,200,OK,true,1048891,137,34,34,10,0,0
1637865945348,701,Large,200,OK,true,1048891,137,34,34,8,0,0
1637865945988,65,Small-Medium,200,OK,true,102713,139,34,34,7,0,0
1637865945884,171,Medium,200,OK,true,307513,139,34,34,8,0,0
1637865946023,33,Small,200,OK,true,51511,138,34,34,10,0,0
1637865945695,367,Medium-Large,200,OK,true,512313,139,34,34,8,0,0
1637865946031,36,Small,200,OK,true,51511,138,34,34,6,0,0
1637865945393,680,Medium-Large,200,OK,true,512313,139,34,34,8,0,0
1637865946044,38,Small,200,OK,true,51511,138,34,34,8,0,0
1637865944624,1462,Large,200,OK,true,1048891,137,34,34,9,0,0
1637865945763,329,Medium-Large,200,OK,true,512313,139,34,34,9,0,0
1637865945725,371,Medium-Large,200,OK,true,512313,139,34,34,9,0,0
1637865946027,75,Small-Medium,200,OK,true,102713,139,34,34,8,0,0
1637865946075,38,Small,200,OK,true,51511,138,34,34,7,0,0
1637865946049,65,Small-Medium,200,OK,true,102713,139,34,34,8,0,0
1637865945953,162,Medium,200,OK,true,307513,139,34,34,7,0,0
1637865945558,563,Medium-Large,200,OK,true,512314,139,34,34,15,0,7
1637865946092,35,Small,200,OK,true,51511,138,34,34,8,0,0
1637865945960,170,Medium,200,OK,true,307513,139,34,34,8,0,0
1637865945790,364,Medium-Large,200,OK,true,512313,139,34,34,8,0,0
1637865946124,31,Small,200,OK,true,51511,138,34,34,8,0,0
1637865945862,297,Medium,200,OK,true,307513,139,34,34,8,0,0
1637865946086,73,Small,200,OK,true,51511,138,34,34,15,0,0
1637865945847,318,Medium-Large,200,OK,true,512313,139,34,34,8,0,0
1637865945996,175,Medium,200,OK,true,307513,139,34,34,7,0,0
1637865945907,290,Medium-Large,200,OK,true,512313,139,34,34,8,0,0
1637865946045,157,Medium,200,OK,true,307513,139,34,34,7,0,0
1637865945940,270,Medium-Large,200,OK,true,512313,139,34,34,7,0,0
1637865946159,61,Small-Medium,200,OK,true,102713,139,34,34,8,0,0
1637865945541,706,Large,200,OK,true,1048891,137,34,34,6,0,0
1637865946159,95,Small-Medium,200,OK,true,102713,139,34,34,8,0,0
1637865946062,195,Medium,200,OK,true,307512,139,34,34,9,0,0
1637865945961,297,Medium-Large,200,OK,true,512313,139,34,34,7,0,0
1637865945563,708,Large,200,OK,true,1048891,137,34,34,7,0,0
1637865946228,43,Small,200,OK,true,51511,138,34,34,8,0,0
1637865945414,871,Large,200,OK,true,1048891,137,34,34,7,0,0
1637865946055,249,Medium-Large,200,OK,true,512313,139,34,34,7,0,0
1637865946096,208,Medium,200,OK,true,307513,139,34,34,8,0,0
1637865946222,103,Small,200,OK,true,51511,138,34,34,14,0,0
1637865946004,323,Medium-Large,200,OK,true,512313,139,34,34,9,0,0
1637865946294,57,Small,200,OK,true,51511,138,34,34,9,0,0
1637865946165,217,Medium,200,OK,true,307513,139,34,34,9,0,0
1637865945784,600,Large,200,OK,true,1048891,137,34,34,8,0,0
1637865946286,104,Small-Medium,200,OK,true,102713,139,34,34,7,0,0
1637865946304,86,Small-Medium,200,OK,true,102713,139,34,34,21,0,0
1637865946115,280,Medium-Large,200,OK,true,512313,139,34,34,8,0,0
1637865946202,206,Medium,200,OK,true,307513,139,34,34,7,0,0
1637865946185,224,Medium,200,OK,true,307513,139,34,34,8,0,0
1637865946211,203,Medium,200,OK,true,307513,139,34,34,10,0,0
1637865946382,40,Small,200,OK,true,51511,138,34,34,7,0,0
1637865946395,33,Small,200,OK,true,51511,138,34,34,8,0,0
1637865946121,316,Medium-Large,200,OK,true,512313,139,34,34,8,0,0
1637865946364,77,Small-Medium,200,OK,true,102713,139,34,34,9,0,0
1637865946023,432,Medium,200,OK,true,307513,139,34,34,8,0,0
1637865946260,204,Medium,200,OK,true,307513,139,34,34,9,0,0
1637865946248,223,Medium,200,OK,true,307513,139,34,34,8,0,0
1637865946257,218,Medium,200,OK,true,307512,139,34,34,9,0,0
1637865946408,70,Small-Medium,200,OK,true,102713,139,34,34,7,0,0
1637865946441,49,Small,200,OK,true,51511,138,34,34,8,0,0
1637865946271,225,Medium,200,OK,true,307513,139,34,34,8,0,0
1637865946358,143,Small-Medium,200,OK,true,102713,139,34,34,12,0,0
1637865946154,354,Medium-Large,200,OK,true,512313,139,34,34,9,0,0
1637865945687,824,Large,200,OK,true,1048891,137,34,34,8,0,0
1637865946197,318,Medium-Large,200,OK,true,512313,139,34,34,8,0,0
1637865946476,40,Small,200,OK,true,51510,138,34,34,8,0,0
1637865946471,46,Small,200,OK,true,51511,138,34,34,9,0,0
1637865946384,193,Medium,200,OK,true,307513,139,34,34,7,0,0
1637865946515,63,Small-Medium,200,OK,true,102713,139,34,34,8,0,0
1637865946543,38,Small,200,OK,true,51511,138,34,34,7,0,0
1637865946532,66,Small-Medium,200,OK,true,102713,139,34,34,6,0,0
1637865946022,615,Large,200,OK,true,1048891,137,34,34,9,0,0
1637865946437,202,Medium,200,OK,true,307513,139,34,34,7,0,0
1637865946464,183,Medium,200,OK,true,307513,139,34,34,8,0,0
1637865946578,75,Small-Medium,200,OK,true,102713,139,34,34,8,0,0
1637865946327,329,Medium-Large,200,OK,true,512313,139,34,34,9,0,0
1637865946639,75,Small-Medium,200,OK,true,102713,139,34,34,9,0,0
1637865946414,303,Medium-Large,200,OK,true,512313,139,34,34,7,0,0
1637865945671,1050,Large,200,OK,true,1048855,137,34,34,7,0,0
1637865946651,72,Small-Medium,200,OK,true,102713,139,34,34,8,0,0
1637865946647,79,Small-Medium,200,OK,true,102713,139,34,34,8,0,0
1637865946508,224,Medium,200,OK,true,307513,139,34,34,8,0,0
1637865946667,79,Small-Medium,200,OK,true,102713,139,34,34,8,0,0
1637865946430,321,Medium-Large,200,OK,true,512313,139,34,34,8,0,0
1637865946294,463,Medium-Large,200,OK,true,512313,139,34,34,7,0,0
1637865946713,48,Small,200,OK,true,51511,138,34,34,8,0,0
1637865946577,196,Medium,200,OK,true,307513,139,34,34,9,0,0
1637865946130,652,Large,200,OK,true,1048891,137,34,34,8,0,0
1637865946751,40,Small,200,OK,true,51511,138,34,34,8,0,0
1637865946757,56,Small,200,OK,true,51511,138,34,34,8,0,0
1637865946166,652,Large,200,OK,true,1048891,137,34,34,10,0,0
1637865946164,658,Large,200,OK,true,1048891,137,34,34,8,0,0
1637865946455,370,Medium,200,OK,true,307513,139,34,34,8,0,0
1637865946171,666,Large,200,OK,true,1048891,137,34,34,8,0,0
1637865946637,205,Medium,200,OK,true,307513,139,34,34,11,0,0
1637865946497,348,Medium-Large,200,OK,true,512312,139,34,34,9,0,0
1637865946782,75,Small-Medium,200,OK,true,102713,139,34,34,8,0,0
1637865946499,365,Medium-Large,200,OK,true,512312,139,34,34,12,0,0
1637865946511,355,Medium-Large,200,OK,true,512313,139,34,34,9,0,0
1637865946656,211,Medium,200,OK,true,307513,139,34,34,8,0,0
1637865946210,662,Large,200,OK,true,1048891,137,34,34,8,0,0
1637865946845,41,Small,200,OK,true,51510,138,34,34,8,0,0
1637865946180,708,Large,200,OK,true,1048891,137,34,34,8,0,0
1637865946717,187,Medium,200,OK,true,307513,139,34,34,9,0,0
1637865946837,69,Small-Medium,200,OK,true,102713,139,34,34,7,0,0
1637865946849,70,Small-Medium,200,OK,true,102713,139,34,34,8,0,0
1637865946304,615,Large,200,OK,true,1048891,137,34,34,21,0,0
1637865946258,667,Large,200,OK,true,1048891,137,34,34,10,0,0
1637865946732,202,Medium,200,OK,true,307513,139,34,34,8,0,0
1637865946825,123,Small-Medium,200,OK,true,102713,139,34,34,7,0,0
1637865946612,358,Medium-Large,200,OK,true,512312,139,34,34,7,0,0
1637865946784,192,Medium,200,OK,true,307513,139,34,34,7,0,0
1637865946775,202,Medium,200,OK,true,307513,139,34,34,9,0,0
1637865946786,198,Medium,200,OK,true,307513,139,34,34,8,0,0
1637865946804,189,Medium,200,OK,true,307513,139,34,34,7,0,0
1637865946722,299,Medium,200,OK,true,307514,139,34,34,14,0,7
1637865946842,201,Medium,200,OK,true,307513,139,34,34,8,0,0
1637865946985,78,Small-Medium,200,OK,true,102713,139,34,34,7,0,0
1637865946993,79,Small-Medium,200,OK,true,102713,139,34,34,8,0,0
1637865946872,208,Medium,200,OK,true,307513,139,34,34,7,0,0
1637865946864,221,Medium,200,OK,true,307512,139,34,34,8,0,0
1637865946073,1029,Large,200,OK,true,1048891,137,34,34,8,0,0
1637865946773,330,Medium-Large,200,OK,true,512313,139,34,34,8,0,0
1637865946904,205,Medium,200,OK,true,307513,139,34,34,8,0,0
1637865946409,701,Large,200,OK,true,1048891,137,34,34,8,0,0
1637865946888,232,Medium,200,OK,true,307513,139,34,34,8,0,0
1637865946919,207,Medium,200,OK,true,307513,139,34,34,10,0,0
1637865946919,227,Medium,200,OK,true,307513,139,34,34,10,0,0
1637865946818,340,Medium-Large,200,OK,true,512313,139,34,34,8,0,0
1637865946976,208,Medium,200,OK,true,307513,139,34,34,8,0,0
1637865947104,80,Small-Medium,200,OK,true,102713,139,34,34,12,0,0
1637865947109,76,Small-Medium,200,OK,true,102713,139,34,34,9,0,0
1637865947121,84,Small-Medium,200,OK,true,102713,139,34,34,9,0,0
1637865946974,231,Medium,200,OK,true,307513,139,34,34,7,0,0
1637865947129,78,Small-Medium,200,OK,true,102713,139,34,34,8,0,0
1637865946971,243,Medium,200,OK,true,307512,139,34,34,8,0,0
1637865946982,235,Medium,200,OK,true,307512,139,34,34,8,0,0
1637865947184,36,Small,200,OK,true,51511,138,34,34,21,0,0
1637865945904,1322,Large,200,OK,true,1048890,137,34,34,8,0,0
1637865946518,727,Large,200,OK,true,1048891,137,34,34,7,0,0
1637865946866,379,Medium-Large,200,OK,true,512313,139,34,34,7,0,0
1637865946887,359,Medium-Large,200,OK,true,512313,139,34,34,7,0,0
1637865947043,207,Medium,200,OK,true,307513,139,34,34,7,0,0
1637865947214,51,Small,200,OK,true,51510,138,34,34,7,0,0
1637865947246,36,Small,200,OK,true,51511,138,34,34,8,0,0
1637865947240,43,Small,200,OK,true,51511,138,34,34,8,0,0
1637865947226,59,Small,200,OK,true,51510,138,34,34,9,0,0
1637865947250,36,Small,200,OK,true,51511,138,34,34,7,0,0
1637865947126,191,Medium,200,OK,true,307513,139,34,34,7,0,0
1637865947110,216,Medium,200,OK,true,307513,139,34,34,9,0,0
1637865946607,719,Large,200,OK,true,1048891,137,34,34,7,0,0
1637865947245,88,Small-Medium,200,OK,true,102713,139,34,34,9,0,0
1637865947146,202,Medium,200,OK,true,307513,139,34,34,8,0,0
1637865947121,227,Medium,200,OK,true,307513,139,34,34,10,0,0
1637865946978,380,Medium-Large,200,OK,true,512313,139,34,34,8,0,0
1637865946961,408,Medium,200,OK,true,307513,139,34,34,10,0,0
1637865946680,695,Large,200,OK,true,1048891,137,34,34,7,0,0
1637865947317,64,Small-Medium,200,OK,true,102713,139,34,34,7,0,0
1637865947205,192,Medium,200,OK,true,307513,139,34,34,10,0,0
1637865947359,43,Small,200,OK,true,51511,138,34,34,9,0,0
1637865947326,78,Small-Medium,200,OK,true,102713,139,34,34,8,0,0
1637865947375,70,Small-Medium,200,OK,true,102713,139,34,34,8,0,0
1637865947265,187,Medium,200,OK,true,307513,139,34,34,8,0,0
1637865947383,71,Small-Medium,200,OK,true,102713,139,34,34,7,0,0
1637865947386,73,Small-Medium,200,OK,true,102713,139,34,34,7,0,0
1637865947158,318,Medium-Large,200,OK,true,512313,139,34,34,8,0,0
1637865947452,33,Small,200,OK,true,51511,138,34,34,8,0,0
1637865947463,51,Small,200,OK,true,51511,138,34,34,9,0,0
1637865946822,698,Large,200,OK,true,1048891,137,34,34,8,0,0
1637865947476,66,Small-Medium,200,OK,true,102713,139,34,34,7,0,0
1637865946420,1129,Large,200,OK,true,1048891,137,34,34,12,0,0
1637865947511,40,Small,200,OK,true,51511,138,34,34,8,0,0
1637865947348,212,Medium,200,OK,true,307513,139,34,34,8,0,0
1637865947217,348,Medium-Large,200,OK,true,512312,139,34,34,9,0,0
1637865947256,319,Medium-Large,200,OK,true,512313,139,34,34,8,0,0
1637865947245,338,Medium-Large,200,OK,true,512313,139,34,34,11,0,0
1637865947245,340,Medium-Large,200,OK,true,512313,139,34,34,9,0,0
1637865947522,63,Small-Medium,200,OK,true,102713,139,34,34,7,0,0
1637865947397,195,Medium,200,OK,true,307513,139,34,34,7,0,0
1637865947560,33,Small,200,OK,true,51511,138,34,34,10,0,0
1637865946867,740,Large,200,OK,true,1048891,137,34,34,8,0,0
1637865947565,50,Small,200,OK,true,51510,138,34,34,9,0,0
1637865946925,693,Large,200,OK,true,1048891,137,34,34,8,0,0
1637865947588,31,Small,200,OK,true,51511,138,34,34,7,0,0
1637865947585,41,Small,200,OK,true,51511,138,34,34,9,0,0
1637865947607,32,Small,200,OK,true,51511,138,34,34,8,0,0
1637865947599,41,Small,200,OK,true,51511,138,34,34,8,0,0
1637865947549,96,Small-Medium,200,OK,true,102713,139,34,34,12,0,0
1637865947583,64,Small-Medium,200,OK,true,102713,139,34,34,10,0,0
1637865947593,54,Small-Medium,200,OK,true,102713,139,34,34,7,0,0
1637865946934,730,Large,200,OK,true,1048891,137,34,34,7,0,0
1637865947499,174,Medium,200,OK,true,307513,139,34,34,7,0,0
1637865947618,57,Small-Medium,200,OK,true,102713,139,34,34,7,0,0
1637865947375,302,Medium-Large,200,OK,true,512313,139,34,34,8,0,0
1637865947022,665,Large,200,OK,true,1048891,137,34,34,7,0,0
1637865947351,337,Medium-Large,200,OK,true,512312,139,34,34,8,0,0
1637865947349,349,Medium-Large,200,OK,true,512313,139,34,34,8,0,0
1637865947080,620,Large,200,OK,true,1048891,137,34,34,8,0,0
1637865947673,36,Small,200,OK,true,51511,138,34,34,9,0,0
1637865947362,355,Medium,200,OK,true,307512,139,34,34,7,0,0
1637865946985,751,Large,200,OK,true,1048891,137,34,34,8,0,0
1637865947695,59,Small-Medium,200,OK,true,102713,139,34,34,9,0,0
1637865947369,394,Medium,200,OK,true,307513,139,34,34,8,0,0
1637865947381,386,Medium-Large,200,OK,true,512313,139,34,34,7,0,0
1637865947729,40,Small,200,OK,true,51511,138,34,34,8,0,0
1637865947611,168,Medium,200,OK,true,307513,139,34,34,9,0,0
1637865947724,67,Small-Medium,200,OK,true,102713,139,34,34,9,0,0
1637865947085,709,Large,200,OK,true,1048890,137,34,34,8,0,0
1637865947518,277,Medium-Large,200,OK,true,512313,139,34,34,9,0,0
1637865947647,173,Medium,200,OK,true,307513,139,34,34,10,0,0
1637865947753,74,Small-Medium,200,OK,true,102713,139,34,34,7,0,0
1637865947717,117,Small-Medium,200,OK,true,102712,139,34,34,8,0,0
1637865947575,276,Medium-Large,200,OK,true,512313,139,34,34,9,0,0
1637865946893,971,Large,200,OK,true,1048891,137,34,34,7,0,0
1637865947687,180,Medium,200,OK,true,307513,139,34,34,9,0,0
1637865947851,39,Small,200,OK,true,51511,138,34,34,8,0,0
1637865947700,193,Medium,200,OK,true,307513,139,34,34,9,0,0
1637865947865,42,Small,200,OK,true,51511,138,34,34,8,0,0
1637865947698,210,Medium,200,OK,true,307513,139,34,34,9,0,0
1637865947688,226,Medium,200,OK,true,307512,139,34,34,8,0,0
1637865947320,594,Large,200,OK,true,1048891,137,34,34,8,0,0
1637865947859,72,Small-Medium,200,OK,true,102713,139,34,34,8,0,0
1637865947890,46,Small,200,OK,true,51511,138,34,34,9,0,0
1637865947914,34,Small,200,OK,true,51511,138,34,34,9,0,0
1637865947735,213,Medium,200,OK,true,307513,139,34,34,8,0,0
1637865947908,46,Small,200,OK,true,51511,138,34,34,10,0,0
1637865947657,318,Medium-Large,200,OK,true,512313,139,34,34,13,0,0
1637865947853,130,Small-Medium,200,OK,true,102712,139,34,34,8,0,0
1637865947796,188,Medium,200,OK,true,307513,139,34,34,7,0,0
1637865946501,1486,Large,200,OK,true,1048891,137,34,34,10,0,0
1637865947452,539,Large,200,OK,true,1048891,137,34,34,7,0,0
1637865947664,341,Medium-Large,200,OK,true,512313,139,34,34,9,0,0
1637865947767,245,Medium,200,OK,true,307513,139,34,34,7,0,0
1637865947326,699,Large,200,OK,true,1048891,137,34,34,8,0,0
1637865947831,213,Medium,200,OK,true,307513,139,34,34,9,0,0
1637865947987,65,Small-Medium,200,OK,true,102713,139,34,34,8,0,0
1637865947701,352,Medium-Large,200,OK,true,512312,139,34,34,10,0,0
1637865947987,76,Small,200,OK,true,51511,138,34,34,12,0,0
1637865948001,77,Small-Medium,200,OK,true,102713,139,34,34,10,0,0
1637865947779,319,Medium-Large,200,OK,true,512313,139,34,34,9,0,0
1637865948013,88,Small-Medium,200,OK,true,102713,139,34,34,8,0,0
1637865947520,598,Large,200,OK,true,1048891,137,34,34,8,0,0
1637865948053,91,Small-Medium,200,OK,true,102712,139,34,34,9,0,0
1637865947809,342,Medium-Large,200,OK,true,512313,139,34,34,8,0,0
1637865947794,366,Medium-Large,200,OK,true,512312,139,34,34,8,0,0
1637865948137,42,Small,200,OK,true,51511,138,34,34,8,0,0
1637865947864,321,Medium,200,OK,true,307513,139,34,34,8,0,0
1637865947893,294,Medium-Large,200,OK,true,512313,139,34,34,7,0,0
1637865948118,72,Small-Medium,200,OK,true,102713,139,34,34,9,0,0
1637865947685,511,Medium-Large,200,OK,true,512313,139,34,34,8,0,0
1637865948152,44,Small,200,OK,true,51511,138,34,34,10,0,0
1637865948188,36,Small,200,OK,true,51511,138,34,34,8,0,0
1637865948051,181,Medium,200,OK,true,307513,139,34,34,7,0,0
1637865948160,75,Small-Medium,200,OK,true,102712,139,34,34,7,0,0
1637865948026,212,Medium,200,OK,true,307513,139,34,34,8,0,0
1637865948044,236,Medium,200,OK,true,307513,139,34,34,9,0,0
1637865948186,97,Small-Medium,200,OK,true,102713,139,34,34,7,0,0
1637865948098,191,Medium,200,OK,true,307513,139,34,34,7,0,0
1637865947677,612,Large,200,OK,true,1048891,137,34,34,9,0,0
1637865947991,300,Medium-Large,200,OK,true,512312,139,34,34,9,0,0
1637865947914,381,Medium-Large,200,OK,true,512312,139,34,34,10,0,0
1637865947996,302,Medium-Large,200,OK,true,512313,139,34,34,8,0,0
1637865948196,105,Small-Medium,200,OK,true,102713,139,34,34,7,0,0
1637865947989,328,Medium,200,OK,true,307512,139,34,34,7,0,0
1637865947948,375,Medium-Large,200,OK,true,512313,139,34,34,8,0,0
1637865948290,39,Small,200,OK,true,51511,138,34,34,9,0,0
1637865948289,41,Small,200,OK,true,51511,138,34,34,8,0,0
1637865948298,35,Small,200,OK,true,51511,138,34,34,8,0,0
1637865948295,48,Small,200,OK,true,51475,138,34,34,8,0,0
1637865948273,79,Small-Medium,200,OK,true,102713,139,34,34,9,0,0
1637865947719,646,Large,200,OK,true,1048891,137,34,34,9,0,0
1637865948332,67,Small,200,OK,true,51511,138,34,34,9,0,0
1637865948148,259,Medium,200,OK,true,307513,139,34,34,8,0,0
1637865948232,186,Medium,200,OK,true,307513,139,34,34,9,0,0
1637865948238,198,Medium,200,OK,true,307513,139,34,34,9,0,0
1637865948317,119,Small-Medium,200,OK,true,102712,139,34,34,8,0,0
1637865947722,716,Large,200,OK,true,1048891,137,34,34,9,0,0
1637865948291,166,Medium,200,OK,true,307512,139,34,34,10,0,0
1637865947737,722,Large,200,OK,true,1048891,137,34,34,7,0,0
1637865948425,36,Small,200,OK,true,51511,138,34,34,9,0,0
1637865947764,715,Medium-Large,200,OK,true,512313,139,34,34,8,0,0
1637865948457,32,Small,200,OK,true,51510,138,34,34,8,0,0
1637865948288,207,Medium,200,OK,true,307513,139,34,34,9,0,0
1637865947102,1400,Large,200,OK,true,1048891,137,34,34,8,0,0
1637865947743,763,Large,200,OK,true,1048891,137,34,34,8,0,0
1637865947820,686,Large,200,OK,true,1048891,137,34,34,9,0,0
1637865948495,35,Small,200,OK,true,51511,138,34,34,9,0,0
1637865947867,666,Large,200,OK,true,1048891,137,34,34,8,0,0
1637865948365,200,Medium,200,OK,true,307513,139,34,34,8,0,0
1637865948533,36,Small,200,OK,true,51511,138,34,34,8,0,0
1637865948506,72,Small-Medium,200,OK,true,102713,139,34,34,8,0,0
1637865948433,150,Small-Medium,200,OK,true,102714,139,34,34,16,0,8
1637865948418,205,Medium,200,OK,true,307513,139,34,34,7,0,0
1637865948426,198,Medium,200,OK,true,307513,139,34,34,8,0,0
1637865947975,653,Large,200,OK,true,1048891,137,34,34,9,0,0
1637865948324,312,Medium-Large,200,OK,true,512313,139,34,34,8,0,0
1637865947984,668,Large,200,OK,true,1048891,137,34,34,9,0,0
1637865948438,218,Medium,200,OK,true,307513,139,34,34,8,0,0
1637865948631,43,Small,200,OK,true,51511,138,34,34,8,0,0
1637865948636,45,Small,200,OK,true,51511,138,34,34,8,0,0
1637865948642,43,Small,200,OK,true,51511,138,34,34,8,0,0
1637865948323,368,Medium-Large,200,OK,true,512313,139,34,34,8,0,0
1637865948624,78,Small-Medium,200,OK,true,102713,139,34,34,8,0,0
1637865948044,692,Large,200,OK,true,1048891,137,34,34,7,0,0
1637865948434,312,Medium-Large,200,OK,true,512313,139,34,34,8,0,0
1637865948123,635,Large,200,OK,true,1048891,137,34,34,8,0,0
1637865948025,737,Large,200,OK,true,1048891,137,34,34,8,0,0
1637865948005,758,Large,200,OK,true,1048891,137,34,34,9,0,0
1637865948436,333,Medium-Large,200,OK,true,512313,139,34,34,8,0,0
1637865948565,205,Medium,200,OK,true,307513,139,34,34,8,0,0
1637865948407,364,Medium-Large,200,OK,true,512313,139,34,34,11,0,0
1637865948760,41,Small,200,OK,true,51511,138,34,34,8,0,0
1637865948767,38,Small,200,OK,true,51511,138,34,34,9,0,0
1637865948772,43,Small,200,OK,true,51511,138,34,34,9,0,0
1637865948453,366,Medium,200,OK,true,307512,139,34,34,8,0,0
1637865948502,329,Medium,200,OK,true,307513,139,34,34,8,0,0
1637865948459,375,Medium-Large,200,OK,true,512313,139,34,34,9,0,0
1637865948321,517,Medium-Large,200,OK,true,512313,139,34,34,9,0,0
1637865948624,215,Medium,200,OK,true,307513,139,34,34,9,0,0
1637865948123,720,Medium-Large,200,OK,true,512313,139,34,34,13,0,0
1637865948652,199,Medium,200,OK,true,307513,139,34,34,8,0,0
1637865948657,211,Medium,200,OK,true,307513,139,34,34,8,0,0
1637865948560,342,Medium-Large,200,OK,true,512313,139,34,34,10,0,0
1637865948594,322,Medium-Large,200,OK,true,512312,139,34,34,8,0,0
1637865948834,84,Small-Medium,200,OK,true,102713,139,34,34,8,0,0
1637865948736,196,Medium,200,OK,true,307513,139,34,34,8,0,0
1637865948896,38,Small,200,OK,true,51511,138,34,34,8,0,0
1637865948902,38,Small,200,OK,true,51511,138,34,34,9,0,0
1637865948838,102,Small-Medium,200,OK,true,102713,139,34,34,8,0,0
1637865948189,756,Large,200,OK,true,1048890,137,34,34,9,0,0
1637865948903,44,Small,200,OK,true,51511,138,34,34,9,0,0
1637865948758,191,Medium,200,OK,true,307513,139,34,34,10,0,0
1637865948583,369,Medium-Large,200,OK,true,512313,139,34,34,8,0,0
1637865948254,701,Large,200,OK,true,1048890,137,34,34,8,0,0
1637865948932,32,Small,200,OK,true,51511,138,34,34,8,0,0
1637865948769,226,Medium,200,OK,true,307513,139,34,34,8,0,0
1637865948762,238,Medium,200,OK,true,307513,139,34,34,8,0,0
1637865948955,51,Small,200,OK,true,51510,138,34,34,9,0,0
1637865948949,64,Small-Medium,200,OK,true,102713,139,34,34,9,0,0
1637865948296,731,Large,200,OK,true,1048890,137,34,34,8,0,0
1637865948952,82,Small-Medium,200,OK,true,102713,139,34,34,8,0,0
1637865948746,297,Medium-Large,200,OK,true,512313,139,34,34,9,0,0
1637865948468,578,Medium-Large,200,OK,true,512313,139,34,34,9,0,0
1637865948851,195,Medium,200,OK,true,307513,139,34,34,9,0,0
1637865948280,777,Large,200,OK,true,1048891,137,34,34,8,0,0
1637865948691,374,Medium-Large,200,OK,true,512313,139,34,34,9,0,0
1637865949043,28,Small,200,OK,true,51511,138,34,34,8,0,0
1637865948409,671,Large,200,OK,true,1048891,137,34,34,10,0,0
1637865948770,311,Medium-Large,200,OK,true,512313,139,34,34,7,0,0
1637865948916,167,Medium,200,OK,true,307512,139,34,34,8,0,0
1637865949047,43,Small,200,OK,true,51511,138,34,34,10,0,0
1637865949032,62,Small-Medium,200,OK,true,102713,139,34,34,9,0,0
1637865949027,79,Small-Medium,200,OK,true,102712,139,34,34,9,0,0
1637865949085,38,Small,200,OK,true,51511,138,34,34,7,0,0
1637865949069,62,Small-Medium,200,OK,true,102713,139,34,34,7,0,0
1637865949046,94,Small-Medium,200,OK,true,102713,139,34,34,9,0,0
1637865948778,375,Medium-Large,200,OK,true,512313,139,34,34,8,0,0
1637865948772,388,Medium-Large,200,OK,true,512313,139,34,34,10,0,0
1637865948945,220,Medium,200,OK,true,307512,139,34,34,9,0,0
1637865948819,348,Medium,200,OK,true,307477,139,34,34,8,0,0
1637865948506,665,Large,200,OK,true,1048891,137,34,34,11,0,0
1637865949168,37,Small,200,OK,true,51511,138,34,34,7,0,0
1637865948908,310,Medium-Large,200,OK,true,512313,139,34,34,8,0,0
1637865949153,76,Small-Medium,200,OK,true,102713,139,34,34,8,0,0
1637865949160,81,Small-Medium,200,OK,true,102713,139,34,34,11,0,0
1637865949178,65,Small-Medium,200,OK,true,102713,139,34,34,8,0,0
1637865949167,79,Small,200,OK,true,51512,138,34,34,15,0,8
1637865949084,175,Medium,200,OK,true,307512,139,34,34,8,0,0
1637865949057,210,Medium,200,OK,true,307513,139,34,34,8,0,0
1637865948628,659,Large,200,OK,true,1048891,137,34,34,8,0,0
1637865949219,76,Small-Medium,200,OK,true,102713,139,34,34,8,0,0
1637865948995,314,Medium-Large,200,OK,true,512313,139,34,34,9,0,0
1637865948669,686,Large,200,OK,true,1048891,137,34,34,7,0,0
1637865949287,76,Small-Medium,200,OK,true,102713,139,34,34,9,0,0
1637865949302,68,Small,200,OK,true,51511,138,34,34,8,0,0
1637865949163,216,Medium,200,OK,true,307512,139,34,34,9,0,0
1637865949082,301,Medium-Large,200,OK,true,512313,139,34,34,8,0,0
1637865949355,39,Small,200,OK,true,51511,138,34,34,8,0,0
1637865949080,324,Medium-Large,200,OK,true,512313,139,34,34,8,0,0
1637865949222,183,Medium,200,OK,true,307513,139,34,34,9,0,0
1637865949093,324,Medium-Large,200,OK,true,512312,139,34,34,8,0,0
1637865949205,212,Medium,200,OK,true,307513,139,34,34,10,0,0
1637865949355,70,Small-Medium,200,OK,true,102713,139,34,34,8,0,0
1637865949404,39,Small,200,OK,true,51511,138,34,34,8,0,0
1637865949065,390,Medium-Large,200,OK,true,512313,139,34,34,8,0,0
1637865949379,78,Small-Medium,200,OK,true,102712,139,34,34,7,0,0
1637865949383,75,Small-Medium,200,OK,true,102712,139,34,34,9,0,0
1637865949424,38,Small,200,OK,true,51511,138,34,34,8,0,0
1637865948840,632,Large,200,OK,true,1048891,137,34,34,8,0,0
1637865949182,316,Medium-Large,200,OK,true,512313,139,34,34,9,0,0
1637865949456,45,Small,200,OK,true,51511,138,34,34,8,0,0
1637865949472,30,Small,200,OK,true,51511,138,34,34,9,0,0
1637865949171,332,Medium-Large,200,OK,true,512313,139,34,34,10,0,0
1637865949289,217,Medium,200,OK,true,307513,139,34,34,7,0,0
1637865948764,742,Large,200,OK,true,1048891,137,34,34,8,0,0
1637865949310,202,Medium,200,OK,true,307513,139,34,34,9,0,0
1637865949259,273,Medium-Large,200,OK,true,512312,139,34,34,8,0,0
1637865948843,719,Medium-Large,200,OK,true,512313,139,34,34,12,0,0
1637865948868,715,Large,200,OK,true,1048891,137,34,34,9,0,0
1637865949533,71,Small-Medium,200,OK,true,102712,139,34,34,7,0,0
1637865949314,302,Medium-Large,200,OK,true,512313,139,34,34,9,0,0
1637865949267,366,Medium-Large,200,OK,true,512313,139,34,34,20,0,0
1637865948975,714,Large,200,OK,true,1048891,137,34,34,12,0,0
1637865949608,84,Small-Medium,200,OK,true,102713,139,34,34,7,0,0
1637865949182,513,Medium-Large,200,OK,true,512313,139,34,34,9,0,0
1637865949000,710,Large,200,OK,true,1048891,137,34,34,10,0,0
1637865949038,672,Large,200,OK,true,1048891,137,34,34,10,0,0
1637865949669,42,Small,200,OK,true,51510,138,34,34,6,0,0
1637865949710,40,Small,200,OK,true,51511,138,34,34,7,0,0
1637865949541,215,Medium,200,OK,true,307513,139,34,34,6,0,0
1637865949039,719,Large,200,OK,true,1048891,137,34,34,10,0,0
1637865949689,82,Small-Medium,200,OK,true,102713,139,34,34,9,0,0
1637865949711,71,Small-Medium,200,OK,true,102713,139,34,34,7,0,0
1637865949695,119,Small-Medium,200,OK,true,102713,139,34,34,9,0,0
1637865949584,239,Medium,200,OK,true,307513,139,34,34,7,0,0
1637865948479,1349,Large,200,OK,true,1048891,137,34,34,7,0,0
1637865949089,748,Large,200,OK,true,1048891,137,34,34,11,0,0
1637865949492,361,Medium-Large,200,OK,true,512313,139,34,34,10,0,0
1637865949823,42,Small,200,OK,true,51511,138,34,34,7,0,0
1637865949506,376,Medium-Large,200,OK,true,512313,139,34,34,8,0,0
1637865949845,38,Small,200,OK,true,51511,138,34,34,7,0,0
1637865949515,389,Medium-Large,200,OK,true,512277,139,34,34,7,0,0
1637865949165,747,Large,200,OK,true,1048855,137,34,34,8,0,0
1637865949846,74,Small-Medium,200,OK,true,102713,139,34,34,7,0,0
1637865948975,963,Large,200,OK,true,1048891,137,34,34,12,0,0
1637865949831,117,Small-Medium,200,OK,true,102713,139,34,34,11,0,0
1637865949912,44,Small,200,OK,true,51512,138,34,34,13,0,6
1637865948831,1146,Large,200,OK,true,1048891,137,34,34,8,0,0
1637865949303,704,Large,200,OK,true,1048891,137,34,34,9,0,0
1637865949939,87,Small-Medium,200,OK,true,102713,139,34,34,7,0,0
1637865949959,72,Small-Medium,200,OK,true,102713,139,34,34,6,0,0
1637865949837,220,Medium,200,OK,true,307513,139,34,34,8,0,0
1637865949296,778,Large,200,OK,true,1048891,137,34,34,8,0,0
1637865949977,98,Small-Medium,200,OK,true,102713,139,34,34,12,0,0
1637865949854,230,Medium,200,OK,true,307513,139,34,34,6,0,0
1637865950057,36,Small,200,OK,true,51511,138,34,34,18,0,0
1637865949744,358,Medium-Large,200,OK,true,512313,139,34,34,7,0,0
1637865949405,701,Large,200,OK,true,1048891,137,34,34,7,0,0
1637865949904,226,Medium,200,OK,true,307514,139,34,34,14,0,7
1637865949417,718,Large,200,OK,true,1048890,137,34,34,8,0,0
1637865949805,336,Medium-Large,200,OK,true,512277,139,34,34,7,0,0
1637865950102,41,Small,200,OK,true,51511,138,34,34,9,0,0
1637865949417,727,Large,200,OK,true,1048891,137,34,34,9,0,0
1637865950075,104,Small-Medium,200,OK,true,102713,139,34,34,10,0,0
1637865950144,41,Small,200,OK,true,51511,138,34,34,9,0,0
1637865949491,716,Large,200,OK,true,1048891,137,34,34,7,0,0
1637865949982,227,Medium,200,OK,true,307513,139,34,34,8,0,0
1637865949982,230,Medium,200,OK,true,307513,139,34,34,7,0,0
1637865950007,208,Medium,200,OK,true,307513,139,34,34,6,0,0
1637865949438,778,Large,200,OK,true,1048891,137,34,34,9,0,0
1637865949498,727,Large,200,OK,true,1048891,137,34,34,9,0,0
1637865949520,718,Large,200,OK,true,1048890,137,34,34,8,0,0
1637865949503,739,Large,200,OK,true,1048891,137,34,34,9,0,0
1637865950212,32,Small,200,OK,true,51511,138,34,34,7,0,0
1637865950209,38,Small,200,OK,true,51511,138,34,34,8,0,0
1637865949513,737,Large,200,OK,true,1048891,137,34,34,7,0,0
1637865949506,747,Large,200,OK,true,1048891,137,34,34,8,0,0
1637865950225,37,Small,200,OK,true,51511,138,34,34,7,0,0
1637865949560,710,Large,200,OK,true,1048891,137,34,34,8,0,0
1637865949967,312,Medium,200,OK,true,307513,139,34,34,8,0,0
1637865950106,183,Medium,200,OK,true,307513,139,34,34,6,0,0
1637865949616,686,Large,200,OK,true,1048891,137,34,34,7,0,0
1637865950250,72,Small-Medium,200,OK,true,102713,139,34,34,11,0,0
1637865950289,36,Small,200,OK,true,51511,138,34,34,8,0,0
1637865950271,69,Small-Medium,200,OK,true,102713,139,34,34,10,0,0
1637865949592,759,Large,200,OK,true,1048891,137,34,34,6,0,0
1637865949633,733,Large,200,OK,true,1048891,137,34,34,7,0,0
1637865950280,91,Small-Medium,200,OK,true,102713,139,34,34,6,0,0
1637865950207,191,Medium,200,OK,true,307513,139,34,34,8,0,0
1637865950386,36,Small,200,OK,true,51511,138,34,34,8,0,0
1637865950243,192,Medium,200,OK,true,307513,139,34,34,7,0,0
1637865949757,700,Large,200,OK,true,1048891,137,34,34,6,0,0
1637865950094,364,Medium-Large,200,OK,true,512313,139,34,34,9,0,0
1637865950074,390,Medium-Large,200,OK,true,512313,139,34,34,10,0,0
1637865950131,340,Medium-Large,200,OK,true,512313,139,34,34,10,0,0
1637865949758,715,Large,200,OK,true,1048891,137,34,34,8,0,0
1637865950211,284,Medium,200,OK,true,307513,139,34,34,8,0,0
1637865950457,41,Small,200,OK,true,51511,138,34,34,9,0,0
1637865950217,299,Medium-Large,200,OK,true,512313,139,34,34,8,0,0
1637865950458,72,Small-Medium,200,OK,true,102713,139,34,34,9,0,0
1637865950471,78,Small-Medium,200,OK,true,102713,139,34,34,7,0,0
1637865950473,80,Small-Medium,200,OK,true,102713,139,34,34,9,0,0
1637865950522,35,Small,200,OK,true,51511,138,34,34,7,0,0
1637865950238,325,Medium-Large,200,OK,true,512312,139,35,35,8,0,0
1637865950238,329,Medium-Large,200,OK,true,512313,139,35,35,9,0,0
1637865949826,756,Large,200,OK,true,1048891,137,35,35,6,0,0
1637865950366,222,Medium,200,OK,true,307513,139,35,35,8,0,0
1637865950495,112,Small-Medium,200,OK,true,102713,139,35,35,8,0,0
1637865950303,311,Medium-Large,200,OK,true,512313,139,35,35,6,0,0
1637865949882,743,Large,200,OK,true,1048891,137,35,35,8,0,0
1637865950114,512,Medium-Large,200,OK,true,512313,139,35,35,7,0,0
1637865950281,345,Medium-Large,200,OK,true,512313,139,35,35,8,0,0
1637865950435,215,Medium,200,OK,true,307513,139,35,35,7,0,0
1637865950594,61,Small,200,OK,true,51511,138,35,35,18,0,0
1637865950142,515,Medium-Large,200,OK,true,512314,139,35,35,15,0,7
1637865950588,81,Small-Medium,200,OK,true,102713,139,35,35,8,0,0
1637865950609,77,Small-Medium,200,OK,true,102713,139,35,35,7,0,0
1637865950662,42,Small,200,OK,true,51511,138,35,35,7,0,0
1637865950625,84,Small-Medium,200,OK,true,102713,139,35,35,13,0,0
1637865950348,378,Medium-Large,200,OK,true,512313,139,35,35,8,0,0
1637865950398,348,Medium-Large,200,OK,true,512313,139,35,35,7,0,0
1637865950407,354,Medium-Large,200,OK,true,512313,139,35,35,7,0,0
1637865950563,202,Medium,200,OK,true,307512,139,35,35,18,0,0
1637865950728,48,Small,200,OK,true,51511,138,35,35,8,0,0
1637865950084,704,Large,200,OK,true,1048891,137,35,35,8,0,0
1637865950048,743,Large,200,OK,true,1048891,137,35,35,8,0,0
1637865950135,669,Large,200,OK,true,1048890,137,35,35,8,0,0
1637865950593,214,Medium,200,OK,true,307513,139,35,35,9,0,0
1637865950734,79,Small-Medium,200,OK,true,102713,139,35,35,8,0,0
1637865950746,74,Small-Medium,200,OK,true,102712,139,35,35,8,0,0
1637865950607,224,Medium,200,OK,true,307513,139,35,35,8,0,0
1637865950765,77,Small-Medium,200,OK,true,102712,139,35,35,7,0,0
1637865950657,218,Medium,200,OK,true,307513,139,35,35,8,0,0
1637865950215,676,Large,200,OK,true,1048891,137,35,35,7,0,0
1637865950567,343,Medium-Large,200,OK,true,512313,139,35,35,17,0,0
1637865950869,45,Small,200,OK,true,51511,138,35,35,10,0,0
1637865950195,723,Large,200,OK,true,1048891,137,35,35,7,0,0
1637865950875,51,Small,200,OK,true,51511,138,35,35,8,0,0
1637865950726,223,Medium,200,OK,true,307513,139,35,35,7,0,0
1637865950614,348,Medium-Large,200,OK,true,512313,139,35,35,8,0,0
1637865950886,78,Small-Medium,200,OK,true,102712,139,35,35,7,0,0
1637865950761,210,Medium,200,OK,true,307513,139,35,35,8,0,0
1637865950416,556,Medium-Large,200,OK,true,512313,139,35,35,10,0,0
1637865950626,349,Medium-Large,200,OK,true,512313,139,35,35,8,0,0
1637865950905,77,Small-Medium,200,OK,true,102712,139,35,35,6,0,0
1637865950765,222,Medium,200,OK,true,307513,139,35,35,8,0,0
1637865950253,748,Large,200,OK,true,1048891,137,35,35,8,0,0
1637865950626,377,Medium,200,OK,true,307513,139,35,35,8,0,0
1637865950975,39,Small,200,OK,true,51511,138,35,35,7,0,0
1637865950791,225,Medium,200,OK,true,307513,139,35,35,7,0,0
1637865950559,477,Medium-Large,200,OK,true,512314,139,35,35,22,0,7
1637865950345,705,Large,200,OK,true,1048891,137,35,35,7,0,0
1637865951016,39,Small,200,OK,true,51511,138,35,35,7,0,0
1637865949828,1230,Large,200,OK,true,1048891,137,35,35,6,0,0
1637865950362,728,Large,200,OK,true,1048891,137,35,35,6,0,0
1637865951050,42,Small,200,OK,true,51511,138,35,35,8,0,0
1637865951026,82,Small-Medium,200,OK,true,102712,139,35,35,7,0,0
1637865951003,113,Small-Medium,200,OK,true,102713,139,35,35,8,0,0
1637865951045,77,Small-Medium,200,OK,true,102712,139,35,35,8,0,0
1637865950425,708,Large,200,OK,true,1048891,137,35,35,7,0,0
1637865950352,783,Large,200,OK,true,1048891,137,35,35,7,0,0
1637865950634,505,Medium-Large,200,OK,true,512313,139,35,35,7,0,0
1637865950804,340,Medium-Large,200,OK,true,512312,139,35,35,7,0,0
1637865950807,346,Medium-Large,200,OK,true,512313,139,35,35,6,0,0
1637865950962,195,Medium,200,OK,true,307513,139,35,35,7,0,0
1637865950802,362,Medium-Large,200,OK,true,512313,139,35,35,9,0,0
1637865950516,659,Large,200,OK,true,1048891,137,35,35,7,0,0
1637865951156,46,Small,200,OK,true,51511,138,35,35,6,0,0
1637865951166,40,Small,200,OK,true,51510,138,35,35,7,0,0
1637865950831,377,Medium-Large,200,OK,true,512313,139,35,35,7,0,0
1637865951153,76,Small-Medium,200,OK,true,102713,139,35,35,8,0,0
1637865951143,91,Small-Medium,200,OK,true,102713,139,35,35,6,0,0
1637865950464,772,Large,200,OK,true,1048891,137,35,35,7,0,0
1637865950873,366,Medium-Large,200,OK,true,512313,139,35,35,8,0,0
1637865951208,48,Small,200,OK,true,51511,138,35,35,8,0,0
1637865951239,39,Small,200,OK,true,51511,138,35,35,7,0,0
1637865950918,362,Medium-Large,200,OK,true,512313,139,35,35,7,0,0
1637865950949,356,Medium-Large,200,OK,true,512313,139,35,35,7,0,0
1637865950582,741,Large,200,OK,true,1048891,137,35,35,12,0,0
1637865951133,200,Medium,200,OK,true,307513,139,35,35,6,0,0
1637865951283,52,Small,200,OK,true,51511,138,35,35,7,0,0
1637865950987,359,Medium-Large,200,OK,true,512313,139,35,35,8,0,0
1637865951135,214,Medium,200,OK,true,307513,139,35,35,7,0,0
1637865951001,353,Medium-Large,200,OK,true,512313,139,35,35,10,0,0
1637865951008,355,Medium-Large,200,OK,true,512313,139,35,35,8,0,0
1637865950651,717,Large,200,OK,true,1048891,137,35,35,6,0,0
1637865951015,354,Medium-Large,200,OK,true,512313,139,35,35,7,0,0
1637865951334,36,Small,200,OK,true,51511,138,35,35,7,0,0
1637865951293,77,Small-Medium,200,OK,true,102713,139,35,35,6,0,0
1637865951164,213,Medium,200,OK,true,307513,139,35,35,8,0,0
1637865951036,354,Medium-Large,200,OK,true,512313,139,35,35,9,0,0
1637865951191,220,Medium,200,OK,true,307513,139,35,35,7,0,0
1637865949562,1853,Large,200,OK,true,1048891,137,35,35,12,0,0
1637865951091,343,Medium-Large,200,OK,true,512313,139,35,35,8,0,0
1637865951116,353,Medium-Large,200,OK,true,512313,139,35,35,7,0,0
1637865951236,234,Medium,200,OK,true,307513,139,35,35,7,0,0
1637865951157,342,Medium-Large,200,OK,true,512313,139,35,35,7,0,0
1637865950788,727,Large,200,OK,true,1048891,137,35,35,7,0,0
1637865951434,82,Small-Medium,200,OK,true,102713,139,35,35,7,0,0
1637865951415,105,Small,200,OK,true,51511,138,35,35,13,0,0
1637865950748,784,Large,200,OK,true,1048891,137,35,35,9,0,0
1637865951140,402,Medium-Large,200,OK,true,512313,139,35,35,6,0,0
1637865951306,238,Medium,200,OK,true,307512,139,35,35,8,0,0
1637865951305,247,Medium,200,OK,true,307513,139,35,35,7,0,0
1637865951533,44,Small,200,OK,true,51511,138,35,35,6,0,0
1637865951499,80,Small-Medium,200,OK,true,102713,139,35,35,8,0,0
1637865951515,77,Small-Medium,200,OK,true,102713,139,35,35,8,0,0
1637865950892,712,Large,200,OK,true,1048891,137,35,35,7,0,0
1637865951349,262,Medium,200,OK,true,307513,139,35,35,7,0,0
1637865951363,248,Medium,200,OK,true,307513,139,35,35,8,0,0
1637865951058,566,Medium-Large,200,OK,true,512313,139,35,35,6,0,0
1637865951379,245,Medium,200,OK,true,307513,139,35,35,7,0,0
1637865951544,83,Small-Medium,200,OK,true,102712,139,35,35,7,0,0
1637865950910,719,Large,200,OK,true,1048891,137,35,35,9,0,0
1637865951555,83,Small,200,OK,true,51511,138,35,35,10,0,0
1637865951604,37,Small,200,OK,true,51511,138,35,35,8,0,0
1637865951433,222,Medium,200,OK,true,307513,139,35,35,7,0,0
1637865951280,384,Medium-Large,200,OK,true,512313,139,35,35,7,0,0
1637865951474,215,Medium,200,OK,true,307513,139,35,35,6,0,0
1637865951470,229,Medium,200,OK,true,307513,139,35,35,7,0,0
1637865950971,754,Large,200,OK,true,1048891,137,35,35,7,0,0
1637865951629,97,Small-Medium,200,OK,true,102712,139,35,35,15,0,0
1637865951323,404,Medium-Large,200,OK,true,512313,139,35,35,7,0,0
1637865951346,400,Medium-Large,200,OK,true,512313,139,35,35,7,0,0
1637865951655,101,Small-Medium,200,OK,true,102713,139,35,35,7,0,0
1637865951349,410,Medium-Large,200,OK,true,512313,139,35,35,7,0,0
1637865951368,391,Medium-Large,200,OK,true,512313,139,35,35,7,0,0
1637865951664,98,Small-Medium,200,OK,true,102713,139,35,35,7,0,0
1637865951369,405,Medium-Large,200,OK,true,512313,139,35,35,7,0,0
1637865951689,85,Small-Medium,200,OK,true,102713,139,35,35,8,0,0
1637865951747,47,Small,200,OK,true,51511,138,35,35,7,0,0
1637865951574,225,Medium,200,OK,true,307513,139,35,35,8,0,0
1637865951727,90,Small-Medium,200,OK,true,102713,139,35,35,11,0,0
1637865951744,76,Small-Medium,200,OK,true,102713,139,35,35,8,0,0
1637865951175,659,Large,200,OK,true,1048891,137,35,35,7,0,0
1637865951543,316,Medium,200,OK,true,307513,139,35,35,6,0,0
1637865951639,224,Medium,200,OK,true,307513,139,35,35,6,0,0
1637865951624,251,Medium,200,OK,true,307513,139,35,35,7,0,0
1637865951144,758,Large,200,OK,true,1048890,137,35,35,6,0,0
1637865951863,42,Small,200,OK,true,51511,138,35,35,7,0,0
1637865951829,82,Small-Medium,200,OK,true,102713,139,35,35,10,0,0
1637865951695,231,Small-Medium,200,OK,true,102713,139,35,35,39,0,0
1637865951685,244,Medium,200,OK,true,307512,139,35,35,7,0,0
1637865951185,749,Large,200,OK,true,1048890,137,35,35,7,0,0
1637865951699,245,Medium,200,OK,true,307513,139,35,35,33,0,0
1637865951876,82,Small-Medium,200,OK,true,102713,139,35,35,7,0,0
1637865951887,82,Small-Medium,200,OK,true,102713,139,35,35,7,0,0
1637865951770,223,Medium,200,OK,true,307512,139,35,35,7,0,0
1637865951759,234,Medium,200,OK,true,307513,139,35,35,8,0,0
1637865950972,1034,Large,200,OK,true,1048891,137,35,35,9,0,0
1637865951774,234,Medium,200,OK,true,307513,139,35,35,7,0,0
1637865951934,75,Small-Medium,200,OK,true,102712,139,35,35,7,0,0
1637865951611,408,Medium-Large,200,OK,true,512313,139,35,35,7,0,0
1637865951944,80,Small-Medium,200,OK,true,102713,139,35,35,8,0,0
1637865951611,414,Medium-Large,200,OK,true,512313,139,35,35,8,0,0
1637865951795,231,Medium,200,OK,true,307513,139,35,35,7,0,0
1637865951926,110,Small,200,OK,true,51511,138,35,35,12,0,0
1637865951803,233,Medium,200,OK,true,307513,139,35,35,7,0,0
1637865951655,391,Medium-Large,200,OK,true,512313,139,35,35,7,0,0
1637865951834,213,Medium,200,OK,true,307513,139,35,35,8,0,0
1637865952008,42,Small,200,OK,true,51511,138,35,35,8,0,0
1637865952006,50,Small,200,OK,true,51511,138,35,35,8,0,0
1637865951673,407,Medium-Large,200,OK,true,512313,139,35,35,8,0,0
1637865952048,35,Small-Medium,200,OK,true,102713,139,35,35,7,0,0
1637865952003,81,Small-Medium,200,OK,true,102713,139,35,35,7,0,0
1637865951296,807,Large,200,OK,true,1048891,137,35,35,7,0,0
1637865952026,81,Small-Medium,200,OK,true,102713,139,35,35,8,0,0
1637865952025,82,Small-Medium,200,OK,true,102713,139,35,35,7,0,0
1637865951867,243,Medium,200,OK,true,307513,139,35,35,7,0,0
1637865952046,66,Small-Medium,200,OK,true,102713,139,35,35,7,0,0
1637865952073,39,Small,200,OK,true,51475,138,35,35,9,0,0
1637865951759,365,Medium-Large,200,OK,true,512313,139,35,35,8,0,0
1637865951354,777,Large,200,OK,true,1048891,137,35,35,7,0,0
1637865951929,211,Medium,200,OK,true,307512,139,35,35,10,0,0
1637865952103,46,Small,200,OK,true,51511,138,35,35,6,0,0
1637865952110,40,Small,200,OK,true,51511,138,35,35,9,0,0
1637865951799,351,Medium-Large,200,OK,true,512313,139,35,35,7,0,0
1637865952085,69,Small-Medium,200,OK,true,102713,139,35,35,8,0,0
1637865951411,752,Large,200,OK,true,1048891,137,35,35,6,0,0
1637865952066,98,Small-Medium,200,OK,true,102713,139,35,35,11,0,0
1637865951969,196,Medium,200,OK,true,307513,139,35,35,7,0,0
1637865951378,790,Large,200,OK,true,1048891,137,35,35,6,0,0
1637865951390,789,Large,200,OK,true,1048891,137,35,35,16,0,0
1637865952140,54,Small-Medium,200,OK,true,102712,139,35,35,9,0,0
1637865952143,51,Small-Medium,200,OK,true,102713,139,35,35,8,0,0
1637865952188,29,Small,200,OK,true,51511,138,35,35,10,0,0
1637865952026,196,Medium,200,OK,true,307513,139,35,35,7,0,0
1637865952187,38,Small,200,OK,true,51511,138,35,35,7,0,0
1637865952019,219,Medium,200,OK,true,307513,139,35,35,8,0,0
1637865952167,79,Small-Medium,200,OK,true,102713,139,35,35,24,0,0
1637865952179,84,Small-Medium,200,OK,true,102713,139,35,35,13,0,0
1637865952223,67,Small-Medium,200,OK,true,102713,139,35,35,8,0,0
1637865951624,670,Medium-Large,200,OK,true,512313,139,35,35,7,0,0
1637865952214,82,Small,200,OK,true,51512,138,35,35,15,0,7
1637865952207,95,Small,200,OK,true,51511,138,35,35,12,0,0
1637865952080,223,Medium,200,OK,true,307513,139,35,35,9,0,0
1637865952283,24,Small,200,OK,true,51511,138,35,35,9,0,0
1637865952124,198,Medium,200,OK,true,307513,139,35,35,7,0,0
1637865952151,173,Medium,200,OK,true,307513,139,35,35,7,0,0
1637865952280,48,Small,200,OK,true,51475,138,35,35,11,0,0
1637865951552,793,Large,200,OK,true,1048891,137,35,35,7,0,0
1637865952303,43,Small,200,OK,true,51511,138,35,35,11,0,0
1637865952250,99,Small-Medium,200,OK,true,102713,139,35,35,8,0,0
1637865952307,46,Small,200,OK,true,51511,138,35,35,13,0,0
1637865952163,201,Medium,200,OK,true,307513,139,35,35,8,0,0
1637865951860,505,Medium-Large,200,OK,true,512313,139,35,35,6,0,0
1637865951470,896,Large,200,OK,true,1048891,137,35,35,8,0,0
1637865952319,48,Small,200,OK,true,51511,138,35,35,8,0,0
1637865952037,340,Medium-Large,200,OK,true,512313,139,35,35,8,0,0
1637865952149,238,Medium,200,OK,true,307513,139,35,35,7,0,0
1637865952166,235,Medium,200,OK,true,307513,139,35,35,11,0,0
1637865952345,66,Small-Medium,200,OK,true,102713,139,35,35,9,0,0
1637865952378,41,Small,200,OK,true,51511,138,35,35,8,0,0
1637865951725,693,Large,200,OK,true,1048891,137,35,35,9,0,0
1637865952368,60,Small,200,OK,true,51511,138,35,35,11,0,0
1637865952366,66,Small-Medium,200,OK,true,102713,139,35,35,8,0,0
1637865952389,47,Small,200,OK,true,51511,138,35,35,20,0,0
1637865952348,89,Small,200,OK,true,51511,138,35,35,9,0,0
1637865952225,215,Medium,200,OK,true,307513,139,35,35,7,0,0
1637865952391,64,Small,200,OK,true,51511,138,35,35,18,0,0
1637865952238,237,Medium,200,OK,true,307513,139,35,35,8,0,0
1637865952444,34,Small,200,OK,true,51511,138,35,35,8,0,0
1637865952419,61,Small-Medium,200,OK,true,102713,139,35,35,7,0,0
1637865952442,40,Small,200,OK,true,51511,138,35,35,8,0,0
1637865952421,76,Small,200,OK,true,51512,138,35,35,15,0,7
1637865952168,343,Medium-Large,200,OK,true,512313,139,35,35,9,0,0
1637865951884,633,Large,200,OK,true,1048891,137,35,35,8,0,0
1637865952460,63,Small-Medium,200,OK,true,102713,139,35,35,7,0,0
1637865952148,398,Medium-Large,200,OK,true,512313,139,35,35,9,0,0
1637865951902,672,Large,200,OK,true,1048890,137,35,35,8,0,0
1637865952506,71,Small-Medium,200,OK,true,102713,139,35,35,7,0,0
1637865952424,165,Medium,200,OK,true,307513,139,35,35,9,0,0
1637865952513,83,Small-Medium,200,OK,true,102713,139,35,35,8,0,0
1637865952575,37,Small,200,OK,true,51510,138,35,35,12,0,0
1637865951994,622,Large,200,OK,true,1048890,137,35,35,8,0,0
1637865952590,29,Small,200,OK,true,51511,138,35,35,8,0,0
1637865952323,320,Medium-Large,200,OK,true,512313,139,35,35,7,0,0
1637865952582,69,Small-Medium,200,OK,true,102713,139,35,35,8,0,0
1637865952600,65,Small,200,OK,true,51511,138,35,35,8,0,0
1637865952366,308,Medium,200,OK,true,307513,139,35,35,9,0,0
1637865952618,59,Small-Medium,200,OK,true,102712,139,35,35,8,0,0
1637865952362,322,Medium-Large,200,OK,true,512313,139,35,35,9,0,0
1637865952165,552,Large,200,OK,true,1048891,137,35,35,8,0,0
1637865952645,74,Small-Medium,200,OK,true,102713,139,35,35,8,0,0
1637865952016,715,Large,200,OK,true,1048891,137,35,35,6,0,0
1637865952295,441,Medium,200,OK,true,307513,139,35,35,8,0,0
1637865952574,165,Small-Medium,200,OK,true,102713,139,35,35,8,0,0
1637865952718,27,Small,200,OK,true,51511,138,35,35,8,0,0
1637865951423,1334,Large,200,OK,true,1048891,137,35,35,8,0,0
1637865952715,58,Small-Medium,200,OK,true,102677,139,35,35,8,0,0
1637865951993,782,Large,200,OK,true,1048891,137,35,35,8,0,0
1637865952327,452,Large,200,OK,true,1048891,137,35,35,8,0,0
1637865952729,54,Small-Medium,200,OK,true,102713,139,35,35,9,0,0
1637865952739,46,Small,200,OK,true,51511,138,35,35,9,0,0
1637865952519,271,Medium-Large,200,OK,true,512313,139,35,35,8,0,0
1637865952722,72,Small-Medium,200,OK,true,102713,139,35,35,10,0,0
1637865952758,36,Small,200,OK,true,51510,138,35,35,8,0,0
1637865952674,128,Small-Medium,200,OK,true,102713,139,35,35,9,0,0
1637865952780,28,Small,200,OK,true,51511,138,35,35,11,0,0
1637865952584,229,Medium,200,OK,true,307513,139,35,35,11,0,0
1637865952738,76,Small,200,OK,true,51511,138,35,35,8,0,0
1637865952786,37,Small,200,OK,true,51511,138,35,35,8,0,0
1637865952790,46,Small-Medium,200,OK,true,102713,139,35,35,9,0,0
1637865952131,709,Large,200,OK,true,1048891,137,35,35,8,0,0
1637865952485,358,Medium-Large,200,OK,true,512313,139,35,35,8,0,0
1637865952476,390,Medium-Large,200,OK,true,512313,139,35,35,8,0,0
1637865952813,60,Small-Medium,200,OK,true,102713,139,35,35,8,0,0
1637865952844,32,Small,200,OK,true,51511,138,35,35,8,0,0
1637865952327,563,Large,200,OK,true,1048891,137,35,35,9,0,0
1637865952528,368,Medium-Large,200,OK,true,512313,139,35,35,8,0,0
1637865952644,285,Medium-Large,200,OK,true,512313,139,35,35,7,0,0
1637865952920,26,Small,200,OK,true,51511,138,35,35,11,0,0
1637865952324,622,Large,200,OK,true,1048891,137,35,35,8,0,0
1637865952854,98,Small,200,OK,true,51512,138,35,35,18,0,10
1637865952929,41,Small,200,OK,true,51511,138,35,35,17,0,0
1637865952684,290,Medium-Large,200,OK,true,512313,139,35,35,9,0,0
1637865952243,776,Large,200,OK,true,1048891,137,35,35,8,0,0
1637865952870,160,Medium,200,OK,true,307513,139,35,35,9,0,0
1637865952841,201,Medium,200,OK,true,307513,139,35,35,8,0,0
1637865953030,58,Small-Medium,200,OK,true,102713,139,35,35,9,0,0
1637865952995,94,Small-Medium,200,OK,true,102713,139,35,35,10,0,0
1637865952931,196,Medium,200,OK,true,307513,139,35,35,14,0,0
1637865952857,271,Medium-Large,200,OK,true,512313,139,35,35,9,0,0
1637865952402,730,Large,200,OK,true,1048891,137,35,35,9,0,0
1637865952896,262,Medium,200,OK,true,307513,139,35,35,7,0,0
1637865952880,282,Medium,200,OK,true,307513,139,35,35,13,0,0
1637865952354,815,Large,200,OK,true,1048891,137,35,35,7,0,0
1637865952448,726,Large,200,OK,true,1048891,137,35,35,8,0,0
1637865952974,212,Medium,200,OK,true,307513,139,35,35,8,0,0
1637865952861,330,Medium-Large,200,OK,true,512313,139,35,35,9,0,0
1637865952891,305,Medium-Large,200,OK,true,512313,139,35,35,8,0,0
1637865952897,311,Medium-Large,200,OK,true,512312,139,35,35,9,0,0
1637865953159,56,Small,200,OK,true,51511,138,35,35,9,0,0
1637865953136,80,Small,200,OK,true,51511,138,35,35,9,0,0
1637865952574,648,Large,200,OK,true,1048891,137,35,35,9,0,0
1637865952982,242,Medium,200,OK,true,307513,139,35,35,8,0,0
1637865953186,40,Small,200,OK,true,51511,138,35,35,10,0,0
1637865953174,73,Small-Medium,200,OK,true,102713,139,35,35,9,0,0
1637865953162,92,Small-Medium,200,OK,true,102713,139,35,35,9,0,0
1637865953170,90,Small-Medium,200,OK,true,102713,139,35,35,9,0,0
1637865953069,204,Medium,200,OK,true,307513,139,35,35,8,0,0
1637865953196,88,Small-Medium,200,OK,true,102713,139,35,35,10,0,0
1637865952518,769,Large,200,OK,true,1048891,137,35,35,7,0,0
1637865952947,341,Medium-Large,200,OK,true,512313,139,35,35,8,0,0
1637865953225,86,Small-Medium,200,OK,true,102713,139,35,35,8,0,0
1637865953128,198,Medium,200,OK,true,307513,139,35,35,13,0,0
1637865953288,44,Small,200,OK,true,51511,138,35,35,10,0,0
1637865952652,707,Large,200,OK,true,1048891,137,35,35,13,0,0
1637865953326,35,Small,200,OK,true,51511,138,35,35,10,0,0
1637865952530,833,Large,200,OK,true,1048891,137,35,35,8,0,0
1637865952878,488,Medium,200,OK,true,307513,139,35,35,11,0,0
1637865953132,265,Medium,200,OK,true,307513,139,35,35,13,0,0
1637865953313,90,Small-Medium,200,OK,true,102713,139,35,35,10,0,0
1637865953363,48,Small,200,OK,true,51511,138,35,35,9,0,0
1637865952508,906,Large,200,OK,true,1048891,137,35,35,7,0,0
1637865953020,412,Medium-Large,200,OK,true,512313,139,35,35,10,0,0
1637865953359,77,Small-Medium,200,OK,true,102713,139,35,35,8,0,0
1637865953127,316,Medium-Large,200,OK,true,512313,139,35,35,12,0,0
1637865953366,79,Small,200,OK,true,51511,138,35,35,8,0,0
1637865952548,913,Large,200,OK,true,1048891,137,35,35,8,0,0
1637865953172,298,Medium-Large,200,OK,true,512313,139,35,35,8,0,0
1637865953414,58,Small,200,OK,true,51511,138,35,35,8,0,0
1637865953397,89,Small-Medium,200,OK,true,102713,139,35,35,8,0,0
1637865952733,763,Large,200,OK,true,1048891,137,35,35,9,0,0
1637865953059,445,Large,200,OK,true,1048891,137,35,35,10,0,0
1637865953288,233,Medium,200,OK,true,307513,139,35,35,8,0,0
1637865953504,26,Small,200,OK,true,51511,138,35,35,8,0,0
1637865953208,334,Medium-Large,200,OK,true,512312,139,35,35,10,0,0
1637865953500,49,Small,200,OK,true,51511,138,35,35,11,0,0
1637865953522,86,Small-Medium,200,OK,true,102713,139,35,35,8,0,0
1637865952776,835,Large,200,OK,true,1048891,137,35,35,8,0,0
1637865952926,696,Large,200,OK,true,1048891,137,35,35,20,0,0
1637865953273,354,Medium-Large,200,OK,true,512313,139,35,35,8,0,0
1637865953470,190,Medium,200,OK,true,307513,139,35,35,8,0,0
1637865953337,333,Medium-Large,200,OK,true,512313,139,35,35,9,0,0
1637865953432,255,Medium,200,OK,true,307513,139,35,35,10,0,0
1637865953622,67,Small-Medium,200,OK,true,102713,139,35,35,10,0,0
1637865952866,843,Large,200,OK,true,1048891,137,35,35,8,0,0
1637865953670,39,Small,200,OK,true,51511,138,35,35,9,0,0
1637865953300,416,Medium-Large,200,OK,true,512313,139,35,35,11,0,0
1637865953310,420,Medium-Large,200,OK,true,512313,139,35,35,10,0,0
1637865952952,785,Large,200,OK,true,1048891,137,35,35,11,0,0
1637865953497,241,Medium,200,OK,true,307513,139,35,35,9,0,0
1637865953504,249,Medium,200,OK,true,307513,139,35,35,8,0,0
1637865953537,250,Medium,200,OK,true,307513,139,35,35,10,0,0
1637865953709,82,Small-Medium,200,OK,true,102713,139,35,35,10,0,0
1637865953753,44,Small,200,OK,true,51511,138,35,35,7,0,0
1637865953738,85,Small-Medium,200,OK,true,102713,139,35,35,15,0,0
1637865953761,69,Small-Medium,200,OK,true,102713,139,35,35,10,0,0
1637865953466,384,Medium-Large,200,OK,true,512313,139,35,35,7,0,0
1637865953460,395,Medium-Large,200,OK,true,512313,139,35,35,10,0,0
1637865952740,1118,Large,200,OK,true,1048891,137,35,35,8,0,0
1637865953222,643,Large,200,OK,true,1048891,137,35,35,10,0,0
1637865953042,824,Large,200,OK,true,1048891,137,35,35,10,0,0
1637865953850,40,Small,200,OK,true,51511,138,35,35,11,0,0
1637865953643,257,Medium-Large,200,OK,true,512313,139,35,35,9,0,0
1637865953662,250,Medium,200,OK,true,307513,139,35,35,8,0,0
1637865953849,76,Small,200,OK,true,51511,138,35,35,9,0,0
1637865953326,603,Large,200,OK,true,1048891,137,35,35,10,0,0
1637865953900,39,Small,200,OK,true,51511,138,35,35,10,0,0
1637865953191,756,Large,200,OK,true,1048890,137,35,35,10,0,0
1637865953660,289,Medium-Large,200,OK,true,512313,139,35,35,9,0,0
1637865953627,337,Medium-Large,200,OK,true,512313,139,35,35,9,0,0
1637865952488,1503,Large,200,OK,true,1048891,137,35,35,11,0,0
1637865953930,62,Small-Medium,200,OK,true,102713,139,35,35,8,0,0
1637865953640,377,Medium-Large,200,OK,true,512313,139,35,35,9,0,0
1637865953964,74,Small-Medium,200,OK,true,102713,139,35,35,8,0,0
1637865953991,47,Small,200,OK,true,51511,138,35,35,12,0,0
1637865953787,251,Medium,200,OK,true,307513,139,35,35,9,0,0
1637865953989,59,Small,200,OK,true,51511,138,35,35,9,0,0
1637865952814,1243,Large,200,OK,true,1048891,137,35,35,9,0,0
1637865953865,214,Medium,200,OK,true,307513,139,35,35,11,0,0
1637865953855,245,Medium,200,OK,true,307513,139,35,35,10,0,0
1637865953444,672,Large,200,OK,true,1048891,137,35,35,17,0,0
1637865953949,170,Medium,200,OK,true,307513,139,35,35,9,0,0
1637865954079,40,Small,200,OK,true,51511,138,35,35,16,0,0
1637865953737,385,Medium-Large,200,OK,true,512313,139,35,35,9,0,0
1637865953716,406,Medium-Large,200,OK,true,512313,139,35,35,10,0,0
1637865953866,260,Medium,200,OK,true,307513,139,35,35,11,0,0
1637865953555,580,Medium-Large,200,OK,true,512313,139,35,35,9,0,0
1637865953428,723,Large,200,OK,true,1048891,137,35,35,10,0,0
1637865954104,47,Small,200,OK,true,51511,138,35,35,8,0,0
1637865954040,116,Medium,200,OK,true,307513,139,35,35,10,0,0
1637865953991,168,Small-Medium,200,OK,true,102713,139,35,35,10,0,0
1637865953947,214,Medium,200,OK,true,307512,139,35,35,8,0,0
1637865953304,860,Large,200,OK,true,1048891,137,35,35,9,0,0
1637865953542,636,Large,200,OK,true,1048890,137,35,35,13,0,0
1637865952758,1424,Large,200,OK,true,1048891,137,35,35,8,0,0
1637865953365,819,Large,200,OK,true,1048891,137,35,35,9,0,0
1637865954131,71,Small-Medium,200,OK,true,102713,139,35,35,10,0,0
1637865954184,45,Small,200,OK,true,51511,138,35,35,9,0,0
1637865953878,380,Medium-Large,200,OK,true,512313,139,35,35,9,0,0
1637865953858,407,Medium-Large,200,OK,true,512313,139,35,35,9,0,0
1637865954069,205,Medium,200,OK,true,307513,139,35,35,8,0,0
1637865953893,396,Medium-Large,200,OK,true,512313,139,35,35,11,0,0
1637865953507,793,Medium-Large,200,OK,true,512313,139,35,35,9,0,0
1637865953912,396,Medium-Large,200,OK,true,512313,139,35,35,11,0,0
1637865954265,49,Small,200,OK,true,51511,138,35,35,11,0,0
1637865954159,178,Small-Medium,200,OK,true,102713,139,35,35,9,0,0
1637865954179,161,Medium,200,OK,true,307513,139,35,35,9,0,0
1637865954271,69,Small,200,OK,true,51511,138,35,35,12,0,0
1637865954100,245,Medium,200,OK,true,307513,139,35,35,9,0,0
1637865954340,17,Small,200,OK,true,51511,138,35,35,7,0,0
1637865954126,244,Medium,200,OK,true,307513,139,35,35,10,0,0
1637865954161,222,Medium,200,OK,true,307512,139,35,35,9,0,0
1637865953275,1115,Large,200,OK,true,1048891,137,35,35,9,0,0
1637865954136,258,Medium,200,OK,true,307513,139,35,35,7,0,0
1637865954119,299,Medium-Large,200,OK,true,512313,139,35,35,9,0,0
1637865954390,53,Small,200,OK,true,51511,138,35,35,10,0,0
1637865953611,836,Large,200,OK,true,1048891,137,35,35,9,0,0
1637865954406,44,Small,200,OK,true,51511,138,35,35,8,0,0
1637865953810,656,Large,200,OK,true,1048891,137,35,35,10,0,0
1637865954274,196,Medium,200,OK,true,307513,139,35,35,9,0,0
1637865954418,66,Small-Medium,200,OK,true,102713,139,35,35,8,0,0
1637865954258,228,Medium,200,OK,true,307513,139,35,35,10,0,0
1637865954057,433,Medium,200,OK,true,307513,139,35,35,9,0,0
1637865954122,402,Medium-Large,200,OK,true,512313,139,35,35,9,0,0
1637865954486,42,Small,200,OK,true,51511,138,35,35,9,0,0
1637865954219,314,Medium-Large,200,OK,true,512313,139,35,35,8,0,0
1637865953730,806,Large,200,OK,true,1048891,137,35,35,9,0,0
1637865954308,230,Medium,200,OK,true,307513,139,35,35,10,0,0
1637865954290,254,Medium,200,OK,true,307513,139,35,35,10,0,0
1637865953688,858,Large,200,OK,true,1048891,137,35,35,8,0,0
1637865953461,1089,Large,200,OK,true,1048891,137,35,35,11,0,0
1637865954384,194,Medium,200,OK,true,307512,139,35,35,7,0,0
1637865954539,44,Small,200,OK,true,51511,138,35,35,8,0,0
1637865954129,459,Medium-Large,200,OK,true,512313,139,35,35,8,0,0
1637865953902,692,Large,200,OK,true,1048891,137,35,35,9,0,0
1637865954182,413,Medium,200,OK,true,307513,139,35,35,8,0,0
1637865954544,53,Small,200,OK,true,51511,138,35,35,8,0,0
1637865954557,42,Small,200,OK,true,51511,138,35,35,9,0,0
1637865954546,57,Small,200,OK,true,51511,138,35,35,9,0,0
1637865954394,242,Medium,200,OK,true,307513,139,35,35,9,0,0
1637865954595,80,Small-Medium,200,OK,true,102713,139,35,35,5,0,0
1637865954345,340,Medium-Large,200,OK,true,512313,139,35,35,8,0,0
1637865954466,221,Medium,200,OK,true,307513,139,35,35,8,0,0
1637865954336,363,Medium-Large,200,OK,true,512313,139,35,35,10,0,0
1637865954700,43,Small,200,OK,true,51511,138,35,35,5,0,0
1637865954698,46,Small,200,OK,true,51511,138,35,35,9,0,0
1637865954531,232,Medium,200,OK,true,307513,139,35,35,9,0,0
1637865954684,81,Small-Medium,200,OK,true,102713,139,35,35,5,0,0
1637865954534,233,Medium,200,OK,true,307513,139,35,35,19,0,0
1637865954017,751,Large,200,OK,true,1048891,137,35,35,21,0,0
1637865954687,82,Small-Medium,200,OK,true,102713,139,35,35,5,0,0
1637865954370,403,Medium-Large,200,OK,true,512313,139,35,35,10,0,0
1637865954479,306,Medium-Large,200,OK,true,512313,139,35,35,8,0,0
1637865954546,241,Medium,200,OK,true,307513,139,35,35,9,0,0
1637865954116,676,Large,200,OK,true,1048891,137,35,35,10,0,0
1637865954578,224,Medium,200,OK,true,307512,139,35,35,9,0,0
1637865954767,38,Small,200,OK,true,51511,138,35,35,6,0,0
1637865954768,39,Small,200,OK,true,51511,138,35,35,6,0,0
1637865954588,223,Medium,200,OK,true,307513,139,35,35,5,0,0
1637865954447,369,Medium-Large,200,OK,true,512313,139,35,35,9,0,0
1637865954763,70,Small-Medium,200,OK,true,102713,139,35,35,5,0,0
1637865954038,818,Large,200,OK,true,1048891,137,35,35,11,0,0
1637865954301,556,Medium-Large,200,OK,true,512313,139,35,35,9,0,0
1637865954787,72,Small-Medium,200,OK,true,102713,139,35,35,6,0,0
1637865954178,682,Large,200,OK,true,1048890,137,35,35,10,0,0
1637865954824,38,Small,200,OK,true,51511,138,35,35,5,0,0
1637865954151,713,Large,200,OK,true,1048891,137,35,35,9,0,0
1637865954337,546,Medium,200,OK,true,307513,139,35,35,11,0,0
1637865954122,765,Large,200,OK,true,1048891,137,35,35,8,0,0
1637865954816,74,Small-Medium,200,OK,true,102713,139,35,35,5,0,0
1637865954550,357,Medium,200,OK,true,307513,139,35,35,8,0,0
1637865954524,384,Medium-Large,200,OK,true,512313,139,35,35,10,0,0
1637865954828,80,Small-Medium,200,OK,true,102713,139,35,35,5,0,0
1637865954679,229,Medium,200,OK,true,307513,139,35,35,6,0,0
1637865954536,387,Medium-Large,200,OK,true,512313,139,35,35,10,0,0
1637865954785,153,Medium,200,OK,true,307513,139,35,35,6,0,0
1637865954164,780,Large,200,OK,true,1048891,137,35,35,8,0,0
1637865954860,86,Small-Medium,200,OK,true,102677,139,35,35,8,0,0
1637865954883,72,Small,200,OK,true,51511,138,35,35,25,0,0
1637865954244,712,Large,200,OK,true,1048891,137,35,35,8,0,0
1637865954887,71,Small-Medium,200,OK,true,102713,139,35,35,21,0,0
1637865954908,70,Small,200,OK,true,51511,138,35,35,19,0,0
1637865954857,129,Small-Medium,200,OK,true,102713,139,35,35,6,0,0
1637865954927,69,Small,200,OK,true,51511,138,35,35,9,0,0
1637865954909,87,Small-Medium,200,OK,true,102713,139,35,35,19,0,0
1637865954773,227,Medium,200,OK,true,307513,139,35,35,6,0,0
1637865954626,375,Medium-Large,200,OK,true,512313,139,35,35,6,0,0
1637865954955,59,Small,200,OK,true,51511,138,35,35,10,0,0
1637865954864,182,Medium,200,OK,true,307513,139,35,35,6,0,0
1637865954964,83,Small-Medium,200,OK,true,102713,139,35,35,11,0,0
1637865955027,57,Small,200,OK,true,51511,138,35,35,9,0,0
1637865954811,281,Medium,200,OK,true,307513,139,35,35,6,0,0
1637865954907,189,Medium,200,OK,true,307512,139,35,35,12,0,0
1637865954857,261,Medium,200,OK,true,307513,139,35,35,6,0,0
1637865954939,186,Medium-Large,200,OK,true,512313,139,35,35,9,0,0
1637865954470,664,Large,200,OK,true,1048891,137,35,35,9,0,0
1637865955047,90,Small-Medium,200,OK,true,102713,139,35,35,10,0,0
1637865955095,53,Small,200,OK,true,51511,138,35,35,11,0,0
1637865954968,183,Medium,200,OK,true,307513,139,35,35,11,0,0
1637865954411,749,Large,200,OK,true,1048891,137,35,35,8,0,0
1637865954907,272,Medium,200,OK,true,307513,139,35,35,10,0,0
1637865955067,113,Small-Medium,200,OK,true,102713,139,35,35,10,0,0
1637865955151,29,Small,200,OK,true,51511,138,35,35,9,0,0
1637865954997,183,Small-Medium,200,OK,true,102713,139,35,35,8,0,0
1637865955000,185,Small-Medium,200,OK,true,102714,139,35,35,19,0,9
1637865954594,643,Large,200,OK,true,1048891,137,35,35,5,0,0
1637865955160,78,Small-Medium,200,OK,true,102713,139,35,35,10,0,0
1637865955188,65,Small,200,OK,true,51511,138,35,35,19,0,0
1637865955181,89,Small,200,OK,true,51511,138,35,35,10,0,0
1637865954839,441,Medium-Large,200,OK,true,512313,139,35,35,6,0,0
1637865955185,97,Small,200,OK,true,51511,138,35,35,22,0,0
1637865955179,106,Small-Medium,200,OK,true,102713,139,35,35,9,0,0
1637865954838,456,Large,200,OK,true,1048891,137,35,35,6,0,0
1637865955207,105,Small-Medium,200,OK,true,102713,139,35,35,7,0,0
1637865955125,194,Medium-Large,200,OK,true,512313,139,35,35,9,0,0
1637865954793,563,Large,200,OK,true,1048891,137,35,35,6,0,0
1637865955356,26,Small,200,OK,true,51511,138,35,35,11,0,0
1637865954685,711,Large,200,OK,true,1048891,137,35,35,5,0,0
1637865955167,230,Medium,200,OK,true,307513,139,35,35,10,0,0
1637865955346,74,Small,200,OK,true,51511,138,35,35,12,0,0
1637865955000,422,Medium-Large,200,OK,true,512313,139,35,35,10,0,0
1637865955096,326,Medium-Large,200,OK,true,512312,139,35,35,11,0,0
1637865954944,482,Medium-Large,200,OK,true,512313,139,35,35,10,0,0
1637865954907,535,Medium-Large,200,OK,true,512313,139,35,35,9,0,0
1637865954803,639,Large,200,OK,true,1048890,137,35,35,5,0,0
1637865955442,38,Small,200,OK,true,51510,138,35,35,12,0,0
1637865955300,224,Medium,200,OK,true,307513,139,35,35,12,0,0
1637865954686,854,Large,200,OK,true,1048891,137,35,35,5,0,0
1637865955487,55,Small,200,OK,true,51511,138,35,35,9,0,0
1637865955319,224,Medium-Large,200,OK,true,512313,139,35,35,9,0,0
1637865955294,249,Medium-Large,200,OK,true,512313,139,35,35,10,0,0
1637865955495,55,Small-Medium,200,OK,true,102713,139,35,35,10,0,0
1637865954956,611,Large,200,OK,true,1048891,137,35,35,9,0,0
1637865955104,500,Medium-Large,200,OK,true,512313,139,35,35,11,0,0
1637865955423,186,Medium,200,OK,true,307512,139,35,35,10,0,0
1637865955118,492,Medium-Large,200,OK,true,512313,139,35,35,9,0,0
1637865955583,38,Small,200,OK,true,51510,138,35,35,9,0,0
1637865955397,228,Medium,200,OK,true,307513,139,35,35,10,0,0
1637865954490,1143,Large,200,OK,true,1048891,137,35,35,10,0,0
1637865955568,65,Small-Medium,200,OK,true,102713,139,35,35,9,0,0
1637865955610,47,Small,200,OK,true,51511,138,35,35,10,0,0
1637865955625,42,Small,200,OK,true,51511,138,35,35,11,0,0
1637865955627,48,Small,200,OK,true,51511,138,35,35,10,0,0
1637865955046,632,Large,200,OK,true,1048891,137,35,35,10,0,0
1637865955092,599,Medium-Large,200,OK,true,512313,139,35,35,10,0,0
1637865955636,59,Small-Medium,200,OK,true,102713,139,35,35,8,0,0
1637865955135,562,Large,200,OK,true,1048891,137,35,35,11,0,0
1637865955049,665,Large,200,OK,true,1048891,137,35,35,11,0,0
1637865955237,477,Medium-Large,200,OK,true,512313,139,35,35,10,0,0
1637865955678,57,Small-Medium,200,OK,true,102713,139,35,35,8,0,0
1637865954908,831,Large,200,OK,true,1048891,137,35,35,20,0,0
1637865954923,820,Large,200,OK,true,1048891,137,35,35,9,0,0
1637865955691,53,Small,200,OK,true,51511,138,35,35,10,0,0
1637865955633,119,Small-Medium,200,OK,true,102713,139,35,35,10,0,0
1637865955001,754,Large,200,OK,true,1048891,137,35,35,9,0,0
1637865955714,64,Small-Medium,200,OK,true,102713,139,35,35,7,0,0
1637865955327,451,Medium-Large,200,OK,true,512313,139,35,35,12,0,0
1637865954636,1148,Large,200,OK,true,1048891,137,35,35,5,0,0
1637865955750,45,Small,200,OK,true,51511,138,35,35,9,0,0
1637865955319,476,Medium-Large,200,OK,true,512313,139,35,35,9,0,0
1637865955714,87,Small-Medium,200,OK,true,102713,139,35,35,9,0,0
1637865955237,566,Large,200,OK,true,1048891,137,35,35,11,0,0
1637865955442,363,Medium,200,OK,true,307513,139,35,35,11,0,0
1637865955426,412,Medium-Large,200,OK,true,512313,139,35,35,10,0,0
1637865955785,63,Small,200,OK,true,51511,138,35,35,8,0,0
1637865955290,560,Large,200,OK,true,1048891,137,35,35,9,0,0
1637865955706,173,Medium,200,OK,true,307513,139,35,35,10,0,0
1637865955697,195,Medium-Large,200,OK,true,512313,139,35,35,9,0,0
1637865955854,43,Small,200,OK,true,51511,138,35,35,9,0,0
1637865955831,84,Small-Medium,200,OK,true,102713,139,35,35,9,0,0
1637865955879,37,Small,200,OK,true,51511,138,35,35,10,0,0
1637865955722,197,Medium,200,OK,true,307512,139,35,35,9,0,0
1637865955851,69,Small-Medium,200,OK,true,102713,139,35,35,10,0,0
1637865955543,384,Large,200,OK,true,1048891,137,35,35,9,0,0
1637865955777,170,Medium,200,OK,true,307513,139,35,35,13,0,0
1637865955855,99,Small-Medium,200,OK,true,102713,139,35,35,9,0,0
1637865955890,77,Small-Medium,200,OK,true,102713,139,35,35,10,0,0
1637865955743,225,Medium,200,OK,true,307513,139,35,35,8,0,0
1637865955755,215,Medium,200,OK,true,307513,139,35,35,23,0,0
1637865955543,436,Large,200,OK,true,1048891,137,35,35,10,0,0
1637865955924,82,Small-Medium,200,OK,true,102713,139,35,35,6,0,0
1637865955971,42,Small,200,OK,true,51511,138,35,35,7,0,0
1637865955327,720,Medium-Large,200,OK,true,512313,139,35,35,9,0,0
1637865955979,69,Small-Medium,200,OK,true,102713,139,35,35,8,0,0
1637865955280,774,Large,200,OK,true,1048891,137,35,35,10,0,0
1637865955795,274,Medium,200,OK,true,307513,139,35,35,11,0,0
1637865955989,80,Small-Medium,200,OK,true,102713,139,35,35,10,0,0
1637865954736,1370,Large,200,OK,true,1048891,137,35,35,5,0,0
1637865955321,795,Medium-Large,200,OK,true,512313,139,35,35,10,0,0
1637865955804,314,Medium-Large,200,OK,true,512313,139,35,35,11,0,0
1637865956065,64,Small,200,OK,true,51511,138,35,35,7,0,0
1637865955778,358,Medium-Large,200,OK,true,512313,139,35,35,10,0,0
1637865955396,741,Large,200,OK,true,1048891,137,35,35,10,0,0
1637865955739,402,Medium-Large,200,OK,true,512313,139,35,35,10,0,0
1637865956118,40,Small,200,OK,true,51511,138,35,35,8,0,0
1637865955820,344,Medium-Large,200,OK,true,512313,139,35,35,7,0,0
1637865956137,43,Small,200,OK,true,51511,138,35,35,8,0,0
1637865955422,761,Large,200,OK,true,1048891,137,35,35,11,0,0
1637865956118,84,Small-Medium,200,OK,true,102713,139,35,35,8,0,0
1637865955525,684,Large,200,OK,true,1048891,137,35,35,10,0,0
1637865956141,73,Small-Medium,200,OK,true,102713,139,35,35,7,0,0
1637865955892,346,Medium-Large,200,OK,true,512313,139,35,35,11,0,0
1637865956209,32,Small,200,OK,true,51511,138,35,35,8,0,0
1637865956164,78,Small-Medium,200,OK,true,102713,139,35,35,9,0,0
1637865955805,444,Medium-Large,200,OK,true,512313,139,35,35,11,0,0
1637865955609,645,Large,200,OK,true,1048890,137,35,35,9,0,0
1637865956029,255,Medium,200,OK,true,307513,139,35,35,8,0,0
1637865956111,210,Medium,200,OK,true,307513,139,35,35,8,0,0
1637865956254,73,Small-Medium,200,OK,true,102712,139,35,35,7,0,0
1637865956249,86,Small-Medium,200,OK,true,102713,139,35,35,8,0,0
1637865956280,57,Small,200,OK,true,51511,138,35,35,8,0,0
1637865956278,64,Small-Medium,200,OK,true,102713,139,35,35,8,0,0
1637865955968,379,Medium-Large,200,OK,true,512313,139,35,35,8,0,0
1637865956019,340,Medium-Large,200,OK,true,512313,139,35,35,7,0,0
1637865955540,853,Large,200,OK,true,1048891,137,35,35,10,0,0
1637865955604,817,Large,200,OK,true,1048891,137,35,35,8,0,0
1637865956130,345,Medium-Large,200,OK,true,512313,139,35,35,8,0,0
1637865956258,226,Medium,200,OK,true,307513,139,35,35,8,0,0
1637865956390,97,Small-Medium,200,OK,true,102713,139,35,35,7,0,0
1637865956421,81,Small-Medium,200,OK,true,102713,139,35,35,8,0,0
1637865956069,479,Medium-Large,200,OK,true,512313,139,35,35,22,0,0
1637865955778,771,Large,200,OK,true,1048891,137,35,35,13,0,0
1637865956183,373,Medium-Large,200,OK,true,512313,139,35,35,9,0,0
1637865955928,638,Large,200,OK,true,1048891,137,36,36,6,0,0
1637865956047,532,Medium-Large,200,OK,true,512313,139,36,36,8,0,0
1637865956347,234,Medium,200,OK,true,307513,139,36,36,7,0,0
1637865956556,47,Small,200,OK,true,51510,138,36,36,8,0,0
1637865955948,658,Large,200,OK,true,1048891,137,36,36,8,0,0
1637865955778,830,Large,200,OK,true,1048891,137,36,36,11,0,0
1637865956561,48,Small,200,OK,true,51511,138,36,36,7,0,0
1637865956530,100,Small-Medium,200,OK,true,102713,139,36,36,8,0,0
1637865956607,45,Small,200,OK,true,51511,138,36,36,6,0,0
1637865956204,449,Medium-Large,200,OK,true,512313,139,36,36,8,0,0
1637865955838,815,Large,200,OK,true,1048891,137,36,36,9,0,0
1637865956548,112,Small-Medium,200,OK,true,102713,139,36,36,9,0,0
1637865956417,244,Medium,200,OK,true,307513,139,36,36,10,0,0
1637865956106,566,Medium-Large,200,OK,true,512313,139,36,36,9,0,0
1637865956476,202,Medium,200,OK,true,307513,139,36,36,7,0,0
1637865956305,373,Medium-Large,200,OK,true,512313,139,36,36,8,0,0
1637865955919,773,Large,200,OK,true,1048855,137,36,36,7,0,0
1637865956484,227,Medium,200,OK,true,307513,139,36,36,8,0,0
1637865956322,395,Medium-Large,200,OK,true,512313,139,36,36,6,0,0
1637865955994,725,Large,200,OK,true,1048891,137,36,36,9,0,0
1637865956678,42,Small,200,OK,true,51511,138,36,36,10,0,0
1637865956674,50,Small,200,OK,true,51511,138,36,36,8,0,0
1637865956350,379,Medium-Large,200,OK,true,512313,139,36,36,7,0,0
1637865956661,70,Small-Medium,200,OK,true,102713,139,36,36,6,0,0
1637865956359,379,Medium-Large,200,OK,true,512313,139,36,36,7,0,0
1637865956705,45,Small,200,OK,true,51511,138,36,36,9,0,0
1637865956394,369,Medium-Large,200,OK,true,512312,139,36,36,9,0,0
1637865955994,785,Large,200,OK,true,1048891,137,36,36,8,0,0
1637865956116,678,Medium-Large,200,OK,true,512313,139,36,36,6,0,0
1637865955971,829,Large,200,OK,true,1048891,137,36,36,8,0,0
1637865956751,64,Small-Medium,200,OK,true,102713,139,36,36,9,0,0
1637865956673,142,Small-Medium,200,OK,true,102713,139,36,36,9,0,0
1637865956549,267,Medium,200,OK,true,307513,139,36,36,8,0,0
1637865956582,238,Medium,200,OK,true,307513,139,36,36,8,0,0
1637865956763,69,Small-Medium,200,OK,true,102712,139,36,36,8,0,0
1637865956054,786,Large,200,OK,true,1048891,137,36,36,11,0,0
1637865955777,1065,Large,200,OK,true,1048891,137,36,36,10,0,0
1637865956609,252,Medium,200,OK,true,307513,139,36,36,14,0,0
1637865956822,44,Small,200,OK,true,51511,138,36,36,9,0,0
1637865956817,56,Small,200,OK,true,51511,138,36,36,8,0,0
1637865956559,318,Medium,200,OK,true,307514,139,36,36,16,0,8
1637865956653,229,Medium,200,OK,true,307513,139,36,36,8,0,0
1637865956579,312,Medium,200,OK,true,307513,139,36,36,8,0,0
1637865956842,57,Small,200,OK,true,51511,138,36,36,9,0,0
1637865956817,89,Small-Medium,200,OK,true,102713,139,36,36,7,0,0
1637865956566,345,Medium-Large,200,OK,true,512313,139,36,36,8,0,0
1637865956136,779,Large,200,OK,true,1048891,137,36,36,11,0,0
1637865956259,658,Large,200,OK,true,1048891,137,36,36,9,0,0
1637865956711,207,Medium,200,OK,true,307513,139,36,36,13,0,0
1637865956849,71,Small-Medium,200,OK,true,102713,139,36,36,7,0,0
1637865956700,226,Medium,200,OK,true,307512,139,36,36,9,0,0
1637865956238,696,Large,200,OK,true,1048891,137,36,36,8,0,0
1637865956719,219,Medium,200,OK,true,307513,139,36,36,8,0,0
1637865956882,79,Small-Medium,200,OK,true,102713,139,36,36,7,0,0
1637865955024,1953,Large,200,OK,true,1048891,137,36,36,10,0,0
1637865956934,49,Small,200,OK,true,51511,138,36,36,7,0,0
1637865956938,51,Small,200,OK,true,51511,138,36,36,8,0,0
1637865956977,23,Small,200,OK,true,51511,138,36,36,7,0,0
1637865956678,355,Medium-Large,200,OK,true,512313,139,36,36,8,0,0
1637865956820,232,Medium,200,OK,true,307513,139,36,36,8,0,0
1637865956285,785,Large,200,OK,true,1048891,137,36,36,7,0,0
1637865956738,335,Medium-Large,200,OK,true,512313,139,36,36,8,0,0
1637865956840,241,Medium,200,OK,true,307513,139,36,36,7,0,0
1637865956729,362,Medium-Large,200,OK,true,512313,139,36,36,9,0,0
1637865957025,85,Small-Medium,200,OK,true,102713,139,36,36,8,0,0
1637865957073,39,Small,200,OK,true,51511,138,36,36,10,0,0
1637865957082,44,Small,200,OK,true,51511,138,36,36,6,0,0
1637865957082,45,Small,200,OK,true,51511,138,36,36,7,0,0
1637865957091,41,Small,200,OK,true,51511,138,36,36,9,0,0
1637865956918,220,Medium,200,OK,true,307513,139,36,36,9,0,0
1637865956916,228,Medium,200,OK,true,307513,139,36,36,7,0,0
1637865956977,179,Small-Medium,200,OK,true,102713,139,36,36,6,0,0
1637865956393,788,Large,200,OK,true,1048891,137,36,36,8,0,0
1637865956692,502,Medium-Large,200,OK,true,512313,139,36,36,9,0,0
1637865956421,787,Large,200,OK,true,1048891,137,36,36,10,0,0
1637865956992,219,Medium,200,OK,true,307513,139,36,36,8,0,0
1637865956912,299,Medium-Large,200,OK,true,512313,139,36,36,8,0,0
1637865957181,33,Small,200,OK,true,51511,138,36,36,7,0,0
1637865956894,338,Medium-Large,200,OK,true,512313,139,36,36,9,0,0
1637865957033,199,Medium,200,OK,true,307513,139,36,36,8,0,0
1637865956917,317,Medium-Large,200,OK,true,512313,139,36,36,8,0,0
1637865956861,374,Medium-Large,200,OK,true,512313,139,36,36,9,0,0
1637865956818,420,Medium-Large,200,OK,true,512313,139,36,36,8,0,0
1637865957232,36,Small,200,OK,true,51511,138,36,36,9,0,0
1637865957225,51,Small,200,OK,true,51511,138,36,36,9,0,0
1637865957217,72,Small-Medium,200,OK,true,102713,139,36,36,7,0,0
1637865956926,366,Medium-Large,200,OK,true,512312,139,36,36,8,0,0
1637865957208,85,Small-Medium,200,OK,true,102713,139,36,36,8,0,0
1637865956891,407,Medium,200,OK,true,307513,139,36,36,8,0,0
1637865957234,67,Small-Medium,200,OK,true,102713,139,36,36,9,0,0
1637865957194,117,Small-Medium,200,OK,true,102713,139,36,36,7,0,0
1637865956961,391,Medium-Large,200,OK,true,512313,139,36,36,16,0,0
1637865956877,498,Medium-Large,200,OK,true,512313,139,36,36,7,0,0
1637865956961,431,Medium,200,OK,true,307513,139,36,36,16,0,0
1637865957211,188,Medium,200,OK,true,307513,139,36,36,11,0,0
1637865957360,40,Small,200,OK,true,51511,138,36,36,8,0,0
1637865957298,108,Small-Medium,200,OK,true,102713,139,36,36,7,0,0
1637865956692,745,Large,200,OK,true,1048892,137,36,36,16,0,8
1637865957211,228,Medium,200,OK,true,307513,139,36,36,9,0,0
1637865957225,215,Medium,200,OK,true,307513,139,36,36,9,0,0
1637865956653,799,Large,200,OK,true,1048891,137,36,36,7,0,0
1637865957070,383,Medium-Large,200,OK,true,512313,139,36,36,8,0,0
1637865957235,224,Medium,200,OK,true,307513,139,36,36,8,0,0
1637865957378,81,Small-Medium,200,OK,true,102713,139,36,36,10,0,0
1637865957370,89,Small-Medium,200,OK,true,102713,139,36,36,8,0,0
1637865957138,346,Medium-Large,200,OK,true,512313,139,36,36,8,0,0
1637865956717,769,Large,200,OK,true,1048891,137,36,36,9,0,0
1637865957238,261,Medium,200,OK,true,307513,139,36,36,10,0,0
1637865957392,111,Small-Medium,200,OK,true,102713,139,36,36,8,0,0
1637865956986,520,Medium-Large,200,OK,true,512313,139,36,36,10,0,0
1637865957144,363,Medium-Large,200,OK,true,512313,139,36,36,7,0,0
1637865957452,88,Small-Medium,200,OK,true,102713,139,36,36,9,0,0
1637865956779,764,Large,200,OK,true,1048891,137,36,36,6,0,0
1637865957170,391,Medium-Large,200,OK,true,512313,139,36,36,8,0,0
1637865956805,761,Large,200,OK,true,1048891,137,36,36,9,0,0
1637865957507,90,Small-Medium,200,OK,true,102713,139,36,36,9,0,0
1637865957376,223,Medium,200,OK,true,307513,139,36,36,10,0,0
1637865957543,57,Small,200,OK,true,51511,138,36,36,16,0,0
1637865957232,374,Medium-Large,200,OK,true,512313,139,36,36,9,0,0
1637865957399,212,Medium,200,OK,true,307513,139,36,36,7,0,0
1637865957235,377,Medium-Large,200,OK,true,512313,139,36,36,9,0,0
1637865957514,101,Small-Medium,200,OK,true,102713,139,36,36,9,0,0
1637865957606,30,Small,200,OK,true,51511,138,36,36,9,0,0
1637865956906,735,Large,200,OK,true,1048890,137,36,36,7,0,0
1637865957611,34,Small,200,OK,true,51511,138,36,36,8,0,0
1637865957561,98,Small-Medium,200,OK,true,102713,139,36,36,13,0,0
1637865957441,231,Medium,200,OK,true,307513,139,36,36,8,0,0
1637865957641,33,Small,200,OK,true,51510,138,36,36,7,0,0
1637865957596,85,Small-Medium,200,OK,true,102713,139,36,36,8,0,0
1637865957439,243,Medium,200,OK,true,307513,139,36,36,8,0,0
1637865957613,77,Small-Medium,200,OK,true,102713,139,36,36,8,0,0
1637865957375,319,Medium,200,OK,true,307513,139,36,36,9,0,0
1637865956801,895,Large,200,OK,true,1048891,137,36,36,8,0,0
1637865957459,246,Medium,200,OK,true,307513,139,36,36,8,0,0
1637865957705,41,Small,200,OK,true,51511,138,36,36,8,0,0
1637865957672,80,Small-Medium,200,OK,true,102713,139,36,36,6,0,0
1637865957078,683,Large,200,OK,true,1048891,137,36,36,9,0,0
1637865957687,79,Small-Medium,200,OK,true,102713,139,36,36,8,0,0
1637865957353,417,Medium-Large,200,OK,true,512313,139,36,36,9,0,0
1637865957697,76,Small-Medium,200,OK,true,102713,139,36,36,7,0,0
1637865957567,220,Medium,200,OK,true,307513,139,36,36,9,0,0
1637865957755,33,Small,200,OK,true,51511,138,36,36,7,0,0
1637865957600,207,Medium,200,OK,true,307513,139,36,36,14,0,0
1637865957506,307,Medium,200,OK,true,307513,139,36,36,7,0,0
1637865957053,766,Large,200,OK,true,1048891,137,36,36,7,0,0
1637865957761,61,Small-Medium,200,OK,true,102713,139,36,36,8,0,0
1637865957787,37,Small,200,OK,true,51511,138,36,36,7,0,0
1637865957109,719,Large,200,OK,true,1048891,137,36,36,13,0,0
1637865957757,73,Small-Medium,200,OK,true,102713,139,36,36,8,0,0
1637865957522,324,Medium-Large,200,OK,true,512313,139,36,36,9,0,0
1637865957486,364,Medium-Large,200,OK,true,512313,139,36,36,8,0,0
1637865957819,37,Small,200,OK,true,51511,138,36,36,8,0,0
1637865957505,352,Medium-Large,200,OK,true,512313,139,36,36,8,0,0
1637865957658,213,Medium,200,OK,true,307513,139,36,36,8,0,0
1637865957831,61,Small,200,OK,true,51511,138,36,36,12,0,0
1637865957536,367,Medium,200,OK,true,307513,139,36,36,8,0,0
1637865957828,77,Small-Medium,200,OK,true,102713,139,36,36,15,0,0
1637865957499,408,Medium-Large,200,OK,true,512313,139,36,36,9,0,0
1637865957841,70,Small,200,OK,true,51511,138,36,36,7,0,0
1637865957904,37,Small,200,OK,true,51511,138,36,36,9,0,0
1637865957871,81,Small-Medium,200,OK,true,102713,139,36,36,21,0,0
1637865957751,201,Medium,200,OK,true,307513,139,36,36,8,0,0
1637865957903,64,Small,200,OK,true,51511,138,36,36,10,0,0
1637865957740,233,Medium,200,OK,true,307513,139,36,36,9,0,0
1637865957901,77,Small-Medium,200,OK,true,102713,139,36,36,12,0,0
1637865957785,196,Medium,200,OK,true,307477,139,36,36,7,0,0
1637865957441,543,Medium-Large,200,OK,true,512313,139,36,36,10,0,0
1637865957652,354,Medium-Large,200,OK,true,512313,139,36,36,7,0,0
1637865957953,61,Small-Medium,200,OK,true,102713,139,36,36,8,0,0
1637865957973,71,Small-Medium,200,OK,true,102713,139,36,36,11,0,0
1637865957292,762,Large,200,OK,true,1048890,137,36,36,6,0,0
1637865958014,45,Small,200,OK,true,51511,138,36,36,8,0,0
1637865957156,907,Medium-Large,200,OK,true,512313,139,36,36,10,0,0
1637865957438,659,Large,200,OK,true,1048891,137,36,36,9,0,0
1637865958047,59,Small,200,OK,true,51511,138,36,36,6,0,0
1637865958054,54,Small,200,OK,true,51510,138,36,36,8,0,0
1637865958049,78,Small-Medium,200,OK,true,102713,139,36,36,8,0,0
1637865958045,83,Small-Medium,200,OK,true,102713,139,36,36,7,0,0
1637865957325,814,Large,200,OK,true,1048891,137,36,36,7,0,0
1637865957847,297,Medium-Large,200,OK,true,512313,139,36,36,12,0,0
1637865958097,62,Small-Medium,200,OK,true,102713,139,36,36,9,0,0
1637865957484,677,Large,200,OK,true,1048891,137,36,36,8,0,0
1637865957353,825,Large,200,OK,true,1048891,137,36,36,9,0,0
1637865957963,234,Medium,200,OK,true,307513,139,36,36,9,0,0
1637865958118,99,Small-Medium,200,OK,true,102713,139,36,36,7,0,0
1637865957813,407,Medium,200,OK,true,307513,139,36,36,9,0,0
1637865957453,776,Large,200,OK,true,1048891,137,36,36,8,0,0
1637865956794,1439,Large,200,OK,true,1048891,137,36,36,8,0,0
1637865958178,76,Small-Medium,200,OK,true,102713,139,36,36,7,0,0
1637865958189,80,Small-Medium,200,OK,true,102713,139,36,36,8,0,0
1637865957930,357,Medium-Large,200,OK,true,512313,139,36,36,9,0,0
1637865958198,109,Small-Medium,200,OK,true,102712,139,36,36,9,0,0
1637865958097,211,Medium,200,OK,true,307513,139,36,36,9,0,0
1637865958144,192,Medium,200,OK,true,307513,139,36,36,11,0,0
1637865958309,39,Small,200,OK,true,51511,138,36,36,8,0,0
1637865958262,89,Small-Medium,200,OK,true,102713,139,36,36,7,0,0
1637865957984,379,Medium-Large,200,OK,true,512313,139,36,36,8,0,0
1637865958287,85,Small-Medium,200,OK,true,102713,139,36,36,7,0,0
1637865958342,55,Small,200,OK,true,51510,138,36,36,10,0,0
1637865957338,1059,Large,200,OK,true,1048891,137,36,36,8,0,0
1637865957683,720,Large,200,OK,true,1048891,137,36,36,7,0,0
1637865958322,85,Small-Medium,200,OK,true,102713,139,36,36,6,0,0
1637865958230,221,Medium,200,OK,true,307513,139,36,36,8,0,0
1637865958406,50,Small,200,OK,true,51511,138,36,36,8,0,0
1637865958243,214,Medium,200,OK,true,307513,139,36,36,8,0,0
1637865957807,661,Large,200,OK,true,1048891,137,36,36,7,0,0
1637865958431,44,Small,200,OK,true,51511,138,36,36,8,0,0
1637865958403,85,Small-Medium,200,OK,true,102713,139,36,36,8,0,0
1637865957899,611,Large,200,OK,true,1048891,137,36,36,7,0,0
1637865958139,373,Medium-Large,200,OK,true,512313,139,36,36,7,0,0
1637865958220,309,Medium,200,OK,true,307513,139,36,36,8,0,0
1637865957706,828,Large,200,OK,true,1048891,137,36,36,8,0,0
1637865957816,722,Large,200,OK,true,1048891,137,36,36,8,0,0
1637865958193,347,Medium-Large,200,OK,true,512313,139,36,36,8,0,0
1637865958457,85,Small-Medium,200,OK,true,102713,139,36,36,8,0,0
1637865958468,74,Small-Medium,200,OK,true,102713,139,36,36,21,0,0
1637865957858,685,Large,200,OK,true,1048891,137,36,36,7,0,0
1637865958510,35,Small,200,OK,true,51511,138,36,36,8,0,0
1637865957770,779,Large,200,OK,true,1048891,137,36,36,8,0,0
1637865958191,360,Medium,200,OK,true,307513,139,36,36,8,0,0
1637865958064,495,Medium,200,OK,true,307513,139,36,36,11,0,0
1637865958159,401,Medium-Large,200,OK,true,512313,139,36,36,8,0,0
1637865958543,30,Small,200,OK,true,51511,138,36,36,9,0,0
1637865958198,378,Medium-Large,200,OK,true,512313,139,36,36,7,0,0
1637865958547,44,Small,200,OK,true,51511,138,36,36,9,0,0
1637865958540,60,Small-Medium,200,OK,true,102713,139,36,36,11,0,0
1637865958539,61,Small-Medium,200,OK,true,102712,139,36,36,8,0,0
1637865957849,756,Large,200,OK,true,1048891,137,36,36,9,0,0
1637865958512,95,Small-Medium,200,OK,true,102713,139,36,36,9,0,0
1637865957850,761,Large,200,OK,true,1048891,137,36,36,9,0,0
1637865958576,46,Small,200,OK,true,51511,138,36,36,8,0,0
1637865958560,72,Small-Medium,200,OK,true,102713,139,36,36,10,0,0
1637865958559,76,Small,200,OK,true,51511,138,36,36,11,0,0
1637865957971,665,Large,200,OK,true,1048891,137,36,36,7,0,0
1637865958605,32,Small,200,OK,true,51511,138,36,36,8,0,0
1637865958336,304,Medium-Large,200,OK,true,512313,139,36,36,8,0,0
1637865958333,324,Medium-Large,200,OK,true,512313,139,36,36,8,0,0
1637865958640,29,Small,200,OK,true,51511,138,36,36,8,0,0
1637865958006,685,Large,200,OK,true,1048891,137,36,36,7,0,0
1637865958655,43,Small-Medium,200,OK,true,102713,139,36,36,8,0,0
1637865958656,47,Small,200,OK,true,51511,138,36,36,8,0,0
1637865957907,809,Large,200,OK,true,1048891,137,36,36,15,0,0
1637865958657,61,Small-Medium,200,OK,true,102713,139,36,36,8,0,0
1637865957694,1042,Large,200,OK,true,1048891,137,36,36,8,0,0
1637865958575,164,Medium,200,OK,true,307513,139,36,36,6,0,0
1637865957974,770,Large,200,OK,true,1048891,137,36,36,13,0,0
1637865958534,222,Medium,200,OK,true,307513,139,36,36,8,0,0
1637865958488,269,Medium,200,OK,true,307512,139,36,36,8,0,0
1637865958717,41,Small,200,OK,true,51511,138,36,36,9,0,0
1637865958550,222,Medium,200,OK,true,307513,139,36,36,11,0,0
1637865958736,67,Small,200,OK,true,51511,138,36,36,9,0,0
1637865958703,100,Small,200,OK,true,51511,138,36,36,14,0,0
1637865958161,644,Large,200,OK,true,1048891,137,36,36,7,0,0
1637865958397,410,Medium-Large,200,OK,true,512313,139,36,36,8,0,0
1637865958611,208,Medium,200,OK,true,307513,139,36,36,8,0,0
1637865958744,99,Small-Medium,200,OK,true,102713,139,36,36,7,0,0
1637865958772,90,Small-Medium,200,OK,true,102713,139,36,36,11,0,0
1637865958802,73,Small-Medium,200,OK,true,102713,139,36,36,9,0,0
1637865958803,72,Small-Medium,200,OK,true,102713,139,36,36,12,0,0
1637865958802,75,Small-Medium,200,OK,true,102713,139,36,36,9,0,0
1637865958684,199,Medium,200,OK,true,307513,139,36,36,9,0,0
1637865958681,220,Medium,200,OK,true,307512,139,36,36,11,0,0
1637865958861,43,Small,200,OK,true,51511,138,36,36,7,0,0
1637865958692,222,Medium,200,OK,true,307513,139,36,36,9,0,0
1637865958883,34,Small,200,OK,true,51511,138,36,36,8,0,0
1637865958636,323,Medium-Large,200,OK,true,512313,139,36,36,8,0,0
1637865958944,50,Small,200,OK,true,51511,138,36,36,8,0,0
1637865958805,199,Medium,200,OK,true,307513,139,36,36,11,0,0
1637865958917,96,Small-Medium,200,OK,true,102713,139,36,36,8,0,0
1637865958687,335,Medium-Large,200,OK,true,512313,139,36,36,8,0,0
1637865958943,80,Small-Medium,200,OK,true,102713,139,36,36,7,0,0
1637865958691,335,Medium-Large,200,OK,true,512313,139,36,36,9,0,0
1637865958847,182,Small-Medium,200,OK,true,102713,139,36,36,14,0,0
1637865958757,275,Medium,200,OK,true,307512,139,36,36,8,0,0
1637865959004,37,Small,200,OK,true,51511,138,36,36,9,0,0
1637865959026,36,Small,200,OK,true,51511,138,36,36,10,0,0
1637865958705,361,Medium-Large,200,OK,true,512313,139,36,36,7,0,0
1637865959027,65,Small-Medium,200,OK,true,102713,139,36,36,12,0,0
1637865958453,645,Large,200,OK,true,1048891,137,36,36,7,0,0
1637865958364,781,Large,200,OK,true,1048891,137,36,36,7,0,0
1637865959062,87,Small-Medium,200,OK,true,102713,139,36,36,9,0,0
1637865958960,200,Medium,200,OK,true,307513,139,36,36,7,0,0
1637865959088,86,Small-Medium,200,OK,true,102713,139,36,36,8,0,0
1637865959098,81,Small-Medium,200,OK,true,102713,139,36,36,8,0,0
1637865959148,35,Small,200,OK,true,51511,138,36,36,10,0,0
1637865959160,39,Small,200,OK,true,51511,138,36,36,8,0,0
1637865958601,599,Large,200,OK,true,1048891,137,36,36,9,0,0
1637865958612,589,Large,200,OK,true,1048891,137,36,36,7,0,0
1637865958451,760,Large,200,OK,true,1048891,137,36,36,9,0,0
1637865958551,670,Medium-Large,200,OK,true,512313,139,36,36,9,0,0
1637865958466,762,Large,200,OK,true,1048891,137,36,36,22,0,0
1637865959022,211,Medium,200,OK,true,307513,139,36,36,10,0,0
1637865959170,64,Small-Medium,200,OK,true,102713,139,36,36,9,0,0
1637865959201,37,Small,200,OK,true,51511,138,36,36,9,0,0
1637865958902,337,Medium-Large,200,OK,true,512312,139,36,36,7,0,0
1637865959211,43,Small,200,OK,true,51511,138,36,36,9,0,0
1637865958888,370,Medium-Large,200,OK,true,512313,139,36,36,8,0,0
1637865959200,61,Small-Medium,200,OK,true,102713,139,36,36,9,0,0
1637865959066,200,Medium,200,OK,true,307513,139,36,36,8,0,0
1637865959228,39,Small,200,OK,true,51511,138,36,36,8,0,0
1637865959239,32,Small,200,OK,true,51510,138,36,36,8,0,0
1637865959032,263,Medium,200,OK,true,307477,139,36,36,11,0,0
1637865958550,747,Large,200,OK,true,1048891,137,36,36,10,0,0
1637865959258,40,Small,200,OK,true,51511,138,36,36,8,0,0
1637865958807,492,Medium-Large,200,OK,true,512313,139,36,36,10,0,0
1637865957985,1345,Large,200,OK,true,1048891,137,36,36,8,0,0
1637865959005,345,Medium-Large,200,OK,true,512313,139,36,36,9,0,0
1637865958880,493,Medium-Large,200,OK,true,512313,139,36,36,8,0,0
1637865959345,49,Small,200,OK,true,51511,138,36,36,9,0,0
1637865959372,60,Small,200,OK,true,51511,138,36,36,8,0,0
1637865959343,90,Small-Medium,200,OK,true,102713,139,36,36,8,0,0
1637865959402,42,Small,200,OK,true,51511,138,36,36,7,0,0
1637865958739,714,Large,200,OK,true,1048891,137,36,36,8,0,0
1637865958720,735,Large,200,OK,true,1048891,137,36,36,9,0,0
1637865958802,677,Large,200,OK,true,1048891,137,36,36,9,0,0
1637865959453,44,Small,200,OK,true,51511,138,36,36,9,0,0
1637865959169,333,Medium-Large,200,OK,true,512313,139,36,36,9,0,0
1637865958750,762,Large,200,OK,true,1048891,137,36,36,8,0,0
1637865959479,40,Small,200,OK,true,51511,138,36,36,7,0,0
1637865958819,703,Large,200,OK,true,1048891,137,36,36,7,0,0
1637865959488,36,Small,200,OK,true,51511,138,36,36,7,0,0
1637865959145,385,Medium-Large,200,OK,true,512313,139,36,36,9,0,0
1637865958756,785,Large,200,OK,true,1048891,137,36,36,8,0,0
1637865959503,44,Small,200,OK,true,51511,138,36,36,8,0,0
1637865958529,1023,Large,200,OK,true,1048891,137,36,36,8,0,0
1637865958928,630,Large,200,OK,true,1048891,137,36,36,8,0,0
1637865959243,341,Medium-Large,200,OK,true,512313,139,36,36,7,0,0
1637865959356,242,Medium,200,OK,true,307513,139,36,36,7,0,0
1637865959232,374,Medium-Large,200,OK,true,512313,139,36,36,9,0,0
1637865959542,78,Small-Medium,200,OK,true,102713,139,36,36,11,0,0
1637865959584,37,Small,200,OK,true,51511,138,36,36,8,0,0
1637865958914,708,Large,200,OK,true,1048891,137,36,36,6,0,0
1637865959350,274,Medium,200,OK,true,307513,139,36,36,7,0,0
1637865959546,80,Small-Medium,200,OK,true,102713,139,36,36,7,0,0
1637865959291,340,Medium-Large,200,OK,true,512313,139,36,36,8,0,0
1637865957981,1661,Large,200,OK,true,1048892,137,36,36,25,0,8
1637865958233,1418,Large,200,OK,true,1048891,137,36,36,7,0,0
1637865959297,366,Medium-Large,200,OK,true,512313,139,36,36,7,0,0
1637865959086,632,Large,200,OK,true,1048891,137,36,36,8,0,0
1637865959623,97,Small-Medium,200,OK,true,102713,139,36,36,8,0,0
1637865959651,80,Small,200,OK,true,51511,138,36,36,9,0,0
1637865959295,438,Medium-Large,200,OK,true,512314,139,36,36,16,0,9
1637865959394,354,Medium-Large,200,OK,true,512312,139,36,36,9,0,0
1637865959517,266,Medium,200,OK,true,307513,139,36,36,6,0,0
1637865959686,113,Small-Medium,200,OK,true,102713,139,36,36,7,0,0
1637865959642,166,Small-Medium,200,OK,true,102713,139,36,36,10,0,0
1637865959299,556,Medium-Large,200,OK,true,512313,139,36,36,8,0,0
1637865959768,88,Small-Medium,200,OK,true,102713,139,36,36,8,0,0
1637865959631,235,Medium,200,OK,true,307513,139,36,36,9,0,0
1637865959622,254,Medium,200,OK,true,307513,139,36,36,9,0,0
1637865959625,252,Medium,200,OK,true,307513,139,36,36,11,0,0
1637865959330,550,Medium-Large,200,OK,true,512313,139,36,36,9,0,0
1637865959552,336,Medium,200,OK,true,307513,139,36,36,8,0,0
1637865959513,388,Medium-Large,200,OK,true,512313,139,36,36,6,0,0
1637865959374,545,Medium-Large,200,OK,true,512313,139,36,36,20,0,0
1637865959795,135,Small-Medium,200,OK,true,102713,139,36,36,8,0,0
1637865959808,132,Small-Medium,200,OK,true,102713,139,36,36,9,0,0
1637865959530,412,Medium-Large,200,OK,true,512313,139,36,36,9,0,0
1637865959233,711,Large,200,OK,true,1048891,137,36,36,8,0,0
1637865959749,234,Medium,200,OK,true,307512,139,36,36,6,0,0
1637865959912,89,Small-Medium,200,OK,true,102713,139,36,36,9,0,0
1637865959597,421,Medium-Large,200,OK,true,512313,139,36,36,9,0,0
1637865959204,814,Large,200,OK,true,1048891,137,36,36,10,0,0
1637865959919,101,Small-Medium,200,OK,true,102713,139,36,36,8,0,0
1637865959606,416,Medium-Large,200,OK,true,512313,139,36,36,10,0,0
1637865959632,392,Medium-Large,200,OK,true,512313,139,36,36,8,0,0
1637865959783,245,Medium,200,OK,true,307513,139,36,36,8,0,0
1637865959315,725,Large,200,OK,true,1048891,137,36,36,7,0,0
1637865959304,738,Large,200,OK,true,1048891,137,36,36,7,0,0
1637865960018,39,Small,200,OK,true,51511,138,36,36,9,0,0
1637865959647,412,Medium-Large,200,OK,true,512313,139,36,36,8,0,0
1637865960024,41,Small,200,OK,true,51511,138,36,36,9,0,0
1637865959266,800,Large,200,OK,true,1048891,137,36,36,8,0,0
1637865960022,44,Small,200,OK,true,51511,138,36,36,9,0,0
1637865959718,350,Medium-Large,200,OK,true,512313,139,36,36,9,0,0
1637865960029,51,Small,200,OK,true,51511,138,36,36,8,0,0
1637865959939,158,Small-Medium,200,OK,true,102713,139,36,36,7,0,0
1637865960056,41,Small,200,OK,true,51511,138,36,36,8,0,0
1637865959866,232,Medium,200,OK,true,307513,139,36,36,7,0,0
1637865959733,384,Medium-Large,200,OK,true,512313,139,36,36,10,0,0
1637865959690,433,Medium-Large,200,OK,true,512313,139,36,36,11,0,0
1637865959902,230,Medium,200,OK,true,307513,139,36,36,6,0,0
1637865960066,76,Small-Medium,200,OK,true,102713,139,36,36,10,0,0
1637865959945,208,Medium,200,OK,true,307513,139,36,36,7,0,0
1637865959489,669,Large,200,OK,true,1048891,137,36,36,8,0,0
1637865960117,44,Small,200,OK,true,51511,138,36,36,9,0,0
1637865959942,233,Medium,200,OK,true,307513,139,36,36,8,0,0
1637865959888,297,Medium,200,OK,true,307513,139,36,36,8,0,0
1637865960153,36,Small,200,OK,true,51511,138,36,36,10,0,0
1637865959455,752,Large,200,OK,true,1048891,137,36,36,7,0,0
1637865959558,656,Large,200,OK,true,1048891,137,36,36,8,0,0
1637865960173,47,Small,200,OK,true,51511,138,36,36,7,0,0
1637865960175,48,Small,200,OK,true,51511,138,36,36,7,0,0
1637865960040,185,Medium,200,OK,true,307513,139,36,36,8,0,0
1637865960069,172,Medium,200,OK,true,307513,139,36,36,8,0,0
1637865960214,33,Small,200,OK,true,51511,138,36,36,7,0,0
1637865959877,385,Medium-Large,200,OK,true,512313,139,36,36,9,0,0
1637865960099,195,Medium,200,OK,true,307513,139,36,36,7,0,0
1637865960261,38,Small,200,OK,true,51511,138,36,36,8,0,0
1637865959522,790,Large,200,OK,true,1048891,137,36,36,7,0,0
1637865960168,190,Medium,200,OK,true,307513,139,36,36,8,0,0
1637865959221,1138,Large,200,OK,true,1048891,137,36,36,8,0,0
1637865960312,52,Small,200,OK,true,51511,138,36,36,9,0,0
1637865960042,331,Medium-Large,200,OK,true,512313,139,36,36,9,0,0
1637865960162,214,Medium,200,OK,true,307513,139,36,36,7,0,0
1637865960018,383,Medium-Large,200,OK,true,512313,139,36,36,9,0,0
1637865960059,356,Medium-Large,200,OK,true,512313,139,36,36,7,0,0
1637865959598,818,Large,200,OK,true,1048891,137,36,36,9,0,0
1637865960199,226,Medium,200,OK,true,307513,139,36,36,9,0,0
1637865959728,697,Large,200,OK,true,1048891,137,36,36,6,0,0
1637865959855,575,Medium-Large,200,OK,true,512313,139,36,36,8,0,0
1637865960358,75,Small-Medium,200,OK,true,102713,139,36,36,9,0,0
1637865960241,198,Medium,200,OK,true,307513,139,36,36,9,0,0
1637865960376,79,Small-Medium,200,OK,true,102713,139,36,36,8,0,0
1637865960415,46,Small,200,OK,true,51511,138,36,36,9,0,0
1637865960439,32,Small,200,OK,true,51511,138,36,36,8,0,0
1637865960401,76,Small-Medium,200,OK,true,102713,139,36,36,9,0,0
1637865960425,68,Small-Medium,200,OK,true,102713,139,36,36,7,0,0
1637865960416,78,Small-Medium,200,OK,true,102713,139,36,36,8,0,0
1637865960263,236,Medium,200,OK,true,307513,139,36,36,8,0,0
1637865959663,839,Large,200,OK,true,1048891,137,36,36,8,0,0
1637865960295,207,Medium,200,OK,true,307513,139,36,36,17,0,0
1637865960425,78,Small-Medium,200,OK,true,102713,139,36,36,7,0,0
1637865960123,386,Medium-Large,200,OK,true,512313,139,36,36,6,0,0
1637865959881,636,Medium-Large,200,OK,true,512313,139,36,36,7,0,0
1637865960456,62,Small-Medium,200,OK,true,102713,139,36,36,7,0,0
1637865960225,299,Medium-Large,200,OK,true,512313,139,36,36,8,0,0
1637865960503,37,Small,200,OK,true,51511,138,36,36,8,0,0
1637865960317,226,Medium,200,OK,true,307513,139,36,36,7,0,0
1637865960358,187,Medium,200,OK,true,307513,139,36,36,9,0,0
1637865960373,182,Medium,200,OK,true,307513,139,36,36,9,0,0
1637865960319,238,Medium,200,OK,true,307513,139,36,36,10,0,0
1637865960210,359,Medium-Large,200,OK,true,512313,139,36,36,7,0,0
1637865960517,55,Small,200,OK,true,51511,138,36,36,9,0,0
1637865960524,62,Small-Medium,200,OK,true,102713,139,36,36,8,0,0
1637865959029,1561,Large,200,OK,true,1048891,137,36,36,12,0,0
1637865960560,45,Small,200,OK,true,51511,138,36,36,7,0,0
1637865960569,40,Small,200,OK,true,51511,138,36,36,8,0,0
1637865959876,758,Large,200,OK,true,1048891,137,36,36,9,0,0
1637865960297,339,Medium-Large,200,OK,true,512313,139,36,36,15,0,0
1637865960555,82,Small-Medium,200,OK,true,102713,139,36,36,8,0,0
1637865959953,694,Medium-Large,200,OK,true,512313,139,36,36,7,0,0
1637865960560,87,Small-Medium,200,OK,true,102713,139,36,36,9,0,0
1637865960569,89,Small-Medium,200,OK,true,102713,139,36,36,9,0,0
1637865960636,25,Small,200,OK,true,51511,138,36,36,8,0,0
1637865959983,680,Large,200,OK,true,1048890,137,36,36,8,0,0
1637865960647,34,Small,200,OK,true,51511,138,36,36,6,0,0
1637865960634,62,Small-Medium,200,OK,true,102713,139,36,36,10,0,0
1637865959829,892,Large,200,OK,true,1048891,137,36,36,9,0,0
1637865960664,64,Small-Medium,200,OK,true,102712,139,36,36,8,0,0
1637865960714,43,Small,200,OK,true,51511,138,36,36,8,0,0
1637865960569,195,Medium,200,OK,true,307513,139,36,36,8,0,0
1637865960502,279,Medium-Large,200,OK,true,512313,139,36,36,10,0,0
1637865960647,135,Small-Medium,200,OK,true,102713,139,36,36,8,0,0
1637865960158,643,Large,200,OK,true,1048891,137,36,36,7,0,0
1637865960503,317,Medium-Large,200,OK,true,512313,139,36,36,10,0,0
1637865960820,36,Small,200,OK,true,51511,138,36,36,7,0,0
1637865960500,360,Medium-Large,200,OK,true,512313,139,36,36,7,0,0
1637865960583,309,Medium-Large,200,OK,true,512313,139,36,36,8,0,0
1637865960132,778,Large,200,OK,true,1048891,137,36,36,8,0,0
1637865960791,135,Small-Medium,200,OK,true,102713,139,36,36,9,0,0
1637865960545,395,Medium-Large,200,OK,true,512313,139,36,36,8,0,0
1637865960430,520,Medium-Large,200,OK,true,512313,139,36,36,7,0,0
1637865960166,790,Large,200,OK,true,1048891,137,36,36,9,0,0
1637865960207,754,Large,200,OK,true,1048891,137,36,36,7,0,0
1637865960892,79,Small-Medium,200,OK,true,102713,139,36,36,8,0,0
1637865960557,433,Medium-Large,200,OK,true,512313,139,36,36,8,0,0
1637865960721,269,Medium,200,OK,true,307513,139,36,36,9,0,0
1637865960956,44,Small,200,OK,true,51511,138,36,36,9,0,0
1637865960667,349,Medium-Large,200,OK,true,512313,139,36,36,7,0,0
1637865960791,236,Medium,200,OK,true,307513,139,36,36,6,0,0
1637865960990,79,Small-Medium,200,OK,true,102713,139,36,36,8,0,0
1637865961028,45,Small,200,OK,true,51511,138,36,36,8,0,0
1637865961036,42,Small,200,OK,true,51511,138,36,36,7,0,0
1637865960860,232,Medium,200,OK,true,307513,139,36,36,7,0,0
1637865961016,77,Small-Medium,200,OK,true,102713,139,36,36,8,0,0
1637865960065,1032,Large,200,OK,true,1048891,137,36,36,7,0,0
1637865960704,400,Medium-Large,200,OK,true,512313,139,36,36,8,0,0
1637865960765,366,Medium-Large,200,OK,true,512313,139,36,36,7,0,0
1637865960404,740,Large,200,OK,true,1048891,137,36,36,8,0,0
1637865960802,347,Medium-Large,200,OK,true,512313,139,36,36,8,0,0
1637865960779,377,Medium-Large,200,OK,true,512313,139,36,36,8,0,0
1637865960661,502,Medium-Large,200,OK,true,512313,139,36,36,8,0,0
1637865960964,204,Medium,200,OK,true,307513,139,36,36,8,0,0
1637865960185,1006,Large,200,OK,true,1048891,137,36,36,7,0,0
1637865960857,384,Medium-Large,200,OK,true,512313,139,36,36,8,0,0
1637865961149,93,Small-Medium,200,OK,true,102713,139,36,36,8,0,0
1637865960545,707,Large,200,OK,true,1048891,137,36,36,9,0,0
1637865961191,72,Small,200,OK,true,51511,138,36,36,7,0,0
1637865961180,86,Small-Medium,200,OK,true,102713,139,36,36,7,0,0
1637865960520,747,Large,200,OK,true,1048891,137,36,36,8,0,0
1637865960950,323,Medium,200,OK,true,307513,139,36,36,9,0,0
1637865961163,126,Small-Medium,200,OK,true,102713,139,36,36,7,0,0
1637865960910,387,Medium-Large,200,OK,true,512313,139,36,36,9,0,0
1637865960509,797,Large,200,OK,true,1048891,137,36,36,8,0,0
1637865961241,74,Small-Medium,200,OK,true,102713,139,36,36,6,0,0
1637865960543,814,Large,200,OK,true,1048891,137,36,36,8,0,0
1637865960940,426,Medium-Large,200,OK,true,512313,139,36,36,7,0,0
1637865960961,411,Medium-Large,200,OK,true,512313,139,36,36,8,0,0
1637865961297,87,Small-Medium,200,OK,true,102713,139,36,36,7,0,0
1637865960600,786,Large,200,OK,true,1048891,137,36,36,7,0,0
1637865961160,241,Medium,200,OK,true,307513,139,36,36,8,0,0
1637865961372,45,Small,200,OK,true,51511,138,36,36,9,0,0
1637865961335,98,Small-Medium,200,OK,true,102713,139,36,36,7,0,0
1637865961357,80,Small-Medium,200,OK,true,102713,139,36,36,8,0,0
1637865960699,753,Large,200,OK,true,1048891,137,36,36,8,0,0
1637865960097,1367,Large,200,OK,true,1048891,137,36,36,7,0,0
1637865961385,81,Small-Medium,200,OK,true,102713,139,36,36,7,0,0
1637865961097,373,Medium,200,OK,true,307513,139,36,36,7,0,0
1637865961452,39,Small,200,OK,true,51511,138,36,36,8,0,0
1637865960704,788,Large,200,OK,true,1048891,137,36,36,8,0,0
1637865960781,713,Large,200,OK,true,1048891,137,36,36,10,0,0
1637865961131,369,Medium-Large,200,OK,true,512313,139,36,36,8,0,0
1637865960713,793,Large,200,OK,true,1048891,137,36,36,8,0,0
1637865961293,217,Medium,200,OK,true,307513,139,36,36,7,0,0
1637865961105,408,Medium-Large,200,OK,true,512313,139,36,36,7,0,0
1637865961470,55,Small,200,OK,true,51511,138,36,36,8,0,0
1637865961325,205,Medium,200,OK,true,307513,139,36,36,10,0,0
1637865961500,43,Small,200,OK,true,51511,138,36,36,6,0,0
1637865961492,52,Small,200,OK,true,51511,138,36,36,8,0,0
1637865961156,398,Medium-Large,200,OK,true,512313,139,36,36,7,0,0
1637865961516,59,Small,200,OK,true,51511,138,36,36,8,0,0
1637865961168,411,Medium-Large,200,OK,true,512313,139,36,36,8,0,0
1637865961494,87,Small-Medium,200,OK,true,102713,139,36,36,8,0,0
1637865961530,51,Small-Medium,200,OK,true,102713,139,36,36,17,0,0
1637865960779,803,Large,200,OK,true,1048891,137,36,36,9,0,0
1637865961252,331,Medium-Large,200,OK,true,512313,139,36,36,7,0,0
1637865960808,781,Large,200,OK,true,1048890,137,36,36,7,0,0
1637865961554,39,Small,200,OK,true,51511,138,36,36,9,0,0
1637865961479,120,Small-Medium,200,OK,true,102713,139,36,36,8,0,0
1637865961529,70,Small-Medium,200,OK,true,102713,139,36,36,17,0,0
1637865961366,235,Medium,200,OK,true,307513,139,36,36,7,0,0
1637865961513,96,Small-Medium,200,OK,true,102713,139,36,36,8,0,0
1637865961386,224,Medium,200,OK,true,307513,139,36,36,7,0,0
1637865961464,150,Small-Medium,200,OK,true,102713,139,36,36,9,0,0
1637865961579,59,Small-Medium,200,OK,true,102713,139,36,36,8,0,0
1637865961638,37,Small,200,OK,true,51511,138,36,36,8,0,0
1637865961307,378,Medium-Large,200,OK,true,512313,139,36,36,8,0,0
1637865961614,77,Small-Medium,200,OK,true,102713,139,36,36,9,0,0
1637865961510,186,Medium,200,OK,true,307512,139,36,36,10,0,0
1637865961661,53,Small,200,OK,true,51511,138,36,36,11,0,0
1637865961401,326,Medium-Large,200,OK,true,512313,139,36,36,10,0,0
1637865961501,229,Medium,200,OK,true,307513,139,36,36,8,0,0
1637865961698,36,Small,200,OK,true,51511,138,36,36,8,0,0
1637865961274,476,Medium-Large,200,OK,true,512313,139,36,36,9,0,0
1637865961675,77,Small-Medium,200,OK,true,102713,139,36,36,8,0,0
1637865961583,172,Medium,200,OK,true,307513,139,36,36,9,0,0
1637865960359,1403,Large,200,OK,true,1048891,137,36,36,9,0,0
1637865961727,67,Small-Medium,200,OK,true,102713,139,36,36,9,0,0
1637865961582,214,Medium,200,OK,true,307513,139,36,36,8,0,0
1637865960990,807,Large,200,OK,true,1048891,137,36,36,8,0,0
1637865961441,361,Medium-Large,200,OK,true,512313,139,36,36,8,0,0
1637865961610,201,Medium,200,OK,true,307513,139,36,36,7,0,0
1637865961782,59,Small-Medium,200,OK,true,102713,139,36,36,8,0,0
1637865961762,100,Small-Medium,200,OK,true,102713,139,36,36,5,0,0
1637865961506,362,Medium-Large,200,OK,true,512313,139,36,36,9,0,0
1637865961100,789,Large,200,OK,true,1048891,137,36,36,7,0,0
1637865961657,233,Medium,200,OK,true,307513,139,36,36,7,0,0
1637865961589,306,Medium-Large,200,OK,true,512277,139,36,36,8,0,0
1637865961868,42,Small,200,OK,true,51511,138,36,36,8,0,0
1637865961597,317,Medium-Large,200,OK,true,512313,139,36,36,7,0,0
1637865961134,801,Large,200,OK,true,1048891,137,36,36,7,0,0
1637865961145,794,Large,200,OK,true,1048891,137,36,36,7,0,0
1637865961890,50,Small,200,OK,true,51511,138,36,36,8,0,0
1637865961093,868,Large,200,OK,true,1048891,137,36,36,8,0,0
1637865961645,336,Medium-Large,200,OK,true,512313,139,36,36,7,0,0
1637865961172,829,Large,200,OK,true,1048891,137,36,36,7,0,0
1637865961614,388,Medium,200,OK,true,307513,139,36,36,9,0,0
1637865961267,740,Large,200,OK,true,1048891,137,36,36,8,0,0
1637865961927,80,Small-Medium,200,OK,true,102713,139,36,36,7,0,0
1637865961961,79,Small-Medium,200,OK,true,102713,139,36,36,8,0,0
1637865961696,346,Medium-Large,200,OK,true,512312,139,36,36,8,0,0
1637865961685,363,Medium-Large,200,OK,true,512313,139,36,36,8,0,0
1637865961758,295,Medium,200,OK,true,307513,139,36,36,7,0,0
1637865961811,246,Medium,200,OK,true,307513,139,36,36,9,0,0
1637865961981,81,Small-Medium,200,OK,true,102713,139,36,36,7,0,0
1637865962042,39,Small,200,OK,true,51510,138,36,36,8,0,0
1637865961623,476,Medium-Large,200,OK,true,512313,139,36,36,9,0,0
1637865961730,385,Medium-Large,200,OK,true,512313,139,36,36,7,0,0
1637865961889,228,Medium,200,OK,true,307513,139,36,36,6,0,0
1637865962105,67,Small,200,OK,true,51511,138,36,36,14,0,0
1637865961797,376,Medium-Large,200,OK,true,512313,139,36,36,8,0,0
1637865962116,67,Small,200,OK,true,51511,138,36,36,9,0,0
1637865961796,391,Medium-Large,200,OK,true,512313,139,36,36,9,0,0
1637865961906,309,Medium,200,OK,true,307513,139,36,36,7,0,0
1637865961871,366,Medium-Large,200,OK,true,512313,139,36,36,8,0,0
1637865962012,239,Medium,200,OK,true,307513,139,36,36,7,0,0
1637865961751,515,Medium-Large,200,OK,true,512313,139,36,36,6,0,0
1637865960936,1336,Large,200,OK,true,1048891,137,36,36,7,0,0
1637865962057,232,Medium,200,OK,true,307513,139,36,36,7,0,0
1637865962048,242,Medium,200,OK,true,307513,139,36,36,8,0,0
1637865962249,50,Small,200,OK,true,51511,138,36,36,7,0,0
1637865961915,385,Medium-Large,200,OK,true,512313,139,36,36,6,0,0
1637865962300,30,Small,200,OK,true,51511,138,36,36,7,0,0
1637865961307,1025,Large,200,OK,true,1048891,137,36,36,8,0,0
1637865962251,87,Small-Medium,200,OK,true,102713,139,36,36,6,0,0
1637865961895,446,Medium-Large,200,OK,true,512314,139,36,36,15,0,8
1637865961602,780,Large,200,OK,true,1048891,137,36,36,9,0,0
1637865962272,113,Small-Medium,200,OK,true,102713,139,36,36,9,0,0
1637865962266,120,Small-Medium,200,OK,true,102713,139,36,36,7,0,0
1637865962100,291,Medium,200,OK,true,307513,139,36,36,6,0,0
1637865961637,761,Large,200,OK,true,1048891,137,36,36,8,0,0
1637865962001,408,Medium-Large,200,OK,true,512313,139,36,36,9,0,0
1637865962186,225,Medium,200,OK,true,307512,139,36,36,8,0,0
1637865962173,243,Medium,200,OK,true,307513,139,36,36,8,0,0
1637865962395,39,Small,200,OK,true,51511,138,36,36,8,0,0
1637865962070,372,Medium-Large,200,OK,true,512313,139,36,36,7,0,0
1637865961673,777,Large,200,OK,true,1048891,137,36,36,8,0,0
1637865962382,94,Small-Medium,200,OK,true,102713,139,36,36,6,0,0
1637865961724,755,Large,200,OK,true,1048891,137,36,36,8,0,0
1637865962399,87,Small-Medium,200,OK,true,102713,139,36,36,7,0,0
1637865962053,454,Medium-Large,200,OK,true,512313,139,36,36,7,0,0
1637865962416,100,Small-Medium,200,OK,true,102713,139,36,36,6,0,0
1637865960590,1936,Large,200,OK,true,1048891,137,36,36,8,0,0
1637865962215,312,Medium,200,OK,true,307513,139,36,36,7,0,0
1637865962442,86,Small-Medium,200,OK,true,102713,139,36,36,8,0,0
1637865961755,773,Large,200,OK,true,1048891,137,36,36,7,0,0
1637865962411,125,Small-Medium,200,OK,true,102713,139,36,36,8,0,0
1637865962126,411,Medium-Large,200,OK,true,512312,139,36,36,7,0,0
1637865962451,86,Small-Medium,200,OK,true,102713,139,36,36,7,0,0
1637865962117,420,Medium-Large,200,OK,true,512313,139,36,36,12,0,0
1637865962479,69,Small-Medium,200,OK,true,102713,139,36,36,7,0,0
1637865961819,741,Large,200,OK,true,1048891,137,37,37,8,0,0
1637865962537,43,Small,200,OK,true,51510,138,37,37,8,0,0
1637865962341,243,Medium,200,OK,true,307513,139,37,37,8,0,0
1637865962188,397,Medium-Large,200,OK,true,512313,139,37,37,7,0,0
1637865961802,798,Large,200,OK,true,1048891,137,37,37,8,0,0
1637865961805,809,Large,200,OK,true,1048891,137,37,37,7,0,0
1637865962003,612,Medium-Large,200,OK,true,512313,139,37,37,8,0,0
1637865961842,774,Large,200,OK,true,1048891,137,37,37,9,0,0
1637865962559,79,Small,200,OK,true,51512,138,37,37,16,0,9
1637865962616,42,Small,200,OK,true,51511,138,37,37,6,0,0
1637865962586,81,Small-Medium,200,OK,true,102713,139,37,37,7,0,0
1637865962594,79,Small-Medium,200,OK,true,102713,139,37,37,6,0,0
1637865962444,231,Medium,200,OK,true,307513,139,37,37,8,0,0
1637865962615,67,Small,200,OK,true,51511,138,37,37,7,0,0
1637865962526,160,Small-Medium,200,OK,true,102713,139,37,37,6,0,0
1637865962289,398,Medium-Large,200,OK,true,512312,139,37,37,8,0,0
1637865961939,795,Large,200,OK,true,1048891,137,37,37,8,0,0
1637865961935,801,Large,200,OK,true,1048891,137,37,37,8,0,0
1637865962529,208,Medium,200,OK,true,307513,139,37,37,6,0,0
1637865962675,77,Small-Medium,200,OK,true,102713,139,37,37,7,0,0
1637865962417,354,Medium,200,OK,true,307513,139,37,37,9,0,0
1637865962707,64,Small,200,OK,true,51511,138,37,37,8,0,0
1637865962737,41,Small,200,OK,true,51511,138,37,37,7,0,0
1637865962560,219,Medium,200,OK,true,307513,139,37,37,8,0,0
1637865962734,46,Small,200,OK,true,51511,138,37,37,7,0,0
1637865962393,396,Medium-Large,200,OK,true,512313,139,37,37,7,0,0
1637865962332,460,Medium-Large,200,OK,true,512313,139,37,37,7,0,0
1637865962007,792,Large,200,OK,true,1048891,137,37,37,7,0,0
1637865962527,284,Medium,200,OK,true,307513,139,37,37,7,0,0
1637865962034,797,Large,200,OK,true,1048891,137,37,37,7,0,0
1637865962623,232,Medium,200,OK,true,307513,139,37,37,7,0,0
1637865962823,40,Small,200,OK,true,51511,138,37,37,6,0,0
1637865962789,80,Small-Medium,200,OK,true,102713,139,37,37,8,0,0
1637865962792,85,Small-Medium,200,OK,true,102713,139,37,37,8,0,0
1637865962831,48,Small,200,OK,true,51511,138,37,37,8,0,0
1637865962685,225,Medium,200,OK,true,307512,139,37,37,7,0,0
1637865962538,376,Medium-Large,200,OK,true,512313,139,37,37,6,0,0
1637865962540,382,Medium-Large,200,OK,true,512313,139,37,37,9,0,0
1637865962881,42,Small,200,OK,true,51511,138,37,37,7,0,0
1637865962586,361,Medium-Large,200,OK,true,512313,139,37,37,6,0,0
1637865962885,77,Small-Medium,200,OK,true,102713,139,37,37,8,0,0
1637865962584,389,Medium-Large,200,OK,true,512313,139,37,37,7,0,0
1637865962937,49,Small,200,OK,true,51511,138,37,37,7,0,0
1637865962940,52,Small,200,OK,true,51511,138,37,37,7,0,0
1637865962238,759,Large,200,OK,true,1048891,137,37,37,7,0,0
1637865962914,85,Small-Medium,200,OK,true,102713,139,37,37,6,0,0
1637865962614,386,Medium-Large,200,OK,true,512313,139,37,37,7,0,0
1637865962970,38,Small,200,OK,true,51511,138,37,37,8,0,0
1637865962947,82,Small-Medium,200,OK,true,102713,139,37,37,7,0,0
1637865962799,241,Medium,200,OK,true,307513,139,37,37,7,0,0
1637865963000,52,Small,200,OK,true,51511,138,37,37,6,0,0
1637865962259,794,Large,200,OK,true,1048891,137,37,37,8,0,0
1637865962290,776,Large,200,OK,true,1048891,137,37,37,8,0,0
1637865962997,72,Small-Medium,200,OK,true,102713,139,37,37,7,0,0
1637865962855,217,Medium,200,OK,true,307513,139,37,37,7,0,0
1637865962762,335,Medium,200,OK,true,307513,139,37,37,7,0,0
1637865962855,243,Medium,200,OK,true,307513,139,37,37,7,0,0
1637865963062,41,Small,200,OK,true,51511,138,37,37,7,0,0
1637865963072,38,Small,200,OK,true,51511,138,37,37,8,0,0
1637865962771,342,Medium,200,OK,true,307513,139,37,37,8,0,0
1637865963041,73,Small-Medium,200,OK,true,102713,139,37,37,7,0,0
1637865962811,312,Medium,200,OK,true,307513,139,37,37,8,0,0
1637865962764,362,Medium-Large,200,OK,true,512313,139,37,37,8,0,0
1637865962780,352,Medium-Large,200,OK,true,512313,139,37,37,7,0,0
1637865963095,42,Small,200,OK,true,51511,138,37,37,8,0,0
1637865963088,52,Small,200,OK,true,51511,138,37,37,7,0,0
1637865962412,736,Large,200,OK,true,1048890,137,37,37,13,0,0
1637865963097,57,Small,200,OK,true,51511,138,37,37,7,0,0
1637865963145,38,Small,200,OK,true,51511,138,37,37,7,0,0
1637865963148,43,Small,200,OK,true,51511,138,37,37,8,0,0
1637865962686,505,Medium,200,OK,true,307513,139,37,37,7,0,0
1637865962973,234,Medium,200,OK,true,307513,139,37,37,8,0,0
1637865962410,799,Large,200,OK,true,1048891,137,37,37,6,0,0
1637865962910,360,Medium-Large,200,OK,true,512312,139,37,37,9,0,0
1637865963053,224,Medium,200,OK,true,307513,139,37,37,8,0,0
1637865963067,217,Medium,200,OK,true,307513,139,37,37,7,0,0
1637865963191,94,Small,200,OK,true,51511,138,37,37,10,0,0
1637865962526,786,Large,200,OK,true,1048891,137,37,37,6,0,0
1637865963246,71,Small,200,OK,true,51511,138,37,37,6,0,0
1637865962391,926,Large,200,OK,true,1048891,137,37,37,7,0,0
1637865963098,236,Medium,200,OK,true,307513,139,37,37,8,0,0
1637865962543,793,Large,200,OK,true,1048891,137,37,37,7,0,0
1637865962560,793,Large,200,OK,true,1048891,137,37,37,8,0,0
1637865962979,387,Medium-Large,200,OK,true,512312,139,37,37,7,0,0
1637865963148,222,Medium,200,OK,true,307512,139,37,37,8,0,0
1637865963334,46,Small,200,OK,true,51511,138,37,37,7,0,0
1637865963311,72,Small-Medium,200,OK,true,102713,139,37,37,7,0,0
1637865962600,790,Large,200,OK,true,1048891,137,37,37,7,0,0
1637865963030,381,Medium-Large,200,OK,true,512313,139,37,37,7,0,0
1637865963370,43,Small,200,OK,true,51510,138,37,37,6,0,0
1637865962507,913,Large,200,OK,true,1048891,137,37,37,8,0,0
1637865963366,78,Small-Medium,200,OK,true,102712,139,37,37,6,0,0
1637865963412,45,Small,200,OK,true,51511,138,37,37,7,0,0
1637865963084,392,Medium-Large,200,OK,true,512313,139,37,37,7,0,0
1637865962687,791,Large,200,OK,true,1048890,137,37,37,7,0,0
1637865963119,372,Medium-Large,200,OK,true,512312,139,37,37,7,0,0
1637865963132,362,Medium-Large,200,OK,true,512313,139,37,37,6,0,0
1637865963393,110,Small-Medium,200,OK,true,102713,139,37,37,7,0,0
1637865963420,85,Small-Medium,200,OK,true,102713,139,37,37,7,0,0
1637865962735,780,Large,200,OK,true,1048891,137,37,37,6,0,0
1637865962742,773,Large,200,OK,true,1048891,137,37,37,9,0,0
1637865963236,280,Medium,200,OK,true,307513,139,37,37,7,0,0
1637865963482,42,Small,200,OK,true,51511,138,37,37,7,0,0
1637865963277,247,Medium,200,OK,true,307513,139,37,37,8,0,0
1637865962736,791,Large,200,OK,true,1048891,137,37,37,6,0,0
1637865963515,42,Small,200,OK,true,51511,138,37,37,8,0,0
1637865963478,79,Small-Medium,200,OK,true,102712,139,37,37,7,0,0
1637865963476,82,Small-Medium,200,OK,true,102713,139,37,37,7,0,0
1637865963527,45,Small,200,OK,true,51511,138,37,37,7,0,0
1637865963515,75,Small-Medium,200,OK,true,102713,139,37,37,6,0,0
1637865963123,471,Medium-Large,200,OK,true,512313,139,37,37,7,0,0
1637865963514,83,Small-Medium,200,OK,true,102712,139,37,37,7,0,0
1637865963560,39,Small,200,OK,true,51511,138,37,37,7,0,0
1637865963209,395,Medium-Large,200,OK,true,512313,139,37,37,7,0,0
1637865963390,228,Medium,200,OK,true,307513,139,37,37,7,0,0
1637865963210,409,Medium-Large,200,OK,true,512313,139,37,37,7,0,0
1637865963270,370,Medium-Large,200,OK,true,512312,139,37,37,7,0,0
1637865963618,43,Small,200,OK,true,51511,138,37,37,8,0,0
1637865963626,38,Small,200,OK,true,51510,138,37,37,8,0,0
1637865963284,382,Medium-Large,200,OK,true,512313,139,37,37,7,0,0
1637865963113,559,Medium-Large,200,OK,true,512313,139,37,37,7,0,0
1637865963494,204,Medium,200,OK,true,307513,139,37,37,7,0,0
1637865963491,209,Medium,200,OK,true,307512,139,37,37,5,0,0
1637865963661,45,Small,200,OK,true,51510,138,37,37,8,0,0
1637865962923,784,Large,200,OK,true,1048891,137,37,37,7,0,0
1637865963675,42,Small,200,OK,true,51511,138,37,37,7,0,0
1637865963640,78,Small-Medium,200,OK,true,102712,139,37,37,7,0,0
1637865963525,209,Medium,200,OK,true,307513,139,37,37,7,0,0
1637865963707,42,Small,200,OK,true,51511,138,37,37,8,0,0
1637865963034,727,Large,200,OK,true,1048891,137,37,37,6,0,0
1637865963700,73,Small-Medium,200,OK,true,102712,139,37,37,7,0,0
1637865962555,1220,Large,200,OK,true,1048891,137,37,37,14,0,0
1637865963444,366,Medium-Large,200,OK,true,512313,139,37,37,7,0,0
1637865963775,39,Small,200,OK,true,51510,138,37,37,7,0,0
1637865963761,76,Small-Medium,200,OK,true,102713,139,37,37,8,0,0
1637865963620,224,Medium,200,OK,true,307513,139,37,37,8,0,0
1637865963623,242,Medium,200,OK,true,307513,139,37,37,9,0,0
1637865963594,274,Medium,200,OK,true,307513,139,37,37,6,0,0
1637865963126,753,Large,200,OK,true,1048891,137,37,37,7,0,0
1637865963662,231,Medium,200,OK,true,307513,139,37,37,8,0,0
1637865963811,93,Small-Medium,200,OK,true,102713,139,37,37,6,0,0
1637865963775,130,Small-Medium,200,OK,true,102712,139,37,37,7,0,0
1637865963865,48,Small,200,OK,true,51511,138,37,37,10,0,0
1637865963848,92,Small-Medium,200,OK,true,102712,139,37,37,15,0,0
1637865963189,772,Large,200,OK,true,1048891,137,37,37,7,0,0
1637865963243,723,Large,200,OK,true,1048891,137,37,37,6,0,0
1637865963220,759,Large,200,OK,true,1048891,137,37,37,7,0,0
1637865963208,794,Large,200,OK,true,1048891,137,37,37,8,0,0
1637865963569,435,Medium-Large,200,OK,true,512313,139,37,37,7,0,0
1637865963766,239,Medium,200,OK,true,307513,139,37,37,7,0,0
1637865963672,342,Medium,200,OK,true,307513,139,37,37,7,0,0
1637865963630,391,Medium-Large,200,OK,true,512313,139,37,37,8,0,0
1637865963979,46,Small,200,OK,true,51511,138,37,37,8,0,0
1637865963292,737,Large,200,OK,true,1048891,137,37,37,18,0,0
1637865963959,88,Small-Medium,200,OK,true,102713,139,37,37,7,0,0
1637865963666,389,Medium-Large,200,OK,true,512313,139,37,37,8,0,0
1637865963810,248,Medium,200,OK,true,307512,139,37,37,6,0,0
1637865963312,762,Large,200,OK,true,1048891,137,37,37,7,0,0
1637865963336,764,Large,200,OK,true,1048891,137,37,37,7,0,0
1637865964055,49,Small,200,OK,true,51511,138,37,37,11,0,0
1637865964058,47,Small,200,OK,true,51510,138,37,37,8,0,0
1637865964074,47,Small,200,OK,true,51511,138,37,37,7,0,0
1637865963353,772,Large,200,OK,true,1048891,137,37,37,5,0,0
1637865963893,239,Medium,200,OK,true,307513,139,37,37,7,0,0
1637865963909,241,Medium,200,OK,true,307513,139,37,37,7,0,0
1637865963788,396,Medium-Large,200,OK,true,512312,139,37,37,7,0,0
1637865963340,847,Medium-Large,200,OK,true,512313,139,37,37,14,0,0
1637865963317,877,Large,200,OK,true,1048891,137,37,37,7,0,0
1637865963966,229,Medium,200,OK,true,307513,139,37,37,7,0,0
1637865964107,97,Small-Medium,200,OK,true,102713,139,37,37,9,0,0
1637865963961,247,Medium,200,OK,true,307513,139,37,37,6,0,0
1637865964151,67,Small-Medium,200,OK,true,102713,139,37,37,7,0,0
1637865964002,243,Medium,200,OK,true,307513,139,37,37,8,0,0
1637865964204,45,Small,200,OK,true,51511,138,37,37,7,0,0
1637865963518,741,Large,200,OK,true,1048890,137,37,37,7,0,0
1637865964029,234,Medium,200,OK,true,307513,139,37,37,7,0,0
1637865963863,400,Medium-Large,200,OK,true,512313,139,37,37,12,0,0
1637865964184,81,Small-Medium,200,OK,true,102712,139,37,37,7,0,0
1637865963823,445,Medium-Large,200,OK,true,512313,139,37,37,6,0,0
1637865963879,390,Medium-Large,200,OK,true,512313,139,37,37,7,0,0
1637865964187,87,Small,200,OK,true,51511,138,37,37,11,0,0
1637865964194,89,Small-Medium,200,OK,true,102713,139,37,37,7,0,0
1637865964222,80,Small-Medium,200,OK,true,102713,139,37,37,7,0,0
1637865964263,43,Small,200,OK,true,51511,138,37,37,8,0,0
1637865963869,477,Medium-Large,200,OK,true,512313,139,37,37,6,0,0
1637865964268,85,Small-Medium,200,OK,true,102713,139,37,37,7,0,0
1637865964126,241,Medium,200,OK,true,307513,139,37,37,6,0,0
1637865964014,360,Medium,200,OK,true,307513,139,37,37,7,0,0
1637865963996,388,Medium-Large,200,OK,true,512312,139,37,37,7,0,0
1637865963604,787,Large,200,OK,true,1048891,137,37,37,7,0,0
1637865964367,44,Small,200,OK,true,51511,138,37,37,7,0,0
1637865964022,395,Medium-Large,200,OK,true,512313,139,37,37,7,0,0
1637865964196,222,Medium,200,OK,true,307513,139,37,37,7,0,0
1637865964352,83,Small-Medium,200,OK,true,102713,139,37,37,6,0,0
1637865963516,920,Large,200,OK,true,1048891,137,37,37,7,0,0
1637865964346,92,Small-Medium,200,OK,true,102713,139,37,37,7,0,0
1637865963698,742,Large,200,OK,true,1048891,137,37,37,7,0,0
1637865964208,237,Medium,200,OK,true,307513,139,37,37,7,0,0
1637865963664,791,Large,200,OK,true,1048891,137,37,37,7,0,0
1637865964411,50,Small,200,OK,true,51511,138,37,37,9,0,0
1637865964384,83,Small-Medium,200,OK,true,102712,139,37,37,8,0,0
1637865964436,47,Small,200,OK,true,51511,138,37,37,7,0,0
1637865964100,387,Medium-Large,200,OK,true,512313,139,37,37,7,0,0
1637865964418,79,Small-Medium,200,OK,true,102713,139,37,37,8,0,0
1637865964269,229,Medium,200,OK,true,307513,139,37,37,7,0,0
1637865963707,804,Large,200,OK,true,1048891,137,37,37,7,0,0
1637865963922,591,Medium-Large,200,OK,true,512312,139,37,37,7,0,0
1637865964440,77,Small-Medium,200,OK,true,102713,139,37,37,8,0,0
1637865963734,791,Large,200,OK,true,1048891,137,37,37,8,0,0
1637865964133,393,Medium-Large,200,OK,true,512313,139,37,37,17,0,0
1637865964455,75,Small-Medium,200,OK,true,102713,139,37,37,7,0,0
1637865964512,41,Small,200,OK,true,51511,138,37,37,7,0,0
1637865964332,226,Medium,200,OK,true,307512,139,37,37,8,0,0
1637865964526,43,Small,200,OK,true,51511,138,37,37,8,0,0
1637865964513,62,Small,200,OK,true,51510,138,37,37,8,0,0
1637865964255,373,Medium-Large,200,OK,true,512313,139,37,37,7,0,0
1637865963844,800,Large,200,OK,true,1048891,137,37,37,19,0,0
1637865964417,227,Medium,200,OK,true,307513,139,37,37,7,0,0
1637865964298,374,Medium-Large,200,OK,true,512313,139,37,37,7,0,0
1637865963540,1136,Large,200,OK,true,1048891,137,37,37,7,0,0
1637865964445,233,Medium,200,OK,true,307513,139,37,37,7,0,0
1637865964644,51,Small,200,OK,true,51511,138,37,37,7,0,0
1637865964659,47,Small,200,OK,true,51511,138,37,37,15,0,0
1637865963923,790,Large,200,OK,true,1048890,137,37,37,7,0,0
1637865964673,45,Small,200,OK,true,51511,138,37,37,9,0,0
1637865964335,440,Medium,200,OK,true,307513,139,37,37,13,0,0
1637865964391,386,Medium-Large,200,OK,true,512313,139,37,37,7,0,0
1637865964558,232,Medium,200,OK,true,307477,139,37,37,7,0,0
1637865964714,84,Small-Medium,200,OK,true,102712,139,37,37,6,0,0
1637865964416,389,Medium-Large,200,OK,true,512313,139,37,37,8,0,0
1637865964560,247,Medium,200,OK,true,307513,139,37,37,7,0,0
1637865964005,813,Large,200,OK,true,1048891,137,37,37,7,0,0
1637865964013,829,Large,200,OK,true,1048891,137,37,37,7,0,0
1637865964777,84,Small-Medium,200,OK,true,102713,139,37,37,8,0,0
1637865964807,80,Small-Medium,200,OK,true,102712,139,37,37,6,0,0
1637865964498,392,Medium-Large,200,OK,true,512313,139,37,37,7,0,0
1637865964644,256,Medium,200,OK,true,307513,139,37,37,7,0,0
1637865964127,778,Large,200,OK,true,1048891,137,37,37,7,0,0
1637865964004,903,Large,200,OK,true,1048891,137,37,37,6,0,0
1637865964861,47,Small,200,OK,true,51510,138,37,37,7,0,0
1637865964375,540,Medium-Large,200,OK,true,512313,139,37,37,7,0,0
1637865964679,237,Medium,200,OK,true,307513,139,37,37,7,0,0
1637865964567,384,Medium-Large,200,OK,true,512313,139,37,37,6,0,0
1637865964775,188,Small-Medium,200,OK,true,102713,139,37,37,10,0,0
1637865964588,380,Medium-Large,200,OK,true,512313,139,37,37,7,0,0
1637865964494,481,Medium-Large,200,OK,true,512313,139,37,37,7,0,0
1637865964900,83,Small-Medium,200,OK,true,102713,139,37,37,8,0,0
1637865964917,95,Small-Medium,200,OK,true,102713,139,37,37,6,0,0
1637865964956,59,Small,200,OK,true,51510,138,37,37,8,0,0
1637865964603,419,Medium-Large,200,OK,true,512313,139,37,37,7,0,0
1637865964259,772,Large,200,OK,true,1048890,137,37,37,9,0,0
1637865964207,827,Large,200,OK,true,1048890,137,37,37,7,0,0
1637865964263,777,Large,200,OK,true,1048891,137,37,37,8,0,0
1637865964792,249,Medium,200,OK,true,307513,139,37,37,7,0,0
1637865964628,416,Medium-Large,200,OK,true,512313,139,37,37,7,0,0
1637865964245,803,Large,200,OK,true,1048891,137,37,37,7,0,0
1637865964584,465,Medium-Large,200,OK,true,512313,139,37,37,9,0,0
1637865964805,266,Medium,200,OK,true,307513,139,37,37,7,0,0
1637865964672,405,Medium,200,OK,true,307512,139,37,37,12,0,0
1637865965040,42,Small,200,OK,true,51511,138,37,37,9,0,0
1637865964674,409,Medium-Large,200,OK,true,512313,139,37,37,9,0,0
1637865965071,49,Small,200,OK,true,51511,138,37,37,7,0,0
1637865965031,90,Small-Medium,200,OK,true,102677,139,37,37,7,0,0
1637865964963,175,Small-Medium,200,OK,true,102713,139,37,37,12,0,0
1637865965049,91,Small-Medium,200,OK,true,102713,139,37,37,7,0,0
1637865964905,256,Medium,200,OK,true,307513,139,37,37,7,0,0
1637865964925,260,Medium,200,OK,true,307513,139,37,37,6,0,0
1637865964369,818,Large,200,OK,true,1048891,137,37,37,7,0,0
1637865965077,136,Small-Medium,200,OK,true,102712,139,37,37,11,0,0
1637865964790,428,Medium-Large,200,OK,true,512314,139,37,37,14,0,7
1637865964820,398,Medium-Large,200,OK,true,512313,139,37,37,10,0,0
1637865965179,48,Small,200,OK,true,51512,138,37,37,13,0,6
1637865964915,318,Medium,200,OK,true,307513,139,37,37,7,0,0
1637865964342,901,Large,200,OK,true,1048891,137,37,37,7,0,0
1637865965011,244,Medium,200,OK,true,307512,139,37,37,8,0,0
1637865965023,240,Medium,200,OK,true,307513,139,37,37,5,0,0
1637865965219,47,Small,200,OK,true,51511,138,37,37,7,0,0
1637865965218,51,Small,200,OK,true,51511,138,37,37,8,0,0
1637865965185,86,Small-Medium,200,OK,true,102713,139,37,37,6,0,0
1637865964842,432,Medium-Large,200,OK,true,512313,139,37,37,8,0,0
1637865965041,255,Medium,200,OK,true,307513,139,37,37,8,0,0
1637865965218,82,Small-Medium,200,OK,true,102713,139,37,37,7,0,0
1637865965049,251,Medium,200,OK,true,307513,139,37,37,7,0,0
1637865965263,43,Small,200,OK,true,51511,138,37,37,7,0,0
1637865965065,249,Medium,200,OK,true,307513,139,37,37,7,0,0
1637865964487,828,Large,200,OK,true,1048891,137,37,37,7,0,0
1637865965275,42,Small,200,OK,true,51511,138,37,37,7,0,0
1637865964500,825,Large,200,OK,true,1048891,137,37,37,7,0,0
1637865964532,795,Large,200,OK,true,1048890,137,37,37,7,0,0
1637865965083,246,Medium,200,OK,true,307513,139,37,37,7,0,0
1637865965104,231,Medium,200,OK,true,307512,139,37,37,8,0,0
1637865964515,824,Large,200,OK,true,1048891,137,37,37,7,0,0
1637865965300,41,Small,200,OK,true,51511,138,37,37,7,0,0
1637865964525,816,Large,200,OK,true,1048891,137,37,37,7,0,0
1637865964969,392,Medium-Large,200,OK,true,512313,139,37,37,7,0,0
1637865965325,40,Small,200,OK,true,51511,138,37,37,6,0,0
1637865965296,78,Small-Medium,200,OK,true,102713,139,37,37,6,0,0
1637865965339,39,Small,200,OK,true,51511,138,37,37,6,0,0
1637865965342,42,Small,200,OK,true,51511,138,37,37,7,0,0
1637865965367,39,Small,200,OK,true,51511,138,37,37,7,0,0
1637865965366,40,Small,200,OK,true,51511,138,37,37,8,0,0
1637865965035,379,Medium-Large,200,OK,true,512312,139,37,37,6,0,0
1637865965187,227,Medium,200,OK,true,307513,139,37,37,7,0,0
1637865965048,379,Medium-Large,200,OK,true,512313,139,37,37,7,0,0
1637865965414,39,Small,200,OK,true,51511,138,37,37,7,0,0
1637865965233,262,Medium,200,OK,true,307513,139,37,37,6,0,0
1637865965423,72,Small-Medium,200,OK,true,102713,139,37,37,5,0,0
1637865965427,69,Small-Medium,200,OK,true,102713,139,37,37,6,0,0
1637865965316,201,Medium,200,OK,true,307513,139,37,37,6,0,0
1637865965161,360,Medium-Large,200,OK,true,512313,139,37,37,8,0,0
1637865965486,40,Small,200,OK,true,51511,138,37,37,7,0,0
1637865965328,203,Medium,200,OK,true,307512,139,37,37,6,0,0
1637865965495,57,Small,200,OK,true,51511,138,37,37,6,0,0
1637865965188,364,Medium-Large,200,OK,true,512313,139,37,37,7,0,0
1637865965515,51,Small,200,OK,true,51511,138,37,37,6,0,0
1637865965517,52,Small,200,OK,true,51511,138,37,37,7,0,0
1637865965522,47,Small,200,OK,true,51511,138,37,37,6,0,0
1637865964808,791,Large,200,OK,true,1048891,137,37,37,6,0,0
1637865965197,403,Medium-Large,200,OK,true,512313,139,37,37,6,0,0
1637865965562,47,Small,200,OK,true,51511,138,37,37,8,0,0
1637865964818,800,Large,200,OK,true,1048891,137,37,37,7,0,0
1637865965600,45,Small,200,OK,true,51511,138,37,37,7,0,0
1637865964890,759,Large,200,OK,true,1048891,137,37,37,7,0,0
1637865965574,82,Small-Medium,200,OK,true,102713,139,37,37,6,0,0
1637865965599,74,Small-Medium,200,OK,true,102713,139,37,37,7,0,0
1637865964676,1017,Large,200,OK,true,1048891,137,37,37,7,0,0
1637865965329,366,Medium-Large,200,OK,true,512313,139,37,37,7,0,0
1637865965335,365,Medium-Large,200,OK,true,512312,139,37,37,7,0,0
1637865965366,335,Medium-Large,200,OK,true,512313,139,37,37,6,0,0
1637865965643,59,Small,200,OK,true,51511,138,37,37,7,0,0
1637865965327,377,Medium-Large,200,OK,true,512313,139,37,37,6,0,0
1637865964952,756,Large,200,OK,true,1048891,137,37,37,8,0,0
1637865965708,41,Small,200,OK,true,51511,138,37,37,7,0,0
1637865964907,846,Large,200,OK,true,1048891,137,37,37,7,0,0
1637865965414,378,Medium-Large,200,OK,true,512312,139,37,37,7,0,0
1637865965570,229,Medium,200,OK,true,307513,139,37,37,7,0,0
1637865965693,111,Small-Medium,200,OK,true,102713,139,37,37,7,0,0
1637865965723,85,Small-Medium,200,OK,true,102713,139,37,37,6,0,0
1637865965045,771,Large,200,OK,true,1048891,137,37,37,8,0,0
1637865965225,608,Medium-Large,200,OK,true,512312,139,37,37,6,0,0
1637865965748,85,Small-Medium,200,OK,true,102713,139,37,37,7,0,0
1637865965448,390,Medium-Large,200,OK,true,512313,139,37,37,7,0,0
1637865965791,69,Small,200,OK,true,51511,138,37,37,6,0,0
1637865965474,395,Medium-Large,200,OK,true,512313,139,37,37,6,0,0
1637865965635,238,Medium,200,OK,true,307513,139,37,37,6,0,0
1637865964975,898,Large,200,OK,true,1048891,137,37,37,8,0,0
1637865965649,233,Medium,200,OK,true,307513,139,37,37,7,0,0
1637865965665,227,Medium,200,OK,true,307513,139,37,37,8,0,0
1637865965514,407,Medium-Large,200,OK,true,512313,139,37,37,6,0,0
1637865965700,246,Medium,200,OK,true,307512,139,37,37,6,0,0
1637865965873,83,Small-Medium,200,OK,true,102713,139,37,37,8,0,0
1637865965711,246,Medium,200,OK,true,307513,139,37,37,7,0,0
1637865965946,51,Small,200,OK,true,51510,138,37,37,8,0,0
1637865965938,67,Small,200,OK,true,51511,138,37,37,7,0,0
1637865965255,755,Large,200,OK,true,1048855,137,37,37,6,0,0
1637865965361,720,Large,200,OK,true,1048891,137,37,37,6,0,0
1637865965838,250,Medium,200,OK,true,307513,139,37,37,22,0,0
1637865965314,784,Large,200,OK,true,1048890,137,37,37,7,0,0
1637865965244,861,Large,200,OK,true,1048891,137,37,37,6,0,0
1637865965860,246,Medium,200,OK,true,307513,139,37,37,11,0,0
1637865965871,246,Medium,200,OK,true,307513,139,37,37,6,0,0
1637865965333,791,Large,200,OK,true,1048891,137,37,37,6,0,0
1637865966098,47,Small,200,OK,true,51510,138,37,37,7,0,0
1637865966106,48,Small,200,OK,true,51511,138,37,37,12,0,0
1637865966105,56,Small,200,OK,true,51511,138,37,37,12,0,0
1637865965747,419,Medium-Large,200,OK,true,512313,139,37,37,7,0,0
1637865965873,293,Medium,200,OK,true,307513,139,37,37,9,0,0
1637865965896,296,Medium,200,OK,true,307513,139,37,37,7,0,0
1637865965411,785,Large,200,OK,true,1048891,137,37,37,7,0,0
1637865965800,398,Medium-Large,200,OK,true,512313,139,37,37,6,0,0
1637865965792,421,Medium-Large,200,OK,true,512277,139,37,37,7,0,0
1637865965816,419,Medium-Large,200,OK,true,512313,139,37,37,6,0,0
1637865966196,41,Small,200,OK,true,51511,138,37,37,7,0,0
1637865966199,43,Small,200,OK,true,51511,138,37,37,6,0,0
1637865965444,802,Large,200,OK,true,1048891,137,37,37,6,0,0
1637865966011,238,Medium,200,OK,true,307514,139,37,37,14,0,6
1637865965870,391,Medium-Large,200,OK,true,512313,139,37,37,6,0,0
1637865966214,59,Small,200,OK,true,51512,138,37,37,15,0,7
1637865965892,382,Medium-Large,200,OK,true,512313,139,37,37,6,0,0
1637865966192,86,Small-Medium,200,OK,true,102713,139,37,37,7,0,0
1637865965531,771,Large,200,OK,true,1048890,137,37,37,6,0,0
1637865966262,45,Small,200,OK,true,51511,138,37,37,7,0,0
1637865965489,823,Large,200,OK,true,1048891,137,37,37,6,0,0
1637865965552,762,Large,200,OK,true,1048891,137,37,37,11,0,0
1637865966247,75,Small-Medium,200,OK,true,102712,139,37,37,7,0,0
1637865966314,35,Small,200,OK,true,51511,138,37,37,8,0,0
1637865966312,43,Small,200,OK,true,51511,138,37,37,8,0,0
1637865966303,73,Small-Medium,200,OK,true,102677,139,37,37,7,0,0
1637865966362,48,Small,200,OK,true,51511,138,37,37,8,0,0
1637865966087,324,Medium,200,OK,true,307513,139,37,37,7,0,0
1637865965618,816,Large,200,OK,true,1048891,137,37,37,8,0,0
1637865966346,94,Small-Medium,200,OK,true,102713,139,37,37,7,0,0
1637865966340,103,Small-Medium,200,OK,true,102713,139,37,37,7,0,0
1637865965670,774,Large,200,OK,true,1048891,137,37,37,7,0,0
1637865965701,759,Large,200,OK,true,1048891,137,37,37,7,0,0
1637865966088,380,Medium-Large,200,OK,true,512313,139,37,37,7,0,0
1637865966435,38,Small,200,OK,true,51511,138,37,37,6,0,0
1637865966394,79,Small-Medium,200,OK,true,102712,139,37,37,8,0,0
1637865965663,826,Large,200,OK,true,1048891,137,37,37,7,0,0
1637865966460,34,Small,200,OK,true,51511,138,37,37,7,0,0
1637865966274,223,Medium,200,OK,true,307513,139,37,37,7,0,0
1637865966117,381,Medium-Large,200,OK,true,512313,139,37,37,8,0,0
1637865966463,39,Small,200,OK,true,51511,138,37,37,6,0,0
1637865965696,817,Large,200,OK,true,1048891,137,37,37,6,0,0
1637865966497,41,Small,200,OK,true,51511,138,37,37,7,0,0
1637865966509,39,Small,200,OK,true,51511,138,37,37,7,0,0
1637865965704,845,Large,200,OK,true,1048891,137,37,37,7,0,0
1637865966451,127,Small-Medium,200,OK,true,102714,139,37,37,14,0,7
1637865966543,41,Small,200,OK,true,51510,138,37,37,6,0,0
1637865966513,75,Small-Medium,200,OK,true,102713,139,37,37,5,0,0
1637865966549,78,Small-Medium,200,OK,true,102713,139,37,37,7,0,0
1637865965753,890,Large,200,OK,true,1048891,137,37,37,8,0,0
1637865966444,200,Medium,200,OK,true,307513,139,37,37,6,0,0
1637865965882,763,Large,200,OK,true,1048891,137,37,37,7,0,0
1637865966253,419,Medium-Large,200,OK,true,512313,139,37,37,6,0,0
1637865966644,59,Small,200,OK,true,51511,138,37,37,6,0,0
1637865966658,48,Small,200,OK,true,51511,138,37,37,7,0,0
1637865966661,54,Small,200,OK,true,51511,138,37,37,7,0,0
1637865966490,232,Medium,200,OK,true,307513,139,37,37,7,0,0
1637865965921,806,Large,200,OK,true,1048891,137,37,37,8,0,0
1637865966673,59,Small,200,OK,true,51511,138,37,37,7,0,0
1637865966645,88,Small-Medium,200,OK,true,102713,139,37,37,8,0,0
1637865965957,794,Large,200,OK,true,1048891,137,37,37,8,0,0
1637865966723,39,Small,200,OK,true,51511,138,37,37,6,0,0
1637865966696,75,Small-Medium,200,OK,true,102712,139,37,37,8,0,0
1637865966697,87,Small-Medium,200,OK,true,102713,139,37,37,9,0,0
1637865966082,707,Large,200,OK,true,1048891,137,37,37,7,0,0
1637865966021,783,Large,200,OK,true,1048891,137,37,37,8,0,0
1637865966611,205,Medium,200,OK,true,307513,139,37,37,6,0,0
1637865966599,222,Medium,200,OK,true,307513,139,37,37,7,0,0
1637865966469,368,Medium-Large,200,OK,true,512313,139,37,37,7,0,0
1637865965138,1722,Large,200,OK,true,1048891,137,37,37,8,0,0
1637865966094,769,Large,200,OK,true,1048890,137,37,37,8,0,0
1637865966645,224,Medium,200,OK,true,307513,139,37,37,7,0,0
1637865966498,374,Medium-Large,200,OK,true,512313,139,37,37,8,0,0
1637865966124,765,Large,200,OK,true,1048891,137,37,37,7,0,0
1637865966869,51,Small,200,OK,true,51511,138,37,37,7,0,0
1637865966166,754,Large,200,OK,true,1048891,137,37,37,8,0,0
1637865966871,51,Small,200,OK,true,51511,138,37,37,12,0,0
1637865966837,86,Small-Medium,200,OK,true,102713,139,37,37,8,0,0
1637865966889,45,Small,200,OK,true,51511,138,37,37,7,0,0
1637865965841,1102,Large,200,OK,true,1048891,137,37,37,20,0,0
1637865966872,83,Small-Medium,200,OK,true,102713,139,37,37,6,0,0
1637865966608,364,Medium-Large,200,OK,true,512313,139,37,37,7,0,0
1637865966751,229,Medium,200,OK,true,307513,139,37,37,7,0,0
1637865966254,740,Large,200,OK,true,1048891,137,37,37,6,0,0
1637865966249,745,Large,200,OK,true,1048891,137,37,37,7,0,0
1637865966920,80,Small-Medium,200,OK,true,102713,139,37,37,7,0,0
1637865966943,58,Small,200,OK,true,51511,138,37,37,7,0,0
1637865966236,770,Large,200,OK,true,1048891,137,37,37,6,0,0
1637865966644,376,Medium-Large,200,OK,true,512313,139,37,37,7,0,0
1637865966793,227,Medium,200,OK,true,307513,139,37,37,7,0,0
1637865966246,795,Large,200,OK,true,1048891,137,37,37,8,0,0
1637865966806,236,Medium,200,OK,true,307513,139,37,37,7,0,0
1637865966980,79,Small-Medium,200,OK,true,102713,139,37,37,7,0,0
1637865965833,1232,Large,200,OK,true,1048890,137,37,37,7,0,0
1637865967020,45,Small,200,OK,true,51511,138,37,37,9,0,0
1637865966985,94,Small-Medium,200,OK,true,102713,139,37,37,7,0,0
1637865966845,242,Medium,200,OK,true,307513,139,37,37,7,0,0
1637865966344,751,Large,200,OK,true,1048891,137,37,37,7,0,0
1637865967017,82,Small-Medium,200,OK,true,102713,139,37,37,9,0,0
1637865967019,84,Small-Medium,200,OK,true,102713,139,37,37,9,0,0
1637865967068,39,Small,200,OK,true,51511,138,37,37,7,0,0
1637865967038,84,Small-Medium,200,OK,true,102713,139,37,37,7,0,0
1637865967065,64,Small,200,OK,true,51510,138,37,37,8,0,0
1637865966789,356,Medium-Large,200,OK,true,512313,139,37,37,6,0,0
1637865966166,979,Large,200,OK,true,1048891,137,37,37,8,0,0
1637865967092,57,Small,200,OK,true,51511,138,37,37,7,0,0
1637865967087,80,Small-Medium,200,OK,true,102713,139,37,37,7,0,0
1637865967095,74,Small-Medium,200,OK,true,102713,139,37,37,8,0,0
1637865966809,372,Medium-Large,200,OK,true,512313,139,37,37,7,0,0
1637865966410,777,Large,200,OK,true,1048891,137,37,37,8,0,0
1637865966804,391,Medium-Large,200,OK,true,512313,139,37,37,6,0,0
1637865966821,377,Medium-Large,200,OK,true,512313,139,37,37,6,0,0
1637865967165,39,Small,200,OK,true,51511,138,37,37,6,0,0
1637865966994,224,Medium,200,OK,true,307513,139,37,37,8,0,0
1637865967128,90,Small-Medium,200,OK,true,102713,139,37,37,7,0,0
1637865967133,91,Small-Medium,200,OK,true,102713,139,37,37,8,0,0
1637865966460,768,Large,200,OK,true,1048891,137,37,37,7,0,0
1637865966994,237,Medium,200,OK,true,307513,139,37,37,7,0,0
1637865967198,46,Small,200,OK,true,51511,138,37,37,6,0,0
1637865966864,381,Medium-Large,200,OK,true,512312,139,37,37,6,0,0
1637865967020,229,Medium,200,OK,true,307513,139,37,37,10,0,0
1637865967145,107,Small-Medium,200,OK,true,102713,139,37,37,8,0,0
1637865966861,405,Medium,200,OK,true,307513,139,37,37,10,0,0
1637865967228,43,Small,200,OK,true,51510,138,37,37,7,0,0
1637865967043,233,Medium,200,OK,true,307513,139,37,37,7,0,0
1637865967187,89,Small-Medium,200,OK,true,102713,139,37,37,8,0,0
1637865966495,787,Large,200,OK,true,1048891,137,37,37,7,0,0
1637865967249,34,Small,200,OK,true,51511,138,37,37,6,0,0
1637865967218,73,Small-Medium,200,OK,true,102713,139,37,37,11,0,0
1637865966972,327,Medium-Large,200,OK,true,512313,139,37,37,7,0,0
1637865967244,73,Small-Medium,200,OK,true,102713,139,37,37,6,0,0
1637865967218,105,Small-Medium,200,OK,true,102712,139,37,37,10,0,0
1637865967235,90,Small-Medium,200,OK,true,102713,139,37,37,7,0,0
1637865967266,69,Small,200,OK,true,51511,138,37,37,8,0,0
1637865966583,752,Large,200,OK,true,1048891,137,37,37,7,0,0
1637865967282,62,Small-Medium,200,OK,true,102713,139,37,37,6,0,0
1637865967277,78,Small-Medium,200,OK,true,102713,139,37,37,7,0,0
1637865967334,40,Small,200,OK,true,51511,138,37,37,7,0,0
1637865966488,893,Large,200,OK,true,1048891,137,37,37,7,0,0
1637865967020,371,Medium-Large,200,OK,true,512313,139,37,37,7,0,0
1637865967294,98,Small-Medium,200,OK,true,102712,139,37,37,7,0,0
1637865967181,212,Medium,200,OK,true,307513,139,37,37,7,0,0
1637865967366,38,Small,200,OK,true,51511,138,37,37,6,0,0
1637865967186,226,Medium,200,OK,true,307513,139,37,37,7,0,0
1637865967218,201,Medium,200,OK,true,307513,139,37,37,11,0,0
1637865967419,45,Small,200,OK,true,51511,138,37,37,7,0,0
1637865966727,739,Large,200,OK,true,1048891,137,37,37,7,0,0
1637865966412,1054,Large,200,OK,true,1048891,137,37,37,8,0,0
1637865967382,89,Small-Medium,200,OK,true,102713,139,37,37,7,0,0
1637865967411,77,Small-Medium,200,OK,true,102713,139,37,37,6,0,0
1637865967423,88,Small-Medium,200,OK,true,102713,139,37,37,7,0,0
1637865967168,345,Medium-Large,200,OK,true,512313,139,37,37,7,0,0
1637865967429,89,Small-Medium,200,OK,true,102713,139,37,37,6,0,0
1637865966816,709,Large,200,OK,true,1048891,137,37,37,7,0,0
1637865967441,95,Small-Medium,200,OK,true,102712,139,37,37,6,0,0
1637865967166,382,Medium-Large,200,OK,true,512313,139,37,37,6,0,0
1637865967335,229,Medium,200,OK,true,307513,139,37,37,7,0,0
1637865967524,40,Small,200,OK,true,51510,138,37,37,7,0,0
1637865967231,353,Medium-Large,200,OK,true,512313,139,37,37,8,0,0
1637865966838,754,Large,200,OK,true,1048890,137,37,37,8,0,0
1637865967245,365,Medium-Large,200,OK,true,512312,139,37,37,7,0,0
1637865967413,200,Small-Medium,200,OK,true,102713,139,37,37,15,0,0
1637865967548,87,Small-Medium,200,OK,true,102713,139,37,37,6,0,0
1637865967591,51,Small,200,OK,true,51510,138,37,37,7,0,0
1637865967380,265,Medium,200,OK,true,307513,139,37,37,7,0,0
1637865967276,373,Medium-Large,200,OK,true,512313,139,37,37,7,0,0
1637865967572,96,Small-Medium,200,OK,true,102713,139,37,37,7,0,0
1637865967583,90,Small-Medium,200,OK,true,102713,139,37,37,7,0,0
1637865966793,885,Large,200,OK,true,1048891,137,37,37,7,0,0
1637865967649,48,Small,200,OK,true,51511,138,37,37,6,0,0
1637865966821,898,Large,200,OK,true,1048891,137,37,37,8,0,0
1637865967678,46,Small,200,OK,true,51511,138,37,37,6,0,0
1637865967482,243,Medium,200,OK,true,307513,139,37,37,7,0,0
1637865967006,751,Large,200,OK,true,1048891,137,37,37,7,0,0
1637865967374,402,Medium-Large,200,OK,true,512312,139,37,37,7,0,0
1637865967739,49,Small,200,OK,true,51510,138,37,37,7,0,0
1637865967396,393,Medium-Large,200,OK,true,512313,139,37,37,7,0,0
1637865967720,91,Small-Medium,200,OK,true,102713,139,37,37,7,0,0
1637865967041,772,Large,200,OK,true,1048891,137,37,37,7,0,0
1637865967564,252,Medium,200,OK,true,307513,139,37,37,8,0,0
1637865967731,90,Small-Medium,200,OK,true,102713,139,37,37,7,0,0
1637865967609,244,Medium,200,OK,true,307477,139,37,37,7,0,0
1637865967812,46,Small,200,OK,true,51511,138,37,37,8,0,0
1637865967776,87,Small-Medium,200,OK,true,102712,139,37,37,7,0,0
1637865967145,728,Large,200,OK,true,1048891,137,37,37,7,0,0
1637865967671,242,Medium,200,OK,true,307512,139,37,37,6,0,0
1637865967867,47,Small,200,OK,true,51511,138,37,37,7,0,0
1637865967825,89,Small-Medium,200,OK,true,102713,139,37,37,7,0,0
1637865967872,83,Small-Medium,200,OK,true,102713,139,37,37,8,0,0
1637865967913,45,Small,200,OK,true,51510,138,37,37,7,0,0
1637865967879,90,Small-Medium,200,OK,true,102713,139,37,37,8,0,0
1637865967559,413,Medium-Large,200,OK,true,512313,139,37,37,7,0,0
1637865967195,784,Large,200,OK,true,1048891,137,37,37,7,0,0
1637865967853,137,Small-Medium,200,OK,true,102714,139,37,37,14,0,8
1637865967978,46,Small,200,OK,true,51511,138,37,37,8,0,0
1637865967961,85,Small-Medium,200,OK,true,102713,139,37,37,8,0,0
1637865967299,764,Large,200,OK,true,1048891,137,37,37,7,0,0
1637865967589,480,Medium-Large,200,OK,true,512312,139,37,37,7,0,0
1637865967281,811,Large,200,OK,true,1048891,137,37,37,7,0,0
1637865967645,459,Medium-Large,200,OK,true,512313,139,37,37,7,0,0
1637865967313,796,Large,200,OK,true,1048891,137,37,37,7,0,0
1637865968091,52,Small,200,OK,true,51511,138,37,37,8,0,0
1637865967725,420,Medium-Large,200,OK,true,512313,139,37,37,7,0,0
1637865967346,816,Large,200,OK,true,1048891,137,37,37,7,0,0
1637865967757,415,Medium-Large,200,OK,true,512313,139,37,37,7,0,0
1637865967390,812,Large,200,OK,true,1048891,137,37,37,8,0,0
1637865967796,422,Medium-Large,200,OK,true,512313,139,37,37,8,0,0
1637865968172,49,Small,200,OK,true,51511,138,37,37,8,0,0
1637865967390,834,Large,200,OK,true,1048891,137,37,37,7,0,0
1637865967392,840,Large,200,OK,true,1048891,137,37,37,8,0,0
1637865968145,92,Small-Medium,200,OK,true,102713,139,37,37,8,0,0
1637865967816,423,Medium-Large,200,OK,true,512313,139,37,37,7,0,0
1637865968027,258,Medium,200,OK,true,307513,139,37,37,8,0,0
1637865968240,54,Small,200,OK,true,51511,138,37,37,9,0,0
1637865968002,299,Medium,200,OK,true,307513,139,37,37,7,0,0
1637865967887,426,Medium-Large,200,OK,true,512277,139,37,37,8,0,0
1637865967512,831,Large,200,OK,true,1048891,137,37,37,7,0,0
1637865967465,879,Large,200,OK,true,1048891,137,37,37,10,0,0
1637865967240,1112,Large,200,OK,true,1048891,137,37,37,6,0,0
1637865967514,840,Large,200,OK,true,1048890,137,37,37,7,0,0
1637865968344,47,Small,200,OK,true,51511,138,37,37,8,0,0
1637865968343,49,Small,200,OK,true,51511,138,37,37,8,0,0
1637865968320,88,Small-Medium,200,OK,true,102713,139,37,37,7,0,0
1637865967972,443,Medium-Large,200,OK,true,512313,139,37,37,8,0,0
1637865967567,850,Large,200,OK,true,1048891,137,37,37,7,0,0
1637865967530,905,Large,200,OK,true,1048891,137,37,37,6,0,0
1637865967577,858,Large,200,OK,true,1048891,137,37,37,6,0,0
1637865968020,421,Medium-Large,200,OK,true,512313,139,37,37,7,0,0
1637865968016,426,Medium-Large,200,OK,true,512313,139,37,37,7,0,0
1637865967974,485,Medium-Large,200,OK,true,512313,139,37,37,7,0,0
1637865968351,122,Small-Medium,200,OK,true,102713,139,37,37,7,0,0
1637865968435,46,Small,200,OK,true,51511,138,37,37,8,0,0
1637865968233,249,Medium,200,OK,true,307513,139,37,37,7,0,0
1637865968062,421,Medium-Large,200,OK,true,512313,139,37,37,7,0,0
1637865968224,260,Medium,200,OK,true,307513,139,37,37,8,0,0
1637865968061,425,Medium-Large,200,OK,true,512312,139,37,37,7,0,0
1637865968442,44,Small,200,OK,true,51511,138,37,37,8,0,0
1637865968415,83,Small-Medium,200,OK,true,102713,139,37,37,7,0,0
1637865968469,46,Small,200,OK,true,51511,138,37,37,7,0,0
1637865968482,45,Small,200,OK,true,51511,138,37,37,7,0,0
1637865968484,48,Small,200,OK,true,51511,138,37,37,7,0,0
1637865968110,425,Medium-Large,200,OK,true,512313,139,37,37,7,0,0
1637865968069,478,Medium-Large,200,OK,true,512312,139,37,37,11,0,0
1637865968104,470,Medium-Large,200,OK,true,512313,139,38,38,8,0,0
1637865968126,449,Medium-Large,200,OK,true,512313,139,38,38,8,0,0
1637865968161,417,Medium-Large,200,OK,true,512313,139,38,38,7,0,0
1637865967696,883,Large,200,OK,true,1048891,137,38,38,7,0,0
1637865968301,282,Medium,200,OK,true,307513,139,38,38,6,0,0
1637865968535,75,Small-Medium,200,OK,true,102713,139,38,38,8,0,0
1637865967789,828,Large,200,OK,true,1048891,137,38,38,7,0,0
1637865967465,1158,Large,200,OK,true,1048891,137,38,38,7,0,0
1637865968576,50,Small,200,OK,true,51511,138,38,38,8,0,0
1637865968219,412,Medium-Large,200,OK,true,512313,139,38,38,8,0,0
1637865968239,410,Medium-Large,200,OK,true,512313,139,38,38,9,0,0
1637865967718,939,Large,200,OK,true,1048891,137,38,38,7,0,0
1637865968441,222,Medium,200,OK,true,307513,139,38,38,8,0,0
1637865968547,117,Small-Medium,200,OK,true,102712,139,38,38,8,0,0
1637865968583,83,Small-Medium,200,OK,true,102713,139,38,38,7,0,0
1637865968630,51,Small,200,OK,true,51511,138,38,38,7,0,0
1637865968631,50,Small,200,OK,true,51511,138,38,38,6,0,0
1637865968293,399,Medium-Large,200,OK,true,512313,139,38,38,7,0,0
1637865967362,1336,Large,200,OK,true,1048855,137,38,38,6,0,0
1637865968632,65,Small-Medium,200,OK,true,102713,139,38,38,7,0,0
1637865968617,83,Small-Medium,200,OK,true,102713,139,38,38,8,0,0
1637865968435,283,Medium,200,OK,true,307513,139,38,38,7,0,0
1637865968649,81,Small-Medium,200,OK,true,102713,139,38,38,8,0,0
1637865968493,247,Medium,200,OK,true,307513,139,38,38,7,0,0
1637865968687,54,Small,200,OK,true,51511,138,38,38,7,0,0
1637865967924,829,Large,200,OK,true,1048890,137,38,38,7,0,0
1637865968697,69,Small,200,OK,true,51512,138,38,38,15,0,7
1637865968698,69,Small,200,OK,true,51510,138,38,38,9,0,0
1637865968578,194,Medium,200,OK,true,307513,139,38,38,7,0,0
1637865968418,367,Medium-Large,200,OK,true,512313,139,38,38,7,0,0
1637865968564,225,Medium,200,OK,true,307513,139,38,38,8,0,0
1637865968486,307,Medium-Large,200,OK,true,512312,139,38,38,8,0,0
1637865968753,44,Small,200,OK,true,51510,138,38,38,10,0,0
1637865968728,75,Small-Medium,200,OK,true,102713,139,38,38,8,0,0
1637865968740,78,Small-Medium,200,OK,true,102713,139,38,38,9,0,0
1637865968590,236,Medium,200,OK,true,307513,139,38,38,9,0,0
1637865968663,164,Medium,200,OK,true,307513,139,38,38,22,0,0
1637865968793,38,Small,200,OK,true,51510,138,38,38,9,0,0
1637865968839,45,Small,200,OK,true,51511,138,38,38,9,0,0
1637865968109,776,Large,200,OK,true,1048891,137,38,38,8,0,0
1637865968828,76,Small-Medium,200,OK,true,102713,139,38,38,8,0,0
1637865968499,411,Medium,200,OK,true,307513,139,38,38,8,0,0
1637865968885,35,Small,200,OK,true,51511,138,38,38,9,0,0
1637865968852,73,Small,200,OK,true,51510,138,38,38,7,0,0
1637865968617,335,Medium-Large,200,OK,true,512313,139,38,38,8,0,0
1637865968556,401,Medium,200,OK,true,307514,139,38,38,15,0,7
1637865968784,207,Medium,200,OK,true,307513,139,38,38,10,0,0
1637865968657,352,Medium,200,OK,true,307513,139,38,38,7,0,0
1637865968459,553,Medium-Large,200,OK,true,512313,139,38,38,7,0,0
1637865968202,834,Large,200,OK,true,1048891,137,38,38,8,0,0
1637865968623,438,Medium,200,OK,true,307513,139,38,38,7,0,0
1637865968354,715,Large,200,OK,true,1048890,137,38,38,8,0,0
1637865968286,785,Large,200,OK,true,1048891,137,38,38,7,0,0
1637865968826,251,Medium,200,OK,true,307513,139,38,38,9,0,0
1637865968692,391,Medium-Large,200,OK,true,512313,139,38,38,9,0,0
1637865968990,95,Small-Medium,200,OK,true,102713,139,38,38,14,0,0
1637865969012,75,Small,200,OK,true,51511,138,38,38,9,0,0
1637865969071,48,Small,200,OK,true,51511,138,38,38,9,0,0
1637865969009,111,Small-Medium,200,OK,true,102713,139,38,38,9,0,0
1637865969036,87,Small-Medium,200,OK,true,102713,139,38,38,10,0,0
1637865969002,137,Small-Medium,200,OK,true,102712,139,38,38,7,0,0
1637865968314,829,Large,200,OK,true,1048892,137,38,38,15,0,8
1637865968484,668,Large,200,OK,true,1048891,137,38,38,8,0,0
1637865967613,1545,Large,200,OK,true,1048891,137,38,38,8,0,0
1637865968782,388,Medium-Large,200,OK,true,512313,139,38,38,9,0,0
1637865968945,231,Medium,200,OK,true,307512,139,38,38,9,0,0
1637865968734,442,Medium-Large,200,OK,true,512313,139,38,38,9,0,0
1637865968952,232,Medium,200,OK,true,307513,139,38,38,7,0,0
1637865968789,401,Medium-Large,200,OK,true,512313,139,38,38,8,0,0
1637865968388,805,Large,200,OK,true,1048891,137,38,38,7,0,0
1637865968575,660,Medium-Large,200,OK,true,512313,139,38,38,9,0,0
1637865969193,48,Small,200,OK,true,51511,138,38,38,9,0,0
1637865969143,100,Small-Medium,200,OK,true,102713,139,38,38,10,0,0
1637865968491,758,Large,200,OK,true,1048891,137,38,38,7,0,0
1637865968991,259,Medium,200,OK,true,307513,139,38,38,10,0,0
1637865969188,63,Small,200,OK,true,51511,138,38,38,10,0,0
1637865969170,82,Small-Medium,200,OK,true,102713,139,38,38,8,0,0
1637865968584,671,Medium-Large,200,OK,true,512313,139,38,38,8,0,0
1637865968718,537,Medium-Large,200,OK,true,512313,139,38,38,9,0,0
1637865969176,82,Small-Medium,200,OK,true,102712,139,38,38,10,0,0
1637865969249,43,Small,200,OK,true,51510,138,38,38,8,0,0
1637865969077,244,Medium,200,OK,true,307513,139,38,38,9,0,0
1637865968905,420,Medium-Large,200,OK,true,512312,139,38,38,10,0,0
1637865969255,71,Small,200,OK,true,51511,138,38,38,10,0,0
1637865968910,449,Medium,200,OK,true,307513,139,38,38,9,0,0
1637865969321,54,Small,200,OK,true,51511,138,38,38,8,0,0
1637865969255,143,Small-Medium,200,OK,true,102713,139,38,38,9,0,0
1637865969184,230,Medium,200,OK,true,307513,139,38,38,9,0,0
1637865969325,93,Small-Medium,200,OK,true,102712,139,38,38,12,0,0
1637865968579,865,Large,200,OK,true,1048891,137,38,38,13,0,0
1637865969036,415,Medium-Large,200,OK,true,512313,139,38,38,10,0,0
1637865969176,297,Medium,200,OK,true,307513,139,38,38,10,0,0
1637865969407,82,Small,200,OK,true,51511,138,38,38,10,0,0
1637865969451,41,Small,200,OK,true,51511,138,38,38,8,0,0
1637865969152,341,Medium-Large,200,OK,true,512313,139,38,38,8,0,0
1637865969401,99,Small-Medium,200,OK,true,102712,139,38,38,27,0,0
1637865969083,427,Medium-Large,200,OK,true,512313,139,38,38,10,0,0
1637865969474,43,Small,200,OK,true,51511,138,38,38,8,0,0
1637865969473,58,Small,200,OK,true,51511,138,38,38,9,0,0
1637865969360,172,Small-Medium,200,OK,true,102713,139,38,38,9,0,0
1637865969143,414,Medium-Large,200,OK,true,512313,139,38,38,10,0,0
1637865968772,786,Large,200,OK,true,1048891,137,38,38,8,0,0
1637865969493,76,Small-Medium,200,OK,true,102713,139,38,38,10,0,0
1637865968785,797,Large,200,OK,true,1048891,137,38,38,10,0,0
1637865969557,43,Small,200,OK,true,51511,138,38,38,7,0,0
1637865968801,801,Large,200,OK,true,1048891,137,38,38,8,0,0
1637865969341,272,Medium,200,OK,true,307513,139,38,38,10,0,0
1637865969582,38,Small,200,OK,true,51511,138,38,38,8,0,0
1637865968784,837,Large,200,OK,true,1048891,137,38,38,8,0,0
1637865969235,395,Medium,200,OK,true,307513,139,38,38,8,0,0
1637865968980,650,Large,200,OK,true,1048891,137,38,38,8,0,0
1637865969602,37,Small,200,OK,true,51511,138,38,38,8,0,0
1637865969223,418,Medium-Large,200,OK,true,512313,139,38,38,8,0,0
1637865968769,873,Large,200,OK,true,1048891,137,38,38,9,0,0
1637865969554,101,Small-Medium,200,OK,true,102712,139,38,38,10,0,0
1637865969190,469,Medium-Large,200,OK,true,512313,139,38,38,10,0,0
1637865969602,82,Small-Medium,200,OK,true,102713,139,38,38,8,0,0
1637865969328,356,Medium-Large,200,OK,true,512312,139,38,38,10,0,0
1637865969625,63,Small,200,OK,true,51511,138,38,38,8,0,0
1637865969626,64,Small,200,OK,true,51511,138,38,38,9,0,0
1637865968957,735,Medium-Large,200,OK,true,512313,139,38,38,7,0,0
1637865969630,63,Small-Medium,200,OK,true,102713,139,38,38,9,0,0
1637865969532,166,Small-Medium,200,OK,true,102713,139,38,38,7,0,0
1637865969641,75,Small-Medium,200,OK,true,102713,139,38,38,10,0,0
1637865969685,36,Small-Medium,200,OK,true,102677,139,38,38,7,0,0
1637865969296,436,Medium-Large,200,OK,true,512313,139,38,38,16,0,0
1637865969477,256,Medium,200,OK,true,307512,139,38,38,9,0,0
1637865969158,577,Medium-Large,200,OK,true,512313,139,38,38,10,0,0
1637865969407,334,Medium,200,OK,true,307513,139,38,38,11,0,0
1637865969710,35,Small,200,OK,true,51511,138,38,38,8,0,0
1637865969163,584,Medium-Large,200,OK,true,512313,139,38,38,10,0,0
1637865969069,698,Large,200,OK,true,1048890,137,38,38,8,0,0
1637865969734,37,Small,200,OK,true,51511,138,38,38,8,0,0
1637865969322,450,Medium-Large,200,OK,true,512313,139,38,38,10,0,0
1637865969734,39,Small,200,OK,true,51510,138,38,38,8,0,0
1637865969706,81,Small-Medium,200,OK,true,102712,139,38,38,8,0,0
1637865969755,34,Small,200,OK,true,51511,138,38,38,8,0,0
1637865968893,901,Large,200,OK,true,1048891,137,38,38,9,0,0
1637865969735,60,Small,200,OK,true,51511,138,38,38,8,0,0
1637865969747,59,Small,200,OK,true,51511,138,38,38,9,0,0
1637865969754,54,Small,200,OK,true,51511,138,38,38,8,0,0
1637865969062,754,Medium-Large,200,OK,true,512313,139,38,38,8,0,0
1637865968880,937,Large,200,OK,true,1048891,137,38,38,8,0,0
1637865969778,39,Small,200,OK,true,51511,138,38,38,9,0,0
1637865969794,38,Small,200,OK,true,51511,138,38,38,10,0,0
1637865969155,685,Medium-Large,200,OK,true,512312,139,38,38,7,0,0
1637865969772,69,Small-Medium,200,OK,true,102713,139,38,38,10,0,0
1637865969817,40,Small,200,OK,true,51511,138,38,38,8,0,0
1637865969794,71,Small-Medium,200,OK,true,102713,139,38,38,9,0,0
1637865969659,226,Medium,200,OK,true,307513,139,38,38,9,0,0
1637865969444,442,Medium-Large,200,OK,true,512313,139,38,38,9,0,0
1637865969250,642,Large,200,OK,true,1048891,137,38,38,9,0,0
1637865968850,1059,Large,200,OK,true,1048891,137,38,38,7,0,0
1637865969860,69,Small-Medium,200,OK,true,102713,139,38,38,10,0,0
1637865969886,44,Small,200,OK,true,51475,138,38,38,7,0,0
1637865969892,38,Small,200,OK,true,51511,138,38,38,9,0,0
1637865969885,47,Small,200,OK,true,51511,138,38,38,8,0,0
1637865969900,60,Small,200,OK,true,51511,138,38,38,10,0,0
1637865969817,151,Small-Medium,200,OK,true,102713,139,38,38,7,0,0
1637865969906,68,Small-Medium,200,OK,true,102713,139,38,38,8,0,0
1637865969642,333,Medium-Large,200,OK,true,512313,139,38,38,9,0,0
1637865969415,588,Large,200,OK,true,1048891,137,38,38,9,0,0
1637865969930,74,Small-Medium,200,OK,true,102713,139,38,38,11,0,0
1637865969782,223,Medium-Large,200,OK,true,512313,139,38,38,10,0,0
1637865969910,104,Small-Medium,200,OK,true,102713,139,38,38,8,0,0
1637865969975,41,Small,200,OK,true,51511,138,38,38,9,0,0
1637865969767,269,Medium-Large,200,OK,true,512312,139,38,38,10,0,0
1637865969630,426,Medium,200,OK,true,307513,139,38,38,8,0,0
1637865970044,29,Small,200,OK,true,51511,138,38,38,9,0,0
1637865969887,215,Medium,200,OK,true,307513,139,38,38,10,0,0
1637865969345,759,Large,200,OK,true,1048891,137,38,38,8,0,0
1637865969732,380,Medium-Large,200,OK,true,512313,139,38,38,9,0,0
1637865969906,210,Medium,200,OK,true,307513,139,38,38,8,0,0
1637865969558,559,Medium-Large,200,OK,true,512313,139,38,38,11,0,0
1637865970036,82,Small-Medium,200,OK,true,102712,139,38,38,18,0,0
1637865970053,66,Small,200,OK,true,51511,138,38,38,8,0,0
1637865970062,70,Small,200,OK,true,51511,138,38,38,10,0,0
1637865969698,437,Medium,200,OK,true,307513,139,38,38,9,0,0
1637865970104,42,Small,200,OK,true,51511,138,38,38,8,0,0
1637865969645,506,Large,200,OK,true,1048891,137,38,38,10,0,0
1637865969741,427,Medium-Large,200,OK,true,512313,139,38,38,8,0,0
1637865970058,111,Small-Medium,200,OK,true,102713,139,38,38,9,0,0
1637865970117,57,Small,200,OK,true,51511,138,38,38,9,0,0
1637865970151,37,Small,200,OK,true,51511,138,38,38,20,0,0
1637865970102,93,Small-Medium,200,OK,true,102713,139,38,38,9,0,0
1637865970168,53,Small,200,OK,true,51511,138,38,38,8,0,0
1637865970005,220,Medium-Large,200,OK,true,512313,139,38,38,8,0,0
1637865969857,374,Medium-Large,200,OK,true,512312,139,38,38,9,0,0
1637865969558,699,Large,200,OK,true,1048891,137,38,38,10,0,0
1637865969840,423,Medium,200,OK,true,307477,139,38,38,8,0,0
1637865970214,61,Small,200,OK,true,51511,138,38,38,9,0,0
1637865969510,766,Large,200,OK,true,1048891,137,38,38,18,0,0
1637865970231,46,Small,200,OK,true,51510,138,38,38,10,0,0
1637865970037,251,Medium,200,OK,true,307513,139,38,38,8,0,0
1637865969837,460,Medium,200,OK,true,307514,139,38,38,16,0,9
1637865969926,393,Medium-Large,200,OK,true,512313,139,38,38,13,0,0
1637865970276,46,Small,200,OK,true,51511,138,38,38,9,0,0
1637865970003,319,Medium-Large,200,OK,true,512313,139,38,38,9,0,0
1637865970082,256,Medium,200,OK,true,307513,139,38,38,8,0,0
1637865970269,83,Small-Medium,200,OK,true,102713,139,38,38,10,0,0
1637865969160,1195,Large,200,OK,true,1048891,137,38,38,10,0,0
1637865970127,232,Medium,200,OK,true,307513,139,38,38,9,0,0
1637865969693,669,Medium-Large,200,OK,true,512313,139,38,38,8,0,0
1637865969621,748,Large,200,OK,true,1048891,137,38,38,9,0,0
1637865970298,82,Small,200,OK,true,51511,138,38,38,9,0,0
1637865969969,414,Medium-Large,200,OK,true,512313,139,38,38,14,0,0
1637865970338,45,Small,200,OK,true,51511,138,38,38,9,0,0
1637865970359,46,Small,200,OK,true,51511,138,38,38,9,0,0
1637865970225,186,Medium,200,OK,true,307513,139,38,38,9,0,0
1637865970366,63,Small,200,OK,true,51511,138,38,38,9,0,0
1637865970056,376,Medium,200,OK,true,307513,139,38,38,11,0,0
1637865969888,546,Medium-Large,200,OK,true,512313,139,38,38,9,0,0
1637865970263,177,Small-Medium,200,OK,true,102714,139,38,38,19,0,9
1637865970256,227,Medium,200,OK,true,307513,139,38,38,8,0,0
1637865970112,382,Medium-Large,200,OK,true,512313,139,38,38,7,0,0
1637865970428,79,Small-Medium,200,OK,true,102713,139,38,38,9,0,0
1637865969613,897,Large,200,OK,true,1048891,137,38,38,7,0,0
1637865970440,74,Small,200,OK,true,51511,138,38,38,7,0,0
1637865970322,196,Medium,200,OK,true,307513,139,38,38,10,0,0
1637865970288,241,Medium,200,OK,true,307513,139,38,38,8,0,0
1637865970188,348,Medium-Large,200,OK,true,512312,139,38,38,9,0,0
1637865970518,44,Small,200,OK,true,51511,138,38,38,18,0,0
1637865970319,245,Medium,200,OK,true,307513,139,38,38,9,0,0
1637865969777,789,Large,200,OK,true,1048891,137,38,38,9,0,0
1637865970510,62,Small,200,OK,true,51511,138,38,38,11,0,0
1637865970518,66,Small,200,OK,true,51511,138,38,38,9,0,0
1637865970536,72,Small-Medium,200,OK,true,102712,139,38,38,10,0,0
1637865970529,87,Small-Medium,200,OK,true,102713,139,38,38,9,0,0
1637865970449,167,Small-Medium,200,OK,true,102713,139,38,38,9,0,0
1637865970567,65,Small,200,OK,true,51511,138,38,38,9,0,0
1637865970257,402,Medium-Large,200,OK,true,512313,139,38,38,9,0,0
1637865970411,262,Medium-Large,200,OK,true,512313,139,38,38,12,0,0
1637865969945,735,Large,200,OK,true,1048891,137,38,38,10,0,0
1637865970591,106,Small-Medium,200,OK,true,102713,139,38,38,19,0,0
1637865970673,37,Small,200,OK,true,51511,138,38,38,9,0,0
1637865970680,57,Small,200,OK,true,51511,138,38,38,9,0,0
1637865969886,854,Large,200,OK,true,1048891,137,38,38,9,0,0
1637865970680,78,Small-Medium,200,OK,true,102713,139,38,38,9,0,0
1637865970510,251,Medium,200,OK,true,307513,139,38,38,12,0,0
1637865969945,821,Large,200,OK,true,1048891,137,38,38,10,0,0
1637865970687,87,Small-Medium,200,OK,true,102712,139,38,38,9,0,0
1637865970434,351,Medium,200,OK,true,307513,139,38,38,11,0,0
1637865970744,53,Small,200,OK,true,51511,138,38,38,9,0,0
1637865970421,377,Medium-Large,200,OK,true,512313,139,38,38,9,0,0
1637865970204,596,Medium-Large,200,OK,true,512313,139,38,38,10,0,0
1637865970766,46,Small,200,OK,true,51511,138,38,38,9,0,0
1637865970740,78,Small-Medium,200,OK,true,102713,139,38,38,9,0,0
1637865970013,809,Large,200,OK,true,1048891,137,38,38,9,0,0
1637865970762,82,Small-Medium,200,OK,true,102713,139,38,38,10,0,0
1637865970659,193,Medium,200,OK,true,307513,139,38,38,9,0,0
1637865970798,68,Small-Medium,200,OK,true,102713,139,38,38,9,0,0
1637865970671,206,Medium,200,OK,true,307513,139,38,38,12,0,0
1637865970302,581,Large,200,OK,true,1048891,137,38,38,9,0,0
1637865970852,43,Small,200,OK,true,51511,138,38,38,10,0,0
1637865970800,114,Small-Medium,200,OK,true,102713,139,38,38,9,0,0
1637865970494,426,Medium-Large,200,OK,true,512313,139,38,38,9,0,0
1637865970196,724,Large,200,OK,true,1048891,137,38,38,10,0,0
1637865970877,77,Small-Medium,200,OK,true,102713,139,38,38,10,0,0
1637865970564,398,Medium-Large,200,OK,true,512313,139,38,38,9,0,0
1637865970663,303,Medium,200,OK,true,307513,139,38,38,8,0,0
1637865970920,51,Small,200,OK,true,51511,138,38,38,9,0,0
1637865970918,57,Small,200,OK,true,51511,138,38,38,7,0,0
1637865970581,411,Medium-Large,200,OK,true,512313,139,38,38,9,0,0
1637865970210,788,Large,200,OK,true,1048891,137,38,38,8,0,0
1637865970952,70,Small,200,OK,true,51511,138,38,38,8,0,0
1637865970963,84,Small-Medium,200,OK,true,102713,139,38,38,10,0,0
1637865971004,45,Small,200,OK,true,51511,138,38,38,9,0,0
1637865970254,796,Large,200,OK,true,1048891,137,38,38,9,0,0
1637865970362,696,Medium-Large,200,OK,true,512313,139,38,38,9,0,0
1637865970998,81,Small-Medium,200,OK,true,102713,139,38,38,9,0,0
1637865970896,204,Medium,200,OK,true,307513,139,38,38,8,0,0
1637865970951,214,Medium,200,OK,true,307513,139,38,38,9,0,0
1637865970432,735,Medium-Large,200,OK,true,512313,139,38,38,10,0,0
1637865970369,808,Large,200,OK,true,1048891,137,38,38,9,0,0
1637865970383,819,Large,200,OK,true,1048891,137,38,38,10,0,0
1637865970383,821,Large,200,OK,true,1048890,137,38,38,8,0,0
1637865970823,394,Medium-Large,200,OK,true,512313,139,38,38,9,0,0
1637865970883,342,Medium-Large,200,OK,true,512313,139,38,38,11,0,0
1637865970833,396,Medium-Large,200,OK,true,512313,139,38,38,8,0,0
1637865970993,240,Medium,200,OK,true,307513,139,38,38,8,0,0
1637865971205,49,Small,200,OK,true,51510,138,38,38,9,0,0
1637865970490,771,Large,200,OK,true,1048891,137,38,38,9,0,0
1637865970483,803,Large,200,OK,true,1048891,137,38,38,10,0,0
1637865971202,87,Small-Medium,200,OK,true,102713,139,38,38,9,0,0
1637865971167,128,Small-Medium,200,OK,true,102713,139,38,38,9,0,0
1637865971070,243,Medium,200,OK,true,307513,139,38,38,9,0,0
1637865970914,403,Medium-Large,200,OK,true,512313,139,38,38,8,0,0
1637865971230,88,Small-Medium,200,OK,true,102713,139,38,38,9,0,0
1637865971233,87,Small-Medium,200,OK,true,102713,139,38,38,9,0,0
1637865970920,403,Medium-Large,200,OK,true,512313,139,38,38,11,0,0
1637865971261,71,Small-Medium,200,OK,true,102713,139,38,38,8,0,0
1637865971286,81,Small-Medium,200,OK,true,102713,139,38,38,9,0,0
1637865971320,67,Small,200,OK,true,51511,138,38,38,8,0,0
1637865971030,360,Medium-Large,200,OK,true,512313,139,38,38,8,0,0
1637865971157,234,Medium,200,OK,true,307513,139,38,38,9,0,0
1637865970671,737,Medium-Large,200,OK,true,512313,139,38,38,9,0,0
1637865971391,45,Small,200,OK,true,51511,138,38,38,9,0,0
1637865971386,57,Small,200,OK,true,51511,138,38,38,10,0,0
1637865971050,402,Medium-Large,200,OK,true,512313,139,38,38,9,0,0
1637865971217,240,Medium,200,OK,true,307513,139,38,38,10,0,0
1637865970825,632,Large,200,OK,true,1048891,137,38,38,9,0,0
1637865971072,385,Medium-Large,200,OK,true,512313,139,38,38,9,0,0
1637865970320,1152,Large,200,OK,true,1048891,137,38,38,11,0,0
1637865971438,57,Small,200,OK,true,51511,138,38,38,9,0,0
1637865970839,657,Large,200,OK,true,1048890,137,38,38,9,0,0
1637865971115,408,Medium-Large,200,OK,true,512313,139,38,38,9,0,0
1637865969970,1558,Large,200,OK,true,1048891,137,38,38,12,0,0
1637865971452,79,Small-Medium,200,OK,true,102713,139,38,38,10,0,0
1637865971496,36,Small,200,OK,true,51475,138,38,38,8,0,0
1637865971103,433,Medium,200,OK,true,307513,139,38,38,9,0,0
1637865971165,398,Medium-Large,200,OK,true,512313,139,38,38,10,0,0
1637865971177,400,Medium-Large,200,OK,true,512313,139,38,38,8,0,0
1637865971539,49,Small,200,OK,true,51511,138,38,38,8,0,0
1637865970038,1558,Large,200,OK,true,1048892,137,38,38,19,0,10
1637865971354,264,Medium,200,OK,true,307512,139,38,38,9,0,0
1637865971381,240,Medium,200,OK,true,307513,139,38,38,10,0,0
1637865970833,792,Large,200,OK,true,1048891,137,38,38,8,0,0
1637865971457,182,Medium,200,OK,true,307513,139,38,38,9,0,0
1637865971604,45,Small,200,OK,true,51511,138,38,38,9,0,0
1637865971536,129,Small-Medium,200,OK,true,102713,139,38,38,9,0,0
1637865971622,43,Small,200,OK,true,51511,138,38,38,9,0,0
1637865970117,1557,Large,200,OK,true,1048891,137,38,38,9,0,0
1637865971640,35,Small,200,OK,true,51511,138,38,38,7,0,0
1637865971596,82,Small,200,OK,true,51511,138,38,38,9,0,0
1637865971457,236,Medium,200,OK,true,307513,139,38,38,9,0,0
1637865970135,1567,Large,200,OK,true,1048891,137,38,38,9,0,0
1637865971618,85,Small-Medium,200,OK,true,102712,139,38,38,9,0,0
1637865971317,389,Medium-Large,200,OK,true,512313,139,38,38,9,0,0
1637865970719,988,Large,200,OK,true,1048891,137,38,38,8,0,0
1637865971390,321,Medium-Large,200,OK,true,512313,139,38,38,9,0,0
1637865971457,258,Medium,200,OK,true,307513,139,38,38,9,0,0
1637865971408,321,Medium,200,OK,true,307513,139,38,38,9,0,0
1637865971693,38,Small,200,OK,true,51511,138,38,38,9,0,0
1637865971058,684,Medium-Large,200,OK,true,512313,139,38,38,9,0,0
1637865971523,228,Medium,200,OK,true,307513,139,38,38,10,0,0
1637865971707,51,Small,200,OK,true,51511,138,38,38,8,0,0
1637865971563,198,Medium,200,OK,true,307513,139,38,38,8,0,0
1637865971729,49,Small,200,OK,true,51511,138,38,38,8,0,0
1637865971715,75,Small-Medium,200,OK,true,102713,139,38,38,9,0,0
1637865971751,41,Small,200,OK,true,51511,138,38,38,9,0,0
1637865971791,33,Small,200,OK,true,51511,138,38,38,10,0,0
1637865970892,943,Large,200,OK,true,1048891,137,38,38,9,0,0
1637865971625,217,Medium,200,OK,true,307513,139,38,38,9,0,0
1637865971225,622,Large,200,OK,true,1048891,137,38,38,8,0,0
1637865971100,759,Large,200,OK,true,1048891,137,38,38,8,0,0
1637865971702,158,Small-Medium,200,OK,true,102713,139,38,38,8,0,0
1637865970355,1516,Large,200,OK,true,1048891,137,38,38,9,0,0
1637865971847,32,Small,200,OK,true,51511,138,38,38,11,0,0
1637865971835,48,Small,200,OK,true,51511,138,38,38,10,0,0
1637865970966,938,Large,200,OK,true,1048891,137,38,38,10,0,0
1637865971150,762,Large,200,OK,true,1048891,137,38,38,10,0,0
1637865971706,221,Medium,200,OK,true,307513,139,38,38,7,0,0
1637865971871,60,Small,200,OK,true,51511,138,38,38,10,0,0
1637865971590,356,Medium-Large,200,OK,true,512313,139,38,38,9,0,0
1637865971868,97,Small-Medium,200,OK,true,102713,139,38,38,7,0,0
1637865971528,437,Medium,200,OK,true,307513,139,38,38,8,0,0
1637865971324,658,Large,200,OK,true,1048891,137,38,38,7,0,0
1637865971946,45,Small,200,OK,true,51511,138,38,38,9,0,0
1637865971774,218,Medium,200,OK,true,307513,139,38,38,9,0,0
1637865971944,53,Small-Medium,200,OK,true,102713,139,38,38,8,0,0
1637865971904,96,Small-Medium,200,OK,true,102713,139,38,38,8,0,0
1637865971690,365,Medium-Large,200,OK,true,512313,139,38,38,9,0,0
1637865971859,210,Medium,200,OK,true,307513,139,38,38,8,0,0
1637865971993,76,Small-Medium,200,OK,true,102713,139,38,38,9,0,0
1637865971313,767,Large,200,OK,true,1048891,137,38,38,10,0,0
1637865970616,1473,Large,200,OK,true,1048891,137,38,38,9,0,0
1637865971965,160,Small-Medium,200,OK,true,102713,139,38,38,8,0,0
1637865970785,1349,Large,200,OK,true,1048891,137,38,38,9,0,0
1637865972096,42,Small,200,OK,true,51511,138,38,38,9,0,0
1637865971413,729,Large,200,OK,true,1048891,137,38,38,7,0,0
1637865972098,50,Small,200,OK,true,51511,138,38,38,9,0,0
1637865971903,246,Medium,200,OK,true,307513,139,38,38,9,0,0
1637865972069,84,Small-Medium,200,OK,true,102713,139,38,38,10,0,0
1637865971928,234,Medium,200,OK,true,307513,139,38,38,9,0,0
1637865971999,168,Medium,200,OK,true,307513,139,38,38,9,0,0
1637865971356,818,Large,200,OK,true,1048890,137,38,38,8,0,0
1637865971770,454,Medium-Large,200,OK,true,512312,139,38,38,8,0,0
1637865971688,551,Medium-Large,200,OK,true,512313,139,38,38,8,0,0
1637865971842,403,Medium-Large,200,OK,true,512313,139,38,38,9,0,0
1637865971988,265,Medium,200,OK,true,307512,139,38,38,7,0,0
1637865972125,155,Small-Medium,200,OK,true,102713,139,38,38,9,0,0
1637865971542,749,Large,200,OK,true,1048891,137,38,38,9,0,0
1637865972245,48,Small,200,OK,true,51511,138,38,38,8,0,0
1637865972056,251,Medium,200,OK,true,307513,139,38,38,10,0,0
1637865972056,256,Medium,200,OK,true,307513,139,38,38,11,0,0
1637865971711,625,Large,200,OK,true,1048891,137,38,38,9,0,0
1637865971577,767,Large,200,OK,true,1048891,137,38,38,9,0,0
1637865972291,92,Small-Medium,200,OK,true,102713,139,38,38,10,0,0
1637865972089,301,Medium,200,OK,true,307513,139,38,38,10,0,0
1637865972162,240,Medium,200,OK,true,307513,139,38,38,9,0,0
1637865971742,668,Medium-Large,200,OK,true,512313,139,38,38,8,0,0
1637865971881,556,Medium-Large,200,OK,true,512313,139,38,38,10,0,0
1637865972402,58,Small,200,OK,true,51511,138,38,38,12,0,0
1637865972247,218,Medium,200,OK,true,307513,139,38,38,9,0,0
1637865971748,729,Medium-Large,200,OK,true,512313,139,38,38,8,0,0
1637865972080,413,Medium-Large,200,OK,true,512313,139,38,38,15,0,0
1637865972390,110,Small-Medium,200,OK,true,102713,139,38,38,8,0,0
1637865972443,60,Small,200,OK,true,51511,138,38,38,9,0,0
1637865971761,765,Large,200,OK,true,1048891,137,38,38,10,0,0
1637865972142,390,Medium-Large,200,OK,true,512313,139,38,38,9,0,0
1637865971756,778,Large,200,OK,true,1048891,137,38,38,10,0,0
1637865972145,414,Medium-Large,200,OK,true,512313,139,38,38,8,0,0
1637865972410,152,Small-Medium,200,OK,true,102713,139,38,38,9,0,0
1637865972307,262,Medium,200,OK,true,307513,139,38,38,11,0,0
1637865972336,239,Medium,200,OK,true,307513,139,38,38,9,0,0
1637865971472,1115,Large,200,OK,true,1048891,137,38,38,8,0,0
1637865972344,247,Medium,200,OK,true,307513,139,38,38,8,0,0
1637865971860,737,Medium-Large,200,OK,true,512313,139,38,38,10,0,0
1637865972535,106,Small-Medium,200,OK,true,102713,139,38,38,9,0,0
1637865971844,816,Large,200,OK,true,1048891,137,38,38,9,0,0
1637865972595,69,Small,200,OK,true,51511,138,38,38,8,0,0
1637865972239,430,Medium,200,OK,true,307513,139,38,38,8,0,0
1637865972597,89,Small,200,OK,true,51511,138,38,38,9,0,0
1637865972224,472,Medium-Large,200,OK,true,512312,139,38,38,9,0,0
1637865972134,572,Medium-Large,200,OK,true,512313,139,38,38,9,0,0
1637865972250,457,Medium-Large,200,OK,true,512313,139,38,38,9,0,0
1637865972023,719,Medium-Large,200,OK,true,512313,139,38,38,8,0,0
1637865971912,859,Large,200,OK,true,1048891,137,38,38,9,0,0
1637865972253,524,Medium-Large,200,OK,true,512312,139,38,38,9,0,0
1637865972493,290,Medium,200,OK,true,307513,139,38,38,10,0,0
1637865972688,95,Small-Medium,200,OK,true,102713,139,38,38,9,0,0
1637865971982,807,Large,200,OK,true,1048891,137,38,38,10,0,0
1637865972707,91,Small-Medium,200,OK,true,102713,139,38,38,8,0,0
1637865972750,70,Small,200,OK,true,51511,138,38,38,9,0,0
1637865972312,521,Medium-Large,200,OK,true,512313,139,38,38,8,0,0
1637865972575,260,Medium,200,OK,true,307513,139,38,38,9,0,0
1637865972742,105,Small-Medium,200,OK,true,102713,139,38,38,8,0,0
1637865972591,278,Medium,200,OK,true,307513,139,38,38,9,0,0
1637865971859,1014,Large,200,OK,true,1048891,137,38,38,11,0,0
1637865972397,476,Medium-Large,200,OK,true,512313,139,38,38,8,0,0
1637865972789,90,Small-Medium,200,OK,true,102713,139,38,38,8,0,0
1637865971674,1210,Large,200,OK,true,1048891,137,38,38,9,0,0
1637865971648,1260,Large,200,OK,true,1048892,137,38,38,16,0,8
1637865972020,891,Large,200,OK,true,1048891,137,38,38,8,0,0
1637865972873,49,Small,200,OK,true,51511,138,38,38,8,0,0
1637865972873,49,Small,200,OK,true,51511,138,38,38,8,0,0
1637865972563,379,Medium,200,OK,true,307513,139,38,38,8,0,0
1637865971472,1470,Large,200,OK,true,1048891,137,38,38,9,0,0
1637865972859,92,Small-Medium,200,OK,true,102713,139,38,38,7,0,0
1637865972167,786,Large,200,OK,true,1048891,137,38,38,10,0,0
1637865972532,423,Medium-Large,200,OK,true,512313,139,38,38,8,0,0
1637865972696,274,Medium,200,OK,true,307512,139,38,38,9,0,0
1637865972437,542,Medium-Large,200,OK,true,512313,139,38,38,8,0,0
1637865972559,427,Medium-Large,200,OK,true,512313,139,38,38,7,0,0
1637865972706,297,Medium,200,OK,true,307513,139,38,38,8,0,0
1637865972746,258,Medium,200,OK,true,307513,139,38,38,7,0,0
1637865972569,442,Medium-Large,200,OK,true,512313,139,38,38,10,0,0
1637865972149,863,Large,200,OK,true,1048891,137,38,38,11,0,0
1637865972174,859,Large,200,OK,true,1048855,137,38,38,9,0,0
1637865972772,262,Medium,200,OK,true,307513,139,38,38,8,0,0
1637865972955,95,Small-Medium,200,OK,true,102713,139,38,38,8,0,0
1637865973004,56,Small,200,OK,true,51511,138,38,38,8,0,0
1637865972543,524,Medium-Large,200,OK,true,512313,139,38,38,9,0,0
1637865973025,59,Small,200,OK,true,51511,138,38,38,9,0,0
1637865972661,423,Medium-Large,200,OK,true,512313,139,38,38,8,0,0
1637865972835,256,Medium,200,OK,true,307513,139,38,38,8,0,0
1637865972587,508,Medium-Large,200,OK,true,512313,139,38,38,8,0,0
1637865973011,92,Small-Medium,200,OK,true,102713,139,38,38,8,0,0
1637865973013,92,Small-Medium,200,OK,true,102713,139,38,38,7,0,0
1637865972221,890,Large,200,OK,true,1048891,137,38,38,9,0,0
1637865973096,43,Small,200,OK,true,51511,138,38,38,6,0,0
1637865973091,74,Small-Medium,200,OK,true,102713,139,38,38,8,0,0
1637865972953,235,Medium,200,OK,true,307513,139,38,38,8,0,0
1637865973156,45,Small,200,OK,true,51511,138,38,38,7,0,0
1637865972783,426,Medium-Large,200,OK,true,512313,139,38,38,6,0,0
1637865972465,767,Large,200,OK,true,1048891,137,38,38,7,0,0
1637865972777,469,Medium-Large,200,OK,true,512312,139,38,38,7,0,0
1637865972987,265,Medium,200,OK,true,307513,139,38,38,6,0,0
1637865973012,257,Medium,200,OK,true,307513,139,38,38,8,0,0
1637865973209,63,Small,200,OK,true,51511,138,38,38,7,0,0
1637865972884,390,Medium,200,OK,true,307513,139,38,38,7,0,0
1637865972833,462,Medium-Large,200,OK,true,512313,139,38,38,8,0,0
1637865972869,444,Medium-Large,200,OK,true,512313,139,38,38,7,0,0
1637865973085,259,Medium,200,OK,true,307513,139,38,38,8,0,0
1637865973247,101,Small-Medium,200,OK,true,102713,139,38,38,8,0,0
1637865973270,96,Small-Medium,200,OK,true,102713,139,38,38,7,0,0
1637865973033,340,Medium,200,OK,true,307514,139,38,38,16,0,8
1637865972526,869,Large,200,OK,true,1048891,137,38,38,9,0,0
1637865972895,504,Medium-Large,200,OK,true,512313,139,38,38,7,0,0
1637865973164,270,Medium,200,OK,true,307513,139,38,38,8,0,0
1637865973344,93,Small-Medium,200,OK,true,102713,139,38,38,8,0,0
1637865972979,485,Medium-Large,200,OK,true,512313,139,38,38,7,0,0
1637865972554,912,Large,200,OK,true,1048891,137,38,38,9,0,0
1637865973373,100,Small-Medium,200,OK,true,102713,139,38,38,7,0,0
1637865973024,456,Medium-Large,200,OK,true,512313,139,38,38,9,0,0
1637865973034,452,Medium-Large,200,OK,true,512313,139,38,38,8,0,0
1637865973467,60,Small,200,OK,true,51511,138,38,38,8,0,0
1637865972942,585,Medium-Large,200,OK,true,512313,139,38,38,8,0,0
1637865973243,285,Medium,200,OK,true,307512,139,38,38,8,0,0
1637865973434,104,Small-Medium,200,OK,true,102713,139,38,38,9,0,0
1637865973253,287,Medium,200,OK,true,307513,139,38,38,7,0,0
1637865973067,493,Medium-Large,200,OK,true,512313,139,38,38,9,0,0
1637865973480,95,Small-Medium,200,OK,true,102713,139,38,38,7,0,0
1637865973111,468,Medium-Large,200,OK,true,512313,139,38,38,9,0,0
1637865973527,69,Small,200,OK,true,51511,138,38,38,9,0,0
1637865973496,101,Small-Medium,200,OK,true,102713,139,38,38,9,0,0
1637865973188,425,Medium-Large,200,OK,true,512313,139,38,38,7,0,0
1637865973361,262,Medium,200,OK,true,307513,139,38,38,7,0,0
1637865973163,462,Medium-Large,200,OK,true,512313,139,38,38,7,0,0
1637865973178,465,Medium-Large,200,OK,true,512313,139,38,38,8,0,0
1637865972280,1366,Large,200,OK,true,1048891,137,38,38,8,0,0
1637865973232,419,Medium-Large,200,OK,true,512313,139,38,38,7,0,0
1637865973625,47,Small,200,OK,true,51511,138,38,38,7,0,0
1637865973422,266,Medium,200,OK,true,307513,139,38,38,7,0,0
1637865973643,48,Small,200,OK,true,51511,138,38,38,9,0,0
1637865972669,1026,Large,200,OK,true,1048891,137,38,38,9,0,0
1637865973618,92,Small-Medium,200,OK,true,102713,139,38,38,8,0,0
1637865972839,884,Large,200,OK,true,1048891,137,38,38,8,0,0
1637865973399,327,Medium,200,OK,true,307513,139,38,38,8,0,0
1637865973648,87,Small-Medium,200,OK,true,102713,139,38,38,8,0,0
1637865973487,254,Medium,200,OK,true,307513,139,38,38,7,0,0
1637865973313,428,Medium-Large,200,OK,true,512313,139,38,38,8,0,0
1637865973295,447,Medium-Large,200,OK,true,512313,139,38,38,8,0,0
1637865973540,241,Medium,200,OK,true,307513,139,38,38,8,0,0
1637865972911,871,Large,200,OK,true,1048891,137,38,38,9,0,0
1637865973274,510,Medium-Large,200,OK,true,512313,139,38,38,7,0,0
1637865973680,106,Small-Medium,200,OK,true,102713,139,38,38,7,0,0
1637865973741,48,Small,200,OK,true,51511,138,38,38,8,0,0
1637865973395,413,Medium-Large,200,OK,true,512313,139,38,38,7,0,0
1637865972941,873,Large,200,OK,true,1048891,137,38,38,9,0,0
1637865973579,236,Medium,200,OK,true,307513,139,38,38,11,0,0
1637865973769,49,Small,200,OK,true,51511,138,38,38,7,0,0
1637865973726,92,Small-Medium,200,OK,true,102713,139,38,38,7,0,0
1637865973742,82,Small-Medium,200,OK,true,102713,139,38,38,8,0,0
1637865973586,242,Medium,200,OK,true,307513,139,38,38,7,0,0
1637865973560,273,Medium,200,OK,true,307513,139,38,38,6,0,0
1637865973800,42,Small,200,OK,true,51511,138,38,38,7,0,0
1637865973613,234,Medium,200,OK,true,307513,139,38,38,7,0,0
1637865972477,1374,Large,200,OK,true,1048891,137,38,38,10,0,0
1637865973399,460,Medium-Large,200,OK,true,512313,139,38,38,10,0,0
1637865973796,74,Small-Medium,200,OK,true,102713,139,38,38,7,0,0
1637865973528,361,Medium-Large,200,OK,true,512312,139,38,38,9,0,0
1637865973815,81,Small-Medium,200,OK,true,102713,139,38,38,8,0,0
1637865972970,929,Large,200,OK,true,1048890,137,38,38,10,0,0
1637865973464,450,Medium-Large,200,OK,true,512313,139,38,38,8,0,0
1637865973851,65,Small,200,OK,true,51511,138,38,38,8,0,0
1637865973688,239,Medium,200,OK,true,307513,139,38,38,8,0,0
1637865973892,44,Small,200,OK,true,51511,138,38,38,8,0,0
1637865973723,219,Medium,200,OK,true,307513,139,38,38,7,0,0
1637865973108,837,Large,200,OK,true,1048891,137,38,38,7,0,0
1637865973927,42,Small,200,OK,true,51511,138,38,38,7,0,0
1637865972942,1031,Large,200,OK,true,1048891,137,38,38,8,0,0
1637865973004,974,Large,200,OK,true,1048891,137,38,38,8,0,0
1637865973945,42,Small,200,OK,true,51511,138,38,38,7,0,0
1637865973527,464,Medium-Large,200,OK,true,512313,139,38,38,9,0,0
1637865973646,346,Medium,200,OK,true,307513,139,38,38,7,0,0
1637865973952,49,Small,200,OK,true,51511,138,38,38,7,0,0
1637865973781,223,Medium,200,OK,true,307513,139,38,38,5,0,0
1637865973632,383,Medium-Large,200,OK,true,512313,139,38,38,7,0,0
1637865973942,77,Small-Medium,200,OK,true,102713,139,38,38,9,0,0
1637865973814,212,Medium,200,OK,true,307513,139,38,38,7,0,0
1637865973651,379,Medium-Large,200,OK,true,512313,139,38,38,6,0,0
1637865973979,51,Small,200,OK,true,51511,138,38,38,7,0,0
1637865972909,1125,Large,200,OK,true,1048891,137,38,38,7,0,0
1637865974004,37,Small,200,OK,true,51511,138,38,38,6,0,0
1637865973828,221,Medium,200,OK,true,307513,139,38,38,7,0,0
1637865973784,288,Medium,200,OK,true,307513,139,38,38,8,0,0
1637865974016,75,Small-Medium,200,OK,true,102713,139,38,38,7,0,0
1637865974049,44,Small,200,OK,true,51511,138,38,38,7,0,0
1637865974030,81,Small-Medium,200,OK,true,102713,139,38,38,7,0,0
1637865973890,222,Medium,200,OK,true,307512,139,38,38,8,0,0
1637865973308,806,Large,200,OK,true,1048891,137,38,38,7,0,0
1637865974045,76,Small-Medium,200,OK,true,102713,139,38,38,7,0,0
1637865973246,885,Large,200,OK,true,1048890,137,38,38,8,0,0
1637865974079,52,Small,200,OK,true,51511,138,38,38,9,0,0
1637865974034,108,Small-Medium,200,OK,true,102713,139,38,38,7,0,0
1637865974110,34,Small,200,OK,true,51511,138,38,38,9,0,0
1637865973782,376,Medium-Large,200,OK,true,512313,139,38,38,9,0,0
1637865972901,1259,Large,200,OK,true,1048891,137,38,38,9,0,0
1637865973778,385,Medium-Large,200,OK,true,512313,139,38,38,8,0,0
1637865974110,59,Small-Medium,200,OK,true,102713,139,38,38,10,0,0
1637865973808,363,Medium-Large,200,OK,true,512313,139,38,38,7,0,0
1637865974112,59,Small-Medium,200,OK,true,102712,139,38,38,6,0,0
1637865974114,63,Small-Medium,200,OK,true,102713,139,38,38,6,0,0
1637865973848,329,Medium-Large,200,OK,true,512313,139,38,38,7,0,0
1637865974131,50,Small,200,OK,true,51511,138,38,38,10,0,0
1637865974159,36,Small,200,OK,true,51511,138,38,38,7,0,0
1637865973915,293,Medium,200,OK,true,307513,139,38,38,6,0,0
1637865974155,63,Small-Medium,200,OK,true,102713,139,38,38,7,0,0
1637865974160,61,Small,200,OK,true,51511,138,38,38,9,0,0
1637865974177,60,Small-Medium,200,OK,true,102713,139,38,38,9,0,0
1637865973859,383,Medium-Large,200,OK,true,512313,139,38,38,8,0,0
1637865973992,257,Medium,200,OK,true,307513,139,38,38,7,0,0
1637865973833,417,Medium-Large,200,OK,true,512313,139,38,38,8,0,0
1637865974231,33,Small,200,OK,true,51511,138,38,38,7,0,0
1637865973922,359,Medium-Large,200,OK,true,512313,139,38,38,8,0,0
1637865973968,331,Medium-Large,200,OK,true,512313,139,38,38,7,0,0
1637865974250,51,Small,200,OK,true,51511,138,38,38,7,0,0
1637865974250,70,Small-Medium,200,OK,true,102713,139,38,38,9,0,0
1637865974026,301,Medium-Large,200,OK,true,512313,139,38,38,8,0,0
1637865974131,208,Medium,200,OK,true,307512,139,38,38,8,0,0
1637865974072,285,Medium,200,OK,true,307513,139,38,38,6,0,0
1637865973624,759,Large,200,OK,true,1048891,137,38,38,6,0,0
1637865974339,45,Small,200,OK,true,51510,138,38,38,8,0,0
1637865974003,382,Medium,200,OK,true,307513,139,38,38,6,0,0
1637865974095,347,Medium-Large,200,OK,true,512313,139,38,38,15,0,0
1637865974402,50,Small,200,OK,true,51511,138,38,38,6,0,0
1637865974357,98,Small-Medium,200,OK,true,102713,139,38,38,7,0,0
1637865973973,509,Medium-Large,200,OK,true,512313,139,38,38,7,0,0
1637865974242,246,Medium,200,OK,true,307513,139,38,38,6,0,0
1637865974186,304,Medium,200,OK,true,307513,139,38,38,8,0,0
1637865974400,97,Small-Medium,200,OK,true,102713,139,38,38,7,0,0
1637865974265,233,Medium,200,OK,true,307512,139,38,38,9,0,0
1637865973741,766,Large,200,OK,true,1048891,137,38,38,8,0,0
1637865974299,247,Medium,200,OK,true,307513,139,38,38,8,0,0
1637865974164,393,Medium-Large,200,OK,true,512313,139,39,39,7,0,0
1637865974308,250,Medium,200,OK,true,307513,139,39,39,8,0,0
1637865974168,390,Medium-Large,200,OK,true,512313,139,39,39,7,0,0
1637865974283,283,Medium,200,OK,true,307513,139,39,39,7,0,0
1637865974310,262,Medium,200,OK,true,307513,139,39,39,7,0,0
1637865974329,246,Medium,200,OK,true,307513,139,39,39,8,0,0
1637865974482,98,Small-Medium,200,OK,true,102713,139,39,39,7,0,0
1637865974201,386,Medium-Large,200,OK,true,512313,139,39,39,7,0,0
1637865974490,97,Small-Medium,200,OK,true,102713,139,39,39,9,0,0
1637865973695,895,Large,200,OK,true,1048891,137,39,39,8,0,0
1637865974196,400,Medium-Large,200,OK,true,512313,139,39,39,7,0,0
1637865974566,56,Small,200,OK,true,51511,138,39,39,7,0,0
1637865974587,55,Small,200,OK,true,51511,138,39,39,9,0,0
1637865974553,100,Small-Medium,200,OK,true,102713,139,39,39,9,0,0
1637865974208,445,Medium-Large,200,OK,true,512313,139,39,39,7,0,0
1637865974553,114,Small-Medium,200,OK,true,102713,139,39,39,7,0,0
1637865974572,99,Small-Medium,200,OK,true,102713,139,39,39,8,0,0
1637865974558,114,Small-Medium,200,OK,true,102713,139,39,39,10,0,0
1637865974559,125,Small-Medium,200,OK,true,102714,139,39,39,15,0,9
1637865973894,799,Large,200,OK,true,1048891,137,39,39,8,0,0
1637865973899,801,Large,200,OK,true,1048890,137,39,39,8,0,0
1637865974442,268,Medium,200,OK,true,307513,139,39,39,7,0,0
1637865974281,434,Medium-Large,200,OK,true,512313,139,39,39,8,0,0
1637865974647,70,Small,200,OK,true,51511,138,39,39,12,0,0
1637865973947,786,Large,200,OK,true,1048891,137,39,39,6,0,0
1637865974638,122,Small-Medium,200,OK,true,102713,139,39,39,9,0,0
1637865974653,111,Small-Medium,200,OK,true,102713,139,39,39,6,0,0
1637865974488,291,Medium,200,OK,true,307513,139,39,39,9,0,0
1637865974491,299,Medium,200,OK,true,307512,139,39,39,8,0,0
1637865974743,52,Small,200,OK,true,51511,138,39,39,9,0,0
1637865974715,103,Small-Medium,200,OK,true,102713,139,39,39,8,0,0
1637865974713,107,Small-Medium,200,OK,true,102713,139,39,39,7,0,0
1637865974723,102,Small-Medium,200,OK,true,102713,139,39,39,7,0,0
1637865974729,104,Small-Medium,200,OK,true,102713,139,39,39,7,0,0
1637865974383,458,Medium-Large,200,OK,true,512313,139,39,39,8,0,0
1637865974383,464,Medium-Large,200,OK,true,512313,139,39,39,8,0,0
1637865974810,55,Small,200,OK,true,51511,138,39,39,7,0,0
1637865973878,999,Large,200,OK,true,1048891,137,39,39,6,0,0
1637865974790,92,Small-Medium,200,OK,true,102712,139,39,39,7,0,0
1637865974794,97,Small-Medium,200,OK,true,102713,139,39,39,7,0,0
1637865973831,1083,Large,200,OK,true,1048891,137,39,39,8,0,0
1637865974498,430,Medium-Large,200,OK,true,512312,139,39,39,7,0,0
1637865974313,631,Medium-Large,200,OK,true,512313,139,39,39,8,0,0
1637865974914,59,Small,200,OK,true,51511,138,39,39,8,0,0
1637865974877,107,Small-Medium,200,OK,true,102713,139,39,39,9,0,0
1637865974181,805,Large,200,OK,true,1048891,137,39,39,8,0,0
1637865974879,116,Small-Medium,200,OK,true,102713,139,39,39,7,0,0
1637865974171,830,Large,200,OK,true,1048891,137,39,39,7,0,0
1637865974557,456,Medium-Large,200,OK,true,512313,139,39,39,7,0,0
1637865974734,287,Medium,200,OK,true,307513,139,39,39,7,0,0
1637865974965,59,Small,200,OK,true,51511,138,39,39,8,0,0
1637865974385,655,Medium-Large,200,OK,true,512313,139,39,39,7,0,0
1637865974596,464,Medium-Large,200,OK,true,512313,139,39,39,8,0,0
1637865975013,52,Small,200,OK,true,51511,138,39,39,8,0,0
1637865975022,51,Small,200,OK,true,51511,138,39,39,7,0,0
1637865975001,98,Small-Medium,200,OK,true,102713,139,39,39,7,0,0
1637865974841,284,Medium,200,OK,true,307513,139,39,39,7,0,0
1637865975035,99,Small-Medium,200,OK,true,102713,139,39,39,7,0,0
1637865974266,869,Large,200,OK,true,1048891,137,39,39,8,0,0
1637865974847,291,Medium,200,OK,true,307513,139,39,39,9,0,0
1637865974256,909,Large,200,OK,true,1048891,137,39,39,6,0,0
1637865974871,297,Medium,200,OK,true,307513,139,39,39,7,0,0
1637865974700,471,Medium-Large,200,OK,true,512312,139,39,39,9,0,0
1637865974715,460,Medium-Large,200,OK,true,512313,139,39,39,8,0,0
1637865975138,53,Small,200,OK,true,51511,138,39,39,7,0,0
1637865974869,323,Medium,200,OK,true,307513,139,39,39,7,0,0
1637865973992,1225,Large,200,OK,true,1048891,137,39,39,7,0,0
1637865975122,95,Small-Medium,200,OK,true,102713,139,39,39,7,0,0
1637865975126,92,Small-Medium,200,OK,true,102713,139,39,39,6,0,0
1637865974327,898,Large,200,OK,true,1048891,137,39,39,9,0,0
1637865974986,257,Medium,200,OK,true,307513,139,39,39,10,0,0
1637865975169,95,Small-Medium,200,OK,true,102713,139,39,39,6,0,0
1637865975171,101,Small-Medium,200,OK,true,102712,139,39,39,7,0,0
1637865975177,96,Small-Medium,200,OK,true,102713,139,39,39,7,0,0
1637865974249,1027,Large,200,OK,true,1048891,137,39,39,8,0,0
1637865975244,82,Small-Medium,200,OK,true,102713,139,39,39,7,0,0
1637865974803,527,Medium-Large,200,OK,true,512313,139,39,39,8,0,0
1637865975060,270,Medium,200,OK,true,307513,139,39,39,6,0,0
1637865975278,59,Small,200,OK,true,51511,138,39,39,7,0,0
1637865975331,51,Small,200,OK,true,51511,138,39,39,9,0,0
1637865975294,93,Small-Medium,200,OK,true,102713,139,39,39,8,0,0
1637865975135,273,Medium,200,OK,true,307513,139,39,39,7,0,0
1637865974946,474,Medium-Large,200,OK,true,512312,139,39,39,6,0,0
1637865975157,267,Medium,200,OK,true,307513,139,39,39,8,0,0
1637865974507,924,Large,200,OK,true,1048891,137,39,39,6,0,0
1637865975328,106,Small-Medium,200,OK,true,102677,139,39,39,7,0,0
1637865975334,105,Small-Medium,200,OK,true,102713,139,39,39,11,0,0
1637865974547,904,Large,200,OK,true,1048891,137,39,39,7,0,0
1637865974576,893,Large,200,OK,true,1048891,137,39,39,8,0,0
1637865974558,915,Large,200,OK,true,1048891,137,39,39,8,0,0
1637865975193,309,Medium,200,OK,true,307513,139,39,39,7,0,0
1637865975470,51,Small,200,OK,true,51511,138,39,39,6,0,0
1637865975033,490,Medium-Large,200,OK,true,512313,139,39,39,7,0,0
1637865975431,97,Small-Medium,200,OK,true,102713,139,39,39,7,0,0
1637865975434,102,Small-Medium,200,OK,true,102713,139,39,39,8,0,0
1637865975503,58,Small,200,OK,true,51511,138,39,39,7,0,0
1637865975217,345,Medium,200,OK,true,307513,139,39,39,8,0,0
1637865974510,1060,Large,200,OK,true,1048891,137,39,39,7,0,0
1637865975523,55,Small,200,OK,true,51511,138,39,39,7,0,0
1637865975282,303,Medium,200,OK,true,307513,139,39,39,7,0,0
1637865974590,1026,Large,200,OK,true,1048891,137,39,39,8,0,0
1637865974710,911,Large,200,OK,true,1048891,137,39,39,8,0,0
1637865975175,454,Medium-Large,200,OK,true,512313,139,39,39,7,0,0
1637865975330,322,Medium,200,OK,true,307513,139,39,39,10,0,0
1637865974710,943,Large,200,OK,true,1048891,137,39,39,9,0,0
1637865974693,965,Large,200,OK,true,1048891,137,39,39,7,0,0
1637865975621,53,Small,200,OK,true,51511,138,39,39,8,0,0
1637865975225,457,Medium-Large,200,OK,true,512313,139,39,39,8,0,0
1637865975408,275,Medium,200,OK,true,307513,139,39,39,6,0,0
1637865975563,123,Small-Medium,200,OK,true,102713,139,39,39,6,0,0
1637865975587,99,Small-Medium,200,OK,true,102713,139,39,39,7,0,0
1637865975590,108,Small-Medium,200,OK,true,102713,139,39,39,8,0,0
1637865975659,53,Small,200,OK,true,51511,138,39,39,7,0,0
1637865975616,101,Small-Medium,200,OK,true,102713,139,39,39,8,0,0
1637865975420,298,Medium,200,OK,true,307477,139,39,39,7,0,0
1637865974710,1017,Large,200,OK,true,1048891,137,39,39,7,0,0
1637865975653,94,Small-Medium,200,OK,true,102713,139,39,39,7,0,0
1637865975652,98,Small-Medium,200,OK,true,102713,139,39,39,8,0,0
1637865974779,987,Large,200,OK,true,1048891,137,39,39,7,0,0
1637865975718,49,Small,200,OK,true,51511,138,39,39,5,0,0
1637865975277,492,Medium-Large,200,OK,true,512313,139,39,39,8,0,0
1637865975325,462,Medium-Large,200,OK,true,512313,139,39,39,7,0,0
1637865975719,99,Small-Medium,200,OK,true,102714,139,39,39,10,0,4
1637865975769,50,Small,200,OK,true,51511,138,39,39,5,0,0
1637865974885,941,Large,200,OK,true,1048891,137,39,39,8,0,0
1637865975777,51,Small,200,OK,true,51511,138,39,39,5,0,0
1637865974899,929,Large,200,OK,true,1048891,137,39,39,11,0,0
1637865974928,932,Large,200,OK,true,1048890,137,39,39,7,0,0
1637865975772,94,Small-Medium,200,OK,true,102713,139,39,39,5,0,0
1637865975585,288,Medium,200,OK,true,307513,139,39,39,7,0,0
1637865975425,455,Medium-Large,200,OK,true,512312,139,39,39,6,0,0
1637865975625,279,Medium,200,OK,true,307513,139,39,39,9,0,0
1637865975815,96,Small-Medium,200,OK,true,102713,139,39,39,5,0,0
1637865975629,282,Medium,200,OK,true,307513,139,39,39,8,0,0
1637865975451,460,Medium-Large,200,OK,true,512313,139,39,39,8,0,0
1637865975451,464,Medium-Large,200,OK,true,512313,139,39,39,8,0,0
1637865975880,51,Small,200,OK,true,51510,138,39,39,5,0,0
1637865975473,464,Medium-Large,200,OK,true,512313,139,39,39,7,0,0
1637865975490,459,Medium-Large,200,OK,true,512313,139,39,39,7,0,0
1637865975484,466,Medium-Large,200,OK,true,512314,139,39,39,14,0,6
1637865975904,48,Small,200,OK,true,51511,138,39,39,5,0,0
1637865975861,97,Small-Medium,200,OK,true,102712,139,39,39,5,0,0
1637865975911,53,Small,200,OK,true,51511,138,39,39,6,0,0
1637865975682,285,Medium,200,OK,true,307513,139,39,39,8,0,0
1637865974950,1018,Large,200,OK,true,1048891,137,39,39,7,0,0
1637865975926,51,Small,200,OK,true,51511,138,39,39,5,0,0
1637865975950,50,Small,200,OK,true,51511,138,39,39,5,0,0
1637865975971,54,Small,200,OK,true,51511,138,39,39,5,0,0
1637865975937,94,Small-Medium,200,OK,true,102713,139,39,39,5,0,0
1637865974944,1106,Large,200,OK,true,1048891,137,39,39,8,0,0
1637865975766,285,Medium,200,OK,true,307513,139,39,39,6,0,0
1637865975570,488,Medium-Large,200,OK,true,512313,139,39,39,7,0,0
1637865975969,97,Small-Medium,200,OK,true,102713,139,39,39,5,0,0
1637865975165,931,Large,200,OK,true,1048891,137,39,39,8,0,0
1637865975658,473,Medium-Large,200,OK,true,512313,139,39,39,7,0,0
1637865976081,52,Small,200,OK,true,51511,138,39,39,6,0,0
1637865975168,971,Large,200,OK,true,1048891,137,39,39,6,0,0
1637865975040,1107,Large,200,OK,true,1048891,137,39,39,7,0,0
1637865976058,98,Small-Medium,200,OK,true,102713,139,39,39,6,0,0
1637865975873,286,Medium,200,OK,true,307513,139,39,39,5,0,0
1637865976106,54,Small,200,OK,true,51511,138,39,39,5,0,0
1637865975070,1097,Large,200,OK,true,1048891,137,39,39,6,0,0
1637865975191,984,Large,200,OK,true,1048891,137,39,39,7,0,0
1637865975874,301,Medium,200,OK,true,307513,139,39,39,11,0,0
1637865975911,290,Medium,200,OK,true,307513,139,39,39,5,0,0
1637865975915,293,Medium,200,OK,true,307513,139,39,39,5,0,0
1637865975933,276,Medium,200,OK,true,307513,139,39,39,5,0,0
1637865975747,471,Medium-Large,200,OK,true,512313,139,39,39,4,0,0
1637865975743,476,Medium-Large,200,OK,true,512313,139,39,39,4,0,0
1637865975928,292,Medium,200,OK,true,307513,139,39,39,5,0,0
1637865976175,50,Small,200,OK,true,51511,138,39,39,6,0,0
1637865976131,97,Small-Medium,200,OK,true,102713,139,39,39,6,0,0
1637865975967,281,Medium,200,OK,true,307512,139,39,39,5,0,0
1637865976159,96,Small-Medium,200,OK,true,102713,139,39,39,5,0,0
1637865976218,52,Small,200,OK,true,51511,138,39,39,6,0,0
1637865975808,476,Medium-Large,200,OK,true,512313,139,39,39,5,0,0
1637865975826,466,Medium-Large,200,OK,true,512313,139,39,39,5,0,0
1637865976016,279,Medium,200,OK,true,307512,139,39,39,5,0,0
1637865975828,471,Medium-Large,200,OK,true,512313,139,39,39,6,0,0
1637865976209,97,Small-Medium,200,OK,true,102713,139,39,39,6,0,0
1637865976284,50,Small,200,OK,true,51511,138,39,39,6,0,0
1637865976238,97,Small-Medium,200,OK,true,102713,139,39,39,5,0,0
1637865975399,945,Large,200,OK,true,1048891,137,39,39,7,0,0
1637865976315,47,Small,200,OK,true,51511,138,39,39,5,0,0
1637865976296,91,Small-Medium,200,OK,true,102677,139,39,39,5,0,0
1637865976299,93,Small-Medium,200,OK,true,102713,139,39,39,6,0,0
1637865976127,292,Medium,200,OK,true,307513,139,39,39,6,0,0
1637865976365,59,Small,200,OK,true,51511,138,39,39,5,0,0
1637865976140,289,Medium,200,OK,true,307513,139,39,39,6,0,0
1637865976331,107,Small-Medium,200,OK,true,102713,139,39,39,6,0,0
1637865975487,961,Large,200,OK,true,1048891,137,39,39,7,0,0
1637865976394,59,Small,200,OK,true,51511,138,39,39,5,0,0
1637865976375,103,Small-Medium,200,OK,true,102713,139,39,39,6,0,0
1637865976201,288,Medium,200,OK,true,307513,139,39,39,6,0,0
1637865976208,295,Medium,200,OK,true,307513,139,39,39,5,0,0
1637865976215,299,Medium,200,OK,true,307513,139,39,39,6,0,0
1637865976219,296,Medium,200,OK,true,307513,139,39,39,5,0,0
1637865976051,468,Medium-Large,200,OK,true,512313,139,39,39,5,0,0
1637865976248,285,Medium,200,OK,true,307512,139,39,39,6,0,0
1637865976050,492,Medium-Large,200,OK,true,512313,139,39,39,6,0,0
1637865976448,102,Small-Medium,200,OK,true,102713,139,39,39,6,0,0
1637865976097,467,Medium-Large,200,OK,true,512313,139,39,39,5,0,0
1637865976094,476,Medium-Large,200,OK,true,512313,139,39,39,5,0,0
1637865976292,281,Medium,200,OK,true,307513,139,39,39,6,0,0
1637865976489,101,Small-Medium,200,OK,true,102713,139,39,39,7,0,0
1637865976489,103,Small-Medium,200,OK,true,102713,139,39,39,5,0,0
1637865976504,101,Small-Medium,200,OK,true,102713,139,39,39,6,0,0
1637865976147,493,Medium-Large,200,OK,true,512313,139,39,39,5,0,0
1637865975683,963,Large,200,OK,true,1048891,137,39,39,8,0,0
1637865976167,487,Medium-Large,200,OK,true,512313,139,39,39,5,0,0
1637865976175,482,Medium-Large,200,OK,true,512313,139,39,39,6,0,0
1637865975679,988,Large,200,OK,true,1048891,137,39,39,7,0,0
1637865976564,103,Small-Medium,200,OK,true,102713,139,39,39,6,0,0
1637865976640,59,Small,200,OK,true,51511,138,39,39,5,0,0
1637865976220,490,Medium-Large,200,OK,true,512313,139,39,39,6,0,0
1637865976660,53,Small,200,OK,true,51511,138,39,39,6,0,0
1637865975727,987,Large,200,OK,true,1048891,137,39,39,5,0,0
1637865976430,296,Medium,200,OK,true,307513,139,39,39,5,0,0
1637865975787,941,Large,200,OK,true,1048891,137,39,39,5,0,0
1637865976454,294,Medium,200,OK,true,307513,139,39,39,7,0,0
1637865976645,105,Small-Medium,200,OK,true,102713,139,39,39,5,0,0
1637865976287,475,Medium-Large,200,OK,true,512313,139,39,39,6,0,0
1637865975808,960,Large,200,OK,true,1048891,137,39,39,6,0,0
1637865976345,452,Medium-Large,200,OK,true,512313,139,39,39,5,0,0
1637865976520,300,Medium,200,OK,true,307513,139,39,39,7,0,0
1637865976515,305,Medium,200,OK,true,307513,139,39,39,6,0,0
1637865976533,299,Medium,200,OK,true,307512,139,39,39,6,0,0
1637865976542,311,Medium,200,OK,true,307513,139,39,39,6,0,0
1637865976570,304,Medium,200,OK,true,307513,139,39,39,8,0,0
1637865975875,1006,Large,200,OK,true,1048891,137,39,39,7,0,0
1637865975949,957,Large,200,OK,true,1048891,137,39,39,6,0,0
1637865976801,109,Small-Medium,200,OK,true,102713,139,39,39,6,0,0
1637865976419,502,Medium-Large,200,OK,true,512313,139,39,39,7,0,0
1637865976820,108,Small-Medium,200,OK,true,102713,139,39,39,6,0,0
1637865976881,57,Small,200,OK,true,51511,138,39,39,7,0,0
1637865976646,307,Medium,200,OK,true,307513,139,39,39,6,0,0
1637865976906,47,Small,200,OK,true,51511,138,39,39,6,0,0
1637865976471,487,Medium-Large,200,OK,true,512313,139,39,39,6,0,0
1637865976451,517,Medium-Large,200,OK,true,512314,139,39,39,13,0,6
1637865976874,105,Small-Medium,200,OK,true,102713,139,39,39,7,0,0
1637865976654,332,Medium,200,OK,true,307513,139,39,39,6,0,0
1637865976953,52,Small,200,OK,true,51511,138,39,39,7,0,0
1637865976060,953,Large,200,OK,true,1048891,137,39,39,6,0,0
1637865976036,983,Large,200,OK,true,1048890,137,39,39,5,0,0
1637865976715,307,Medium,200,OK,true,307513,139,39,39,6,0,0
1637865976958,88,Small-Medium,200,OK,true,102713,139,39,39,7,0,0
1637865976550,502,Medium-Large,200,OK,true,512313,139,39,39,7,0,0
1637865976957,95,Small-Medium,200,OK,true,102713,139,39,39,7,0,0
1637865976067,1000,Large,200,OK,true,1048891,137,39,39,5,0,0
1637865976798,277,Medium,200,OK,true,307513,139,39,39,6,0,0
1637865976976,105,Small-Medium,200,OK,true,102713,139,39,39,7,0,0
1637865976986,103,Small-Medium,200,OK,true,102713,139,39,39,7,0,0
1637865977013,93,Small-Medium,200,OK,true,102713,139,39,39,7,0,0
1637865977067,50,Small,200,OK,true,51511,138,39,39,7,0,0
1637865977037,94,Small-Medium,200,OK,true,102713,139,39,39,7,0,0
1637865976125,1010,Large,200,OK,true,1048891,137,39,39,6,0,0
1637865976667,495,Medium-Large,200,OK,true,512313,139,39,39,6,0,0
1637865976853,310,Medium,200,OK,true,307513,139,39,39,6,0,0
1637865977075,92,Small-Medium,200,OK,true,102712,139,39,39,7,0,0
1637865976726,479,Medium-Large,200,OK,true,512313,139,39,39,12,0,0
1637865976921,297,Medium,200,OK,true,307513,139,39,39,6,0,0
1637865977162,58,Small,200,OK,true,51511,138,39,39,8,0,0
1637865976720,501,Medium-Large,200,OK,true,512313,139,39,39,6,0,0
1637865977143,109,Small-Medium,200,OK,true,102713,139,39,39,6,0,0
1637865977218,57,Small,200,OK,true,51511,138,39,39,7,0,0
1637865977163,112,Small-Medium,200,OK,true,102713,139,39,39,8,0,0
1637865976262,1014,Large,200,OK,true,1048891,137,39,39,6,0,0
1637865977192,104,Small-Medium,200,OK,true,102713,139,39,39,7,0,0
1637865977205,101,Small-Medium,200,OK,true,102713,139,39,39,7,0,0
1637865976816,503,Medium-Large,200,OK,true,512313,139,39,39,10,0,0
1637865977223,101,Small-Medium,200,OK,true,102713,139,39,39,7,0,0
1637865977276,49,Small,200,OK,true,51511,138,39,39,7,0,0
1637865976797,537,Medium-Large,200,OK,true,512313,139,39,39,7,0,0
1637865977114,282,Medium,200,OK,true,307513,139,39,39,6,0,0
1637865977299,119,Small-Medium,200,OK,true,102713,139,39,39,6,0,0
1637865977380,55,Small,200,OK,true,51511,138,39,39,7,0,0
1637865977349,103,Small-Medium,200,OK,true,102713,139,39,39,6,0,0
1637865976440,1019,Large,200,OK,true,1048891,137,39,39,7,0,0
1637865977361,101,Small-Medium,200,OK,true,102713,139,39,39,7,0,0
1637865977030,477,Medium-Large,200,OK,true,512313,139,39,39,8,0,0
1637865976521,992,Large,200,OK,true,1048891,137,39,39,7,0,0
1637865976573,949,Large,200,OK,true,1048891,137,39,39,7,0,0
1637865976515,1014,Large,200,OK,true,1048891,137,39,39,7,0,0
1637865977062,479,Medium-Large,200,OK,true,512313,139,39,39,6,0,0
1637865976532,1024,Large,200,OK,true,1048891,137,39,39,5,0,0
1637865977518,55,Small,200,OK,true,51511,138,39,39,6,0,0
1637865977530,57,Small,200,OK,true,51511,138,39,39,7,0,0
1637865977109,481,Medium-Large,200,OK,true,512313,139,39,39,6,0,0
1637865977542,54,Small,200,OK,true,51511,138,39,39,6,0,0
1637865977112,494,Medium-Large,200,OK,true,512313,139,39,39,6,0,0
1637865977506,103,Small-Medium,200,OK,true,102713,139,39,39,6,0,0
1637865977168,443,Medium-Large,200,OK,true,512313,139,39,39,7,0,0
1637865976604,1010,Large,200,OK,true,1048891,137,39,39,8,0,0
1637865977523,100,Small-Medium,200,OK,true,102713,139,39,39,7,0,0
1637865977319,308,Medium,200,OK,true,307513,139,39,39,10,0,0
1637865976657,995,Large,200,OK,true,1048891,137,39,39,6,0,0
1637865977557,97,Small-Medium,200,OK,true,102713,139,39,39,6,0,0
1637865976728,932,Large,200,OK,true,1048891,137,39,39,7,0,0
1637865976748,938,Large,200,OK,true,1048891,137,39,39,7,0,0
1637865976768,931,Large,200,OK,true,1048891,137,39,39,8,0,0
1637865977612,91,Small-Medium,200,OK,true,102713,139,39,39,6,0,0
1637865976710,996,Large,200,OK,true,1048891,137,39,39,7,0,0
1637865976644,1062,Large,200,OK,true,1048891,137,39,39,7,0,0
1637865977661,48,Small,200,OK,true,51511,138,39,39,7,0,0
1637865977221,492,Medium-Large,200,OK,true,512313,139,39,39,8,0,0
1637865976762,955,Large,200,OK,true,1048891,137,39,39,6,0,0
1637865977674,49,Small,200,OK,true,51511,138,39,39,7,0,0
1637865977679,51,Small,200,OK,true,51511,138,39,39,7,0,0
1637865977653,112,Small-Medium,200,OK,true,102713,139,39,39,7,0,0
1637865977707,70,Small,200,OK,true,51511,138,39,39,8,0,0
1637865977662,117,Small-Medium,200,OK,true,102713,139,39,39,8,0,0
1637865976832,958,Large,200,OK,true,1048890,137,39,39,6,0,0
1637865977686,110,Small-Medium,200,OK,true,102713,139,39,39,6,0,0
1637865977319,491,Medium-Large,200,OK,true,512313,139,39,39,7,0,0
1637865977515,301,Medium,200,OK,true,307513,139,39,39,6,0,0
1637865977713,108,Small-Medium,200,OK,true,102713,139,39,39,6,0,0
1637865976820,1025,Large,200,OK,true,1048891,137,39,39,6,0,0
1637865977320,525,Medium-Large,200,OK,true,512313,139,39,39,8,0,0
1637865977397,478,Medium-Large,200,OK,true,512313,139,39,39,6,0,0
1637865977607,295,Medium,200,OK,true,307513,139,39,39,7,0,0
1637865977810,103,Small-Medium,200,OK,true,102713,139,39,39,6,0,0
1637865977334,581,Medium-Large,200,OK,true,512313,139,39,39,7,0,0
1637865977842,104,Small-Medium,200,OK,true,102713,139,39,39,6,0,0
1637865977864,105,Small-Medium,200,OK,true,102713,139,39,39,7,0,0
1637865977687,282,Medium,200,OK,true,307513,139,39,39,6,0,0
1637865977916,57,Small,200,OK,true,51511,138,39,39,7,0,0
1637865977460,521,Medium-Large,200,OK,true,512313,139,39,39,7,0,0
1637865976968,1013,Large,200,OK,true,1048891,137,39,39,8,0,0
1637865977455,527,Medium-Large,200,OK,true,512313,139,39,39,8,0,0
1637865977019,970,Large,200,OK,true,1048890,137,39,39,7,0,0
1637865977022,1004,Large,200,OK,true,1048891,137,39,39,6,0,0
1637865977052,1016,Large,200,OK,true,1048891,137,39,39,7,0,0
1637865978020,57,Small,200,OK,true,51511,138,39,39,7,0,0
1637865977792,300,Medium,200,OK,true,307512,139,39,39,7,0,0
1637865977990,102,Small-Medium,200,OK,true,102712,139,39,39,6,0,0
1637865977615,501,Medium-Large,200,OK,true,512313,139,39,39,6,0,0
1637865978027,109,Small-Medium,200,OK,true,102713,139,39,39,6,0,0
1637865977132,1011,Large,200,OK,true,1048891,137,39,39,6,0,0
1637865977628,517,Medium-Large,200,OK,true,512313,139,39,39,7,0,0
1637865977231,926,Large,200,OK,true,1048890,137,39,39,6,0,0
1637865977700,461,Medium-Large,200,OK,true,512313,139,39,39,6,0,0
1637865977846,319,Medium,200,OK,true,307513,139,39,39,7,0,0
1637865977875,295,Medium,200,OK,true,307513,139,39,39,6,0,0
1637865977698,475,Medium-Large,200,OK,true,512313,139,39,39,6,0,0
1637865978073,106,Small-Medium,200,OK,true,102713,139,39,39,6,0,0
1637865977135,1051,Large,200,OK,true,1048891,137,39,39,6,0,0
1637865978147,54,Small,200,OK,true,51510,138,39,39,7,0,0
1637865977718,489,Medium-Large,200,OK,true,512313,139,39,39,6,0,0
1637865977902,305,Medium,200,OK,true,307513,139,39,39,7,0,0
1637865978170,51,Small,200,OK,true,51511,138,39,39,6,0,0
1637865977714,512,Medium-Large,200,OK,true,512313,139,39,39,6,0,0
1637865977768,461,Medium-Large,200,OK,true,512313,139,39,39,6,0,0
1637865977707,528,Medium-Large,200,OK,true,512313,139,39,39,9,0,0
1637865978187,52,Small,200,OK,true,51511,138,39,39,6,0,0
1637865978161,98,Small-Medium,200,OK,true,102713,139,39,39,7,0,0
1637865978176,99,Small-Medium,200,OK,true,102713,139,39,39,6,0,0
1637865977816,472,Medium-Large,200,OK,true,512313,139,39,39,7,0,0
1637865977982,315,Medium,200,OK,true,307513,139,39,39,7,0,0
1637865977811,502,Medium-Large,200,OK,true,512313,139,39,39,6,0,0
1637865978230,91,Small-Medium,200,OK,true,102713,139,39,39,6,0,0
1637865977835,490,Medium-Large,200,OK,true,512313,139,39,39,6,0,0
1637865977846,490,Medium-Large,200,OK,true,512313,139,39,39,7,0,0
1637865978288,48,Small,200,OK,true,51511,138,39,39,6,0,0
1637865978235,102,Small-Medium,200,OK,true,102713,139,39,39,7,0,0
1637865978297,51,Small,200,OK,true,51511,138,39,39,7,0,0
1637865978069,294,Medium,200,OK,true,307513,139,39,39,6,0,0
1637865977869,495,Medium-Large,200,OK,true,512313,139,39,39,7,0,0
1637865978092,285,Medium,200,OK,true,307512,139,39,39,8,0,0
1637865978343,55,Small,200,OK,true,51511,138,39,39,6,0,0
1637865977376,1023,Large,200,OK,true,1048891,137,39,39,6,0,0
1637865978117,289,Medium,200,OK,true,307513,139,39,39,6,0,0
1637865978363,52,Small,200,OK,true,51511,138,39,39,7,0,0
1637865978332,96,Small-Medium,200,OK,true,102713,139,39,39,6,0,0
1637865977434,1003,Large,200,OK,true,1048891,137,39,39,6,0,0
1637865978391,61,Small,200,OK,true,51511,138,39,39,7,0,0
1637865977965,487,Medium-Large,200,OK,true,512313,139,39,39,6,0,0
1637865978406,55,Small,200,OK,true,51511,138,39,39,11,0,0
1637865978386,82,Small-Medium,200,OK,true,102713,139,39,39,6,0,0
1637865978183,287,Medium,200,OK,true,307513,139,39,39,6,0,0
1637865977998,483,Medium-Large,200,OK,true,512313,139,39,39,7,0,0
1637865977508,979,Large,200,OK,true,1048891,137,39,39,6,0,0
1637865977982,505,Medium-Large,200,OK,true,512313,139,39,39,8,0,0
1637865978207,282,Medium,200,OK,true,307513,139,39,39,7,0,0
1637865978399,96,Small-Medium,200,OK,true,102713,139,39,39,6,0,0
1637865978445,78,Small-Medium,200,OK,true,102713,139,39,39,8,0,0
1637865977536,994,Large,200,OK,true,1048891,137,39,39,7,0,0
1637865977591,950,Large,200,OK,true,1048891,137,39,39,6,0,0
1637865978453,96,Small-Medium,200,OK,true,102713,139,39,39,6,0,0
1637865978499,55,Small,200,OK,true,51511,138,39,39,6,0,0
1637865978470,89,Small-Medium,200,OK,true,102713,139,39,39,6,0,0
1637865978303,267,Medium,200,OK,true,307512,139,39,39,6,0,0
1637865978318,260,Medium,200,OK,true,307513,139,39,39,6,0,0
1637865978158,429,Medium-Large,200,OK,true,512312,139,39,39,6,0,0
1637865978145,474,Medium-Large,200,OK,true,512313,139,39,39,6,0,0
1637865978336,285,Medium,200,OK,true,307513,139,39,39,6,0,0
1637865978530,96,Small-Medium,200,OK,true,102713,139,39,39,7,0,0
1637865978587,51,Small,200,OK,true,51510,138,39,39,7,0,0
1637865978207,433,Medium-Large,200,OK,true,512313,139,39,39,7,0,0
1637865978377,265,Medium,200,OK,true,307512,139,39,39,6,0,0
1637865978554,100,Small-Medium,200,OK,true,102713,139,39,39,8,0,0
1637865978364,293,Medium,200,OK,true,307513,139,39,39,7,0,0
1637865978563,99,Small-Medium,200,OK,true,102713,139,39,39,7,0,0
1637865978621,53,Small,200,OK,true,51511,138,39,39,6,0,0
1637865978642,47,Small,200,OK,true,51510,138,39,39,7,0,0
1637865978226,468,Medium-Large,200,OK,true,512313,139,39,39,6,0,0
1637865978165,555,Medium-Large,200,OK,true,512313,139,39,39,7,0,0
1637865978640,101,Small-Medium,200,OK,true,102713,139,39,39,6,0,0
1637865978657,93,Small-Medium,200,OK,true,102713,139,39,39,7,0,0
1637865978655,97,Small-Medium,200,OK,true,102713,139,39,39,6,0,0
1637865978229,532,Medium-Large,200,OK,true,512313,139,39,39,7,0,0
1637865978325,437,Medium-Large,200,OK,true,512313,139,39,39,6,0,0
1637865977830,949,Large,200,OK,true,1048891,137,39,39,5,0,0
1637865977817,970,Large,200,OK,true,1048891,137,39,39,6,0,0
1637865978518,287,Medium,200,OK,true,307513,139,39,39,6,0,0
1637865977817,1005,Large,200,OK,true,1048891,137,39,39,8,0,0
1637865978777,55,Small,200,OK,true,51511,138,39,39,7,0,0
1637865978787,60,Small,200,OK,true,51511,138,39,39,12,0,0
1637865978578,275,Medium,200,OK,true,307513,139,39,39,6,0,0
1637865978811,55,Small,200,OK,true,51511,138,39,39,7,0,0
1637865978762,109,Small-Medium,200,OK,true,102713,139,39,39,17,0,0
1637865978761,116,Small-Medium,200,OK,true,102713,139,39,39,6,0,0
1637865978798,99,Small-Medium,200,OK,true,102712,139,39,39,6,0,0
1637865978437,460,Medium-Large,200,OK,true,512313,139,39,39,7,0,0
1637865977970,938,Large,200,OK,true,1048891,137,39,39,7,0,0
1637865978814,102,Small-Medium,200,OK,true,102713,139,39,39,7,0,0
1637865978626,306,Medium,200,OK,true,307513,139,39,39,6,0,0
1637865978452,488,Medium-Large,200,OK,true,512313,139,39,39,7,0,0
1637865978489,463,Medium-Large,200,OK,true,512313,139,39,39,8,0,0
1637865978488,472,Medium-Large,200,OK,true,512313,139,39,39,6,0,0
1637865978481,485,Medium-Large,200,OK,true,512313,139,39,39,6,0,0
1637865978542,432,Medium-Large,200,OK,true,512313,139,39,39,7,0,0
1637865977981,998,Large,200,OK,true,1048891,137,39,39,7,0,0
1637865978487,503,Medium-Large,200,OK,true,512313,139,39,39,10,0,0
1637865978952,55,Small,200,OK,true,51511,138,39,39,6,0,0
1637865978954,57,Small,200,OK,true,51475,138,39,39,7,0,0
1637865978966,57,Small,200,OK,true,51511,138,39,39,7,0,0
1637865978720,309,Medium,200,OK,true,307513,139,39,39,6,0,0
1637865978917,115,Small-Medium,200,OK,true,102713,139,39,39,6,0,0
1637865978933,101,Small-Medium,200,OK,true,102713,139,39,39,7,0,0
1637865978547,514,Medium-Large,200,OK,true,512313,139,39,39,5,0,0
1637865978173,900,Large,200,OK,true,1048891,137,39,39,7,0,0
1637865978144,966,Large,200,OK,true,1048891,137,39,39,6,0,0
1637865978853,265,Medium,200,OK,true,307513,139,39,39,7,0,0
1637865978609,519,Medium-Large,200,OK,true,512313,139,39,39,6,0,0
1637865979029,106,Small-Medium,200,OK,true,102713,139,39,39,6,0,0
1637865979089,58,Small,200,OK,true,51511,138,39,39,6,0,0
1637865979110,55,Small,200,OK,true,51512,138,39,39,12,0,6
1637865978743,433,Medium-Large,200,OK,true,512312,139,39,39,7,0,0
1637865978695,484,Medium-Large,200,OK,true,512313,139,39,39,7,0,0
1637865978687,501,Medium-Large,200,OK,true,512313,139,39,39,8,0,0
1637865978718,493,Medium-Large,200,OK,true,512313,139,39,39,7,0,0
1637865978711,501,Medium-Large,200,OK,true,512313,139,39,39,6,0,0
1637865979188,54,Small,200,OK,true,51511,138,39,39,7,0,0
1637865978943,300,Medium,200,OK,true,307513,139,39,39,6,0,0
1637865979211,54,Small,200,OK,true,51511,138,39,39,9,0,0
1637865978326,944,Large,200,OK,true,1048891,137,39,39,6,0,0
1637865978313,986,Large,200,OK,true,1048891,137,39,39,6,0,0
1637865978822,487,Medium-Large,200,OK,true,512313,139,39,39,7,0,0
1637865979243,106,Small-Medium,200,OK,true,102713,139,39,39,6,0,0
1637865978908,468,Medium-Large,200,OK,true,512313,139,39,39,7,0,0
1637865978897,491,Medium-Large,200,OK,true,512313,139,39,39,7,0,0
1637865979344,58,Small,200,OK,true,51511,138,39,39,7,0,0
1637865979122,309,Medium,200,OK,true,307513,139,39,39,6,0,0
1637865979376,56,Small,200,OK,true,51511,138,39,39,7,0,0
1637865978974,463,Medium-Large,200,OK,true,512313,139,39,39,9,0,0
1637865979176,284,Medium,200,OK,true,307512,139,39,39,6,0,0
1637865978487,990,Large,200,OK,true,1048891,137,39,39,6,0,0
1637865978979,510,Medium-Large,200,OK,true,512313,139,39,39,5,0,0
1637865979460,48,Small,200,OK,true,51510,138,39,39,6,0,0
1637865978541,975,Large,200,OK,true,1048891,137,39,39,7,0,0
1637865979212,315,Medium,200,OK,true,307513,139,39,39,8,0,0
1637865978990,540,Medium-Large,200,OK,true,512313,139,39,39,7,0,0
1637865978600,939,Large,200,OK,true,1048891,137,39,39,7,0,0
1637865978570,975,Large,200,OK,true,1048890,137,39,39,8,0,0
1637865979530,56,Small,200,OK,true,51511,138,39,39,6,0,0
1637865979539,51,Small,200,OK,true,51511,138,39,39,6,0,0
1637865979118,474,Medium-Large,200,OK,true,512313,139,39,39,6,0,0
1637865979061,533,Medium-Large,200,OK,true,512313,139,39,39,8,0,0
1637865979546,56,Small,200,OK,true,51510,138,39,39,6,0,0
1637865979500,102,Small-Medium,200,OK,true,102713,139,39,39,6,0,0
1637865979108,495,Medium-Large,200,OK,true,512313,139,39,39,6,0,0
1637865979516,94,Small-Medium,200,OK,true,102713,139,39,39,6,0,0
1637865978620,1017,Large,200,OK,true,1048891,137,39,39,5,0,0
1637865979594,54,Small,200,OK,true,51511,138,39,39,7,0,0
1637865979179,503,Medium-Large,200,OK,true,512313,139,39,39,6,0,0
1637865979437,268,Medium,200,OK,true,307513,139,39,39,7,0,0
1637865979637,114,Small-Medium,200,OK,true,102713,139,39,39,6,0,0
1637865979702,53,Small,200,OK,true,51475,138,39,39,9,0,0
1637865979270,485,Medium-Large,200,OK,true,512313,139,39,39,7,0,0
1637865979266,496,Medium-Large,200,OK,true,512313,139,39,39,6,0,0
1637865978796,972,Large,200,OK,true,1048891,137,39,39,6,0,0
1637865978779,1012,Large,200,OK,true,1048891,137,39,39,7,0,0
1637865979706,91,Small-Medium,200,OK,true,102713,139,39,39,7,0,0
1637865979309,522,Medium-Large,200,OK,true,512313,139,39,39,7,0,0
1637865978806,1034,Large,200,OK,true,1048891,137,39,39,7,0,0
1637865979527,327,Medium,200,OK,true,307513,139,39,39,7,0,0
1637865979762,106,Small-Medium,200,OK,true,102713,139,39,39,7,0,0
1637865979592,283,Medium,200,OK,true,307513,139,39,39,7,0,0
1637865979840,56,Small,200,OK,true,51511,138,39,39,7,0,0
1637865979793,104,Small-Medium,200,OK,true,102713,139,39,39,7,0,0
1637865978919,984,Large,200,OK,true,1048891,137,39,39,6,0,0
1637865979854,67,Small,200,OK,true,51511,138,39,39,7,0,0
1637865979399,522,Medium-Large,200,OK,true,512313,139,39,39,6,0,0
1637865979603,331,Medium,200,OK,true,307513,139,39,39,7,0,0
1637865979921,58,Small,200,OK,true,51511,138,39,39,13,0,0
1637865978940,1054,Large,200,OK,true,1048891,137,39,39,6,0,0
1637865978932,1065,Large,200,OK,true,1048891,137,38,38,6,0,0
1637865979656,348,Medium,200,OK,true,307513,139,38,38,6,0,0
1637865979682,338,Medium,200,OK,true,307513,139,38,38,8,0,0
1637865978970,1054,Large,200,OK,true,1048891,137,38,38,7,0,0
1637865978960,1064,Large,200,OK,true,1048891,137,38,38,7,0,0
1637865978966,1064,Large,200,OK,true,1048891,137,38,38,7,0,0
1637865979489,552,Medium-Large,200,OK,true,512313,139,38,38,6,0,0
1637865979686,356,Medium,200,OK,true,307513,139,38,38,24,0,0
1637865979949,113,Small-Medium,200,OK,true,102713,139,38,38,6,0,0
1637865979616,456,Medium-Large,200,OK,true,512312,139,38,38,5,0,0
1637865979073,1026,Large,200,OK,true,1048891,137,38,38,6,0,0
1637865979862,256,Medium,200,OK,true,307513,139,38,38,6,0,0
1637865979110,1041,Large,200,OK,true,1048891,137,38,38,6,0,0
1637865979831,328,Medium,200,OK,true,307513,139,38,38,6,0,0
1637865979858,314,Medium,200,OK,true,307514,139,38,38,14,0,6
1637865979875,310,Medium,200,OK,true,307512,139,38,38,8,0,0
1637865979671,523,Medium-Large,200,OK,true,512313,139,38,38,6,0,0
1637865979072,1127,Large,200,OK,true,1048891,137,38,38,7,0,0
1637865979903,301,Medium,200,OK,true,307513,139,38,38,17,0,0
1637865979695,510,Medium-Large,200,OK,true,512313,139,38,38,16,0,0
1637865979129,1089,Large,200,OK,true,1048891,137,38,38,7,0,0
1637865980118,102,Small-Medium,200,OK,true,102713,139,38,38,9,0,0
1637865980172,54,Small,200,OK,true,51511,138,38,38,6,0,0
1637865979934,304,Medium,200,OK,true,307513,139,38,38,8,0,0
1637865979920,319,Medium,200,OK,true,307513,139,38,38,14,0,0
1637865980151,103,Small-Medium,200,OK,true,102713,139,38,38,7,0,0
1637865980204,52,Small,200,OK,true,51511,138,38,38,7,0,0
1637865980160,101,Small-Medium,200,OK,true,102713,139,38,38,6,0,0
1637865979768,508,Medium-Large,200,OK,true,512313,139,38,38,7,0,0
1637865980239,49,Small,200,OK,true,51511,138,38,38,6,0,0
1637865979791,505,Medium-Large,200,OK,true,512313,139,38,38,7,0,0
1637865980194,102,Small-Medium,200,OK,true,102713,139,38,38,8,0,0
1637865979245,1060,Large,200,OK,true,1048891,137,38,38,6,0,0
1637865979185,1121,Large,200,OK,true,1048891,137,38,38,7,0,0
1637865980020,299,Medium,200,OK,true,307513,139,38,38,8,0,0
1637865980043,294,Medium,200,OK,true,307513,139,38,38,7,0,0
1637865979299,1039,Large,200,OK,true,1048891,137,38,38,8,0,0
1637865980041,303,Medium,200,OK,true,307513,139,38,38,6,0,0
1637865980072,278,Medium,200,OK,true,307512,139,38,38,7,0,0
1637865980303,53,Small,200,OK,true,51511,138,38,38,6,0,0
1637865980306,54,Small,200,OK,true,51511,138,38,38,7,0,0
1637865980337,52,Small,200,OK,true,51511,138,38,38,6,0,0
1637865980345,53,Small,200,OK,true,51511,138,38,38,6,0,0
1637865980351,51,Small,200,OK,true,51475,138,38,38,9,0,0
1637865980296,108,Small-Medium,200,OK,true,102713,139,38,38,18,0,0
1637865980305,99,Small-Medium,200,OK,true,102713,139,38,38,8,0,0
1637865979367,1045,Large,200,OK,true,1048891,137,38,38,8,0,0
1637865979388,1028,Large,200,OK,true,1048891,137,38,38,7,0,0
1637865980417,43,Small,200,OK,true,51511,138,38,38,6,0,0
1637865980004,471,Medium-Large,200,OK,true,512313,139,38,38,6,0,0
1637865979997,484,Medium-Large,200,OK,true,512313,139,38,38,6,0,0
1637865979477,1004,Large,200,OK,true,1048891,137,38,38,6,0,0
1637865980011,472,Medium-Large,200,OK,true,512313,139,38,38,6,0,0
1637865979432,1056,Large,200,OK,true,1048891,137,38,38,6,0,0
1637865979532,961,Large,200,OK,true,1048891,137,38,38,7,0,0
1637865980200,302,Medium,200,OK,true,307513,139,38,38,6,0,0
1637865980412,92,Small-Medium,200,OK,true,102713,139,38,38,7,0,0
1637865980024,483,Medium-Large,200,OK,true,512313,139,38,38,7,0,0
1637865980458,58,Small,200,OK,true,51511,138,38,38,7,0,0
1637865980031,485,Medium-Large,200,OK,true,512313,139,38,38,7,0,0
1637865980270,248,Medium,200,OK,true,307513,139,38,38,6,0,0
1637865980482,51,Small,200,OK,true,51511,138,38,38,6,0,0
1637865980077,466,Medium-Large,200,OK,true,512313,139,38,38,6,0,0
1637865980493,51,Small,200,OK,true,51511,138,38,38,8,0,0
1637865980100,472,Medium-Large,200,OK,true,512313,139,39,39,6,0,0
1637865980484,99,Small-Medium,200,OK,true,102713,139,39,39,9,0,0
1637865980312,273,Medium,200,OK,true,307513,139,39,39,6,0,0
1637865980185,435,Medium-Large,200,OK,true,512312,139,39,39,7,0,0
1637865980356,271,Medium,200,OK,true,307513,139,39,39,6,0,0
1637865980338,289,Medium,200,OK,true,307513,139,39,39,7,0,0
1637865980205,431,Medium-Large,200,OK,true,512313,139,39,39,7,0,0
1637865980544,93,Small-Medium,200,OK,true,102713,139,39,39,5,0,0
1637865980620,53,Small,200,OK,true,51510,138,39,39,7,0,0
1637865980585,102,Small-Medium,200,OK,true,102713,139,39,39,7,0,0
1637865980239,458,Medium-Large,200,OK,true,512313,139,39,39,13,0,0
1637865980276,440,Medium-Large,200,OK,true,512313,139,39,39,7,0,0
1637865979755,962,Large,200,OK,true,1048891,137,39,39,7,0,0
1637865980627,97,Small-Medium,200,OK,true,102713,139,39,39,6,0,0
1637865980218,525,Medium-Large,200,OK,true,512313,139,39,39,7,0,0
1637865980698,50,Small,200,OK,true,51511,138,39,39,6,0,0
1637865980699,64,Small,200,OK,true,51511,138,39,39,7,0,0
1637865980717,59,Small,200,OK,true,51511,138,39,39,6,0,0
1637865980325,453,Medium-Large,200,OK,true,512313,139,39,39,5,0,0
1637865980488,305,Medium,200,OK,true,307513,139,39,39,7,0,0
1637865980346,453,Medium-Large,200,OK,true,512313,139,39,39,6,0,0
1637865980743,68,Small,200,OK,true,51511,138,39,39,7,0,0
1637865980716,103,Small-Medium,200,OK,true,102713,139,39,39,6,0,0
1637865980783,45,Small,200,OK,true,51511,138,39,39,6,0,0
1637865980502,327,Medium,200,OK,true,307513,139,39,39,7,0,0
1637865979749,1087,Large,200,OK,true,1048891,137,39,39,7,0,0
1637865980829,49,Small,200,OK,true,51511,138,39,39,6,0,0
1637865980449,465,Medium-Large,200,OK,true,512313,139,39,39,6,0,0
1637865980645,280,Medium,200,OK,true,307513,139,39,39,6,0,0
1637865980874,56,Small,200,OK,true,51511,138,39,39,7,0,0
1637865980628,310,Medium,200,OK,true,307513,139,39,39,6,0,0
1637865980518,432,Medium-Large,200,OK,true,512313,139,39,39,6,0,0
1637865980475,477,Medium-Large,200,OK,true,512313,139,39,39,7,0,0
1637865980481,489,Medium-Large,200,OK,true,512313,139,39,39,6,0,0
1637865979998,973,Large,200,OK,true,1048891,137,39,39,6,0,0
1637865980503,472,Medium-Large,200,OK,true,512314,139,39,39,13,0,7
1637865980459,518,Medium-Large,200,OK,true,512313,139,39,39,10,0,0
1637865980099,889,Large,200,OK,true,1048891,137,39,39,6,0,0
1637865980950,46,Small,200,OK,true,51511,138,39,39,7,0,0
1637865980024,978,Large,200,OK,true,1048891,137,39,39,7,0,0
1637865980952,51,Small,200,OK,true,51511,138,39,39,6,0,0
1637865980489,525,Medium-Large,200,OK,true,512313,139,39,39,6,0,0
1637865980970,50,Small,200,OK,true,51511,138,39,39,7,0,0
1637865980971,49,Small,200,OK,true,51511,138,39,39,6,0,0
1637865980569,481,Medium-Large,200,OK,true,512313,139,39,39,6,0,0
1637865980572,482,Medium-Large,200,OK,true,512313,139,39,39,7,0,0
1637865980793,272,Medium,200,OK,true,307513,139,39,39,6,0,0
1637865980988,84,Small-Medium,200,OK,true,102713,139,39,39,7,0,0
1637865980633,468,Medium-Large,200,OK,true,512313,139,39,39,7,0,0
1637865980857,278,Medium,200,OK,true,307513,139,39,39,6,0,0
1637865981050,91,Small-Medium,200,OK,true,102713,139,39,39,6,0,0
1637865981108,42,Small,200,OK,true,51511,138,39,39,8,0,0
1637865980914,257,Medium,200,OK,true,307513,139,39,39,6,0,0
1637865980925,255,Medium,200,OK,true,307513,139,39,39,6,0,0
1637865980776,416,Medium-Large,200,OK,true,512312,139,39,39,5,0,0
1637865980778,430,Medium-Large,200,OK,true,512313,139,39,39,5,0,0
1637865980939,278,Medium,200,OK,true,307513,139,39,39,7,0,0
1637865980742,476,Medium-Large,200,OK,true,512313,139,39,39,7,0,0
1637865981181,49,Small,200,OK,true,51510,138,39,39,6,0,0
1637865980975,266,Medium,200,OK,true,307513,139,39,39,7,0,0
1637865981208,48,Small,200,OK,true,51511,138,39,39,6,0,0
1637865981002,268,Medium,200,OK,true,307513,139,39,39,6,0,0
1637865980319,956,Large,200,OK,true,1048891,137,39,39,6,0,0
1637865981192,88,Small-Medium,200,OK,true,102712,139,39,39,6,0,0
1637865980985,297,Medium,200,OK,true,307513,139,39,39,6,0,0
1637865980873,432,Medium-Large,200,OK,true,512313,139,39,39,6,0,0
1637865980391,921,Large,200,OK,true,1048891,137,39,39,6,0,0
1637865981305,46,Small,200,OK,true,51511,138,39,39,6,0,0
1637865981348,59,Small,200,OK,true,51510,138,39,39,19,0,0
1637865981109,300,Medium,200,OK,true,307513,139,39,39,8,0,0
1637865980455,967,Large,200,OK,true,1048891,137,39,39,7,0,0
1637865981336,102,Small-Medium,200,OK,true,102712,139,39,39,6,0,0
1637865981410,46,Small,200,OK,true,51511,138,39,39,5,0,0
1637865981172,286,Medium,200,OK,true,307513,139,39,39,6,0,0
1637865981029,438,Medium-Large,200,OK,true,512313,139,39,39,7,0,0
1637865980497,987,Large,200,OK,true,1048891,137,39,39,7,0,0
1637865980517,976,Large,200,OK,true,1048891,137,39,39,6,0,0
1637865980507,994,Large,200,OK,true,1048891,137,39,39,7,0,0
1637865981014,487,Medium-Large,200,OK,true,512313,139,39,39,6,0,0
1637865981207,295,Medium,200,OK,true,307513,139,39,39,6,0,0
1637865980555,949,Large,200,OK,true,1048892,137,39,39,12,0,6
1637865981218,288,Medium,200,OK,true,307513,139,39,39,6,0,0
1637865981218,294,Medium,200,OK,true,307513,139,39,39,6,0,0
1637865980564,950,Large,200,OK,true,1048891,137,39,39,7,0,0
1637865981262,255,Medium,200,OK,true,307513,139,39,39,5,0,0
1637865981484,49,Small,200,OK,true,51511,138,39,39,7,0,0
1637865981066,479,Medium-Large,200,OK,true,512313,139,39,39,6,0,0
1637865980636,912,Large,200,OK,true,1048891,137,39,39,6,0,0
1637865981501,52,Small,200,OK,true,51511,138,39,39,6,0,0
1637865980610,958,Large,200,OK,true,1048891,137,39,39,6,0,0
1637865981127,462,Medium-Large,200,OK,true,512313,139,39,39,6,0,0
1637865981144,451,Medium-Large,200,OK,true,512313,139,39,39,6,0,0
1637865981135,462,Medium-Large,200,OK,true,512313,139,39,39,6,0,0
1637865981506,98,Small-Medium,200,OK,true,102713,139,39,39,6,0,0
1637865981517,89,Small-Medium,200,OK,true,102713,139,39,39,6,0,0
1637865981512,97,Small-Medium,200,OK,true,102713,139,39,39,6,0,0
1637865980639,983,Large,200,OK,true,1048891,137,39,39,6,0,0
1637865981589,46,Small,200,OK,true,51511,138,39,39,6,0,0
1637865981597,47,Small,200,OK,true,51511,138,39,39,6,0,0
1637865981568,90,Small-Medium,200,OK,true,102713,139,39,39,6,0,0
1637865981622,50,Small,200,OK,true,51511,138,39,39,8,0,0
1637865980799,905,Large,200,OK,true,1048891,137,39,39,6,0,0
1637865981241,473,Medium-Large,200,OK,true,512313,139,39,39,7,0,0
1637865981270,457,Medium-Large,200,OK,true,512313,139,39,39,6,0,0
1637865981461,273,Medium,200,OK,true,307513,139,39,39,5,0,0
1637865981275,468,Medium-Large,200,OK,true,512313,139,39,39,5,0,0
1637865981312,450,Medium-Large,200,OK,true,512313,139,39,39,6,0,0
1637865981673,95,Small-Medium,200,OK,true,102713,139,39,39,6,0,0
1637865981504,264,Medium,200,OK,true,307512,139,39,39,6,0,0
1637865980854,956,Large,200,OK,true,1048891,137,39,39,6,0,0
1637865981714,100,Small-Medium,200,OK,true,102713,139,39,39,7,0,0
1637865981769,54,Small,200,OK,true,51510,138,39,39,6,0,0
1637865981734,101,Small-Medium,200,OK,true,102713,139,39,39,6,0,0
1637865980939,903,Large,200,OK,true,1048891,137,39,39,6,0,0
1637865980836,1031,Large,200,OK,true,1048891,137,39,39,6,0,0
1637865981810,105,Small-Medium,200,OK,true,102713,139,39,39,7,0,0
1637865981829,89,Small-Medium,200,OK,true,102713,139,39,39,7,0,0
1637865981640,293,Medium,200,OK,true,307513,139,39,39,6,0,0
1637865981492,455,Medium-Large,200,OK,true,512312,139,39,39,7,0,0
1637865981658,299,Medium,200,OK,true,307513,139,39,39,7,0,0
1637865980900,1069,Large,200,OK,true,1048891,137,39,39,9,0,0
1637865981501,484,Medium-Large,200,OK,true,512313,139,39,39,6,0,0
1637865981514,480,Medium-Large,200,OK,true,512313,139,39,39,7,0,0
1637865980977,1044,Large,200,OK,true,1048891,137,39,39,7,0,0
1637865981054,975,Large,200,OK,true,1048891,137,39,39,6,0,0
1637865981984,50,Small,200,OK,true,51511,138,39,39,7,0,0
1637865981724,311,Medium,200,OK,true,307513,139,39,39,6,0,0
1637865981933,111,Small-Medium,200,OK,true,102713,139,39,39,6,0,0
1637865981743,312,Medium,200,OK,true,307513,139,39,39,7,0,0
1637865981101,975,Large,200,OK,true,1048891,137,39,39,8,0,0
1637865982035,54,Small,200,OK,true,51511,138,39,39,5,0,0
1637865982029,97,Small-Medium,200,OK,true,102713,139,39,39,7,0,0
1637865982021,111,Small-Medium,200,OK,true,102713,139,39,39,7,0,0
1637865981842,293,Medium,200,OK,true,307513,139,39,39,6,0,0
1637865981126,1012,Large,200,OK,true,1048891,137,39,39,7,0,0
1637865981668,507,Medium-Large,200,OK,true,512313,139,39,39,6,0,0
1637865982076,108,Small-Medium,200,OK,true,102713,139,39,39,6,0,0
1637865981890,294,Medium,200,OK,true,307513,139,39,39,6,0,0
1637865982138,56,Small,200,OK,true,51511,138,39,39,7,0,0
1637865981867,341,Medium,200,OK,true,307513,139,39,39,6,0,0
1637865981924,286,Medium,200,OK,true,307512,139,39,39,7,0,0
1637865981947,281,Medium,200,OK,true,307512,139,39,39,6,0,0
1637865981746,507,Medium-Large,200,OK,true,512313,139,39,39,6,0,0
1637865981969,311,Medium,200,OK,true,307513,139,39,39,5,0,0
1637865981366,915,Large,200,OK,true,1048891,137,39,39,7,0,0
1637865982185,100,Small-Medium,200,OK,true,102713,139,39,39,6,0,0
1637865982185,105,Small-Medium,200,OK,true,102712,139,39,39,7,0,0
1637865982253,58,Small,200,OK,true,51511,138,39,39,6,0,0
1637865982229,97,Small-Medium,200,OK,true,102712,139,39,39,6,0,0
1637865981282,1076,Large,200,OK,true,1048891,137,39,39,6,0,0
1637865982055,305,Medium,200,OK,true,307513,139,39,39,6,0,0
1637865981870,503,Medium-Large,200,OK,true,512313,139,39,39,6,0,0
1637865982135,276,Medium,200,OK,true,307513,139,39,39,6,0,0
1637865981458,956,Large,200,OK,true,1048891,137,39,39,7,0,0
1637865981468,953,Large,200,OK,true,1048891,137,39,39,6,0,0
1637865981422,1008,Large,200,OK,true,1048891,137,39,39,6,0,0
1637865982342,106,Small-Medium,200,OK,true,102712,139,39,39,8,0,0
1637865982360,106,Small-Medium,200,OK,true,102713,139,39,39,6,0,0
1637865982358,108,Small-Medium,200,OK,true,102713,139,39,39,6,0,0
1637865982421,60,Small,200,OK,true,51511,138,39,39,7,0,0
1637865982430,61,Small,200,OK,true,51511,138,39,39,6,0,0
1637865981504,988,Large,200,OK,true,1048891,137,39,39,6,0,0
1637865982175,319,Medium,200,OK,true,307513,139,39,39,8,0,0
1637865981548,948,Large,200,OK,true,1048891,137,39,39,7,0,0
1637865981957,544,Medium-Large,200,OK,true,512313,139,39,39,7,0,0
1637865982409,103,Small-Medium,200,OK,true,102713,139,39,39,6,0,0
1637865981502,1016,Large,200,OK,true,1048891,137,39,39,5,0,0
1637865982178,342,Medium,200,OK,true,307513,139,39,39,6,0,0
1637865981493,1028,Large,200,OK,true,1048891,137,39,39,7,0,0
1637865982141,420,Medium-Large,200,OK,true,512313,139,39,39,5,0,0
1637865981545,1016,Large,200,OK,true,1048891,137,39,39,6,0,0
1637865981595,968,Large,200,OK,true,1048891,137,39,39,7,0,0
1637865982281,291,Medium,200,OK,true,307513,139,39,39,7,0,0
1637865981565,1012,Large,200,OK,true,1048891,137,39,39,6,0,0
1637865982492,97,Small-Medium,200,OK,true,102713,139,39,39,6,0,0
1637865982496,95,Small-Medium,200,OK,true,102713,139,39,39,7,0,0
1637865982498,99,Small-Medium,200,OK,true,102712,139,39,39,6,0,0
1637865982089,521,Medium-Large,200,OK,true,512313,139,39,39,6,0,0
1637865982561,51,Small,200,OK,true,51511,138,39,39,7,0,0
1637865982564,51,Small,200,OK,true,51511,138,39,39,5,0,0
1637865982565,94,Small-Medium,200,OK,true,102713,139,39,39,6,0,0
1637865982211,449,Medium-Large,200,OK,true,512277,139,39,39,6,0,0
1637865982610,52,Small,200,OK,true,51511,138,39,39,7,0,0
1637865982577,99,Small-Medium,200,OK,true,102713,139,39,39,7,0,0
1637865982586,94,Small-Medium,200,OK,true,102713,139,39,39,5,0,0
1637865982411,277,Medium,200,OK,true,307513,139,39,39,7,0,0
1637865981663,1029,Large,200,OK,true,1048891,137,39,39,7,0,0
1637865981704,993,Large,200,OK,true,1048891,137,39,39,6,0,0
1637865982233,482,Medium-Large,200,OK,true,512313,139,39,39,6,0,0
1637865982649,91,Small-Medium,200,OK,true,102713,139,39,39,6,0,0
1637865982208,533,Medium-Large,200,OK,true,512313,139,39,39,7,0,0
1637865981727,1017,Large,200,OK,true,1048891,137,39,39,7,0,0
1637865982653,92,Small-Medium,200,OK,true,102713,139,39,39,7,0,0
1637865981753,994,Large,200,OK,true,1048891,137,39,39,6,0,0
1637865982654,99,Small-Medium,200,OK,true,102712,139,39,39,8,0,0
1637865981762,993,Large,200,OK,true,1048891,137,39,39,6,0,0
1637865982715,53,Small,200,OK,true,51511,138,39,39,7,0,0
1637865982660,108,Small-Medium,200,OK,true,102714,139,39,39,16,0,6
1637865982717,52,Small,200,OK,true,51511,138,39,39,8,0,0
1637865982734,52,Small,200,OK,true,51511,138,39,39,7,0,0
1637865981778,1019,Large,200,OK,true,1048891,137,39,39,8,0,0
1637865982697,102,Small-Medium,200,OK,true,102713,139,39,39,7,0,0
1637865982516,286,Medium,200,OK,true,307513,139,39,39,7,0,0
1637865982341,470,Medium-Large,200,OK,true,512313,139,39,39,8,0,0
1637865982720,91,Small-Medium,200,OK,true,102713,139,39,39,6,0,0
1637865982572,261,Medium,200,OK,true,307513,139,39,39,6,0,0
1637865982385,456,Medium-Large,200,OK,true,512312,139,39,39,5,0,0
1637865982797,52,Small,200,OK,true,51511,138,39,39,7,0,0
1637865982577,274,Medium,200,OK,true,307513,139,39,39,6,0,0
1637865982804,53,Small,200,OK,true,51511,138,39,39,6,0,0
1637865982414,459,Medium-Large,200,OK,true,512313,139,39,39,7,0,0
1637865982873,49,Small,200,OK,true,51511,138,39,39,7,0,0
1637865982494,466,Medium-Large,200,OK,true,512312,139,39,39,7,0,0
1637865981966,1003,Large,200,OK,true,1048891,137,39,39,6,0,0
1637865982501,481,Medium-Large,200,OK,true,512313,139,39,39,7,0,0
1637865981995,990,Large,200,OK,true,1048891,137,39,39,6,0,0
1637865982518,471,Medium-Large,200,OK,true,512313,139,39,39,7,0,0
1637865981985,1014,Large,200,OK,true,1048891,137,39,39,7,0,0
1637865982953,55,Small,200,OK,true,51511,138,39,39,7,0,0
1637865982745,291,Medium,200,OK,true,307513,139,39,39,6,0,0
1637865982765,293,Medium,200,OK,true,307513,139,39,39,7,0,0
1637865982802,299,Medium,200,OK,true,307513,139,39,39,7,0,0
1637865983029,107,Small-Medium,200,OK,true,102713,139,39,39,6,0,0
1637865982851,295,Medium,200,OK,true,307513,139,39,39,6,0,0
1637865982873,278,Medium,200,OK,true,307513,139,39,39,6,0,0
1637865982688,467,Medium-Large,200,OK,true,512313,139,39,39,6,0,0
1637865982876,302,Medium,200,OK,true,307513,139,39,39,6,0,0
1637865982191,1014,Large,200,OK,true,1048891,137,39,39,8,0,0
1637865982720,490,Medium-Large,200,OK,true,512313,139,39,39,7,0,0
1637865983109,103,Small-Medium,200,OK,true,102713,139,39,39,6,0,0
1637865983178,55,Small,200,OK,true,51511,138,39,39,6,0,0
1637865982747,490,Medium-Large,200,OK,true,512313,139,39,39,6,0,0
1637865983151,102,Small-Medium,200,OK,true,102713,139,39,39,6,0,0
1637865982755,498,Medium-Large,200,OK,true,512313,139,39,39,6,0,0
1637865983205,56,Small,200,OK,true,51511,138,39,39,6,0,0
1637865982741,526,Medium-Large,200,OK,true,512313,139,39,39,6,0,0
1637865982808,475,Medium-Large,200,OK,true,512312,139,39,39,7,0,0
1637865982982,322,Medium,200,OK,true,307513,139,39,39,8,0,0
1637865982280,1025,Large,200,OK,true,1048891,137,39,39,7,0,0
1637865982294,1012,Large,200,OK,true,1048891,137,39,39,6,0,0
1637865982990,318,Medium,200,OK,true,307513,139,39,39,6,0,0
1637865982810,510,Medium-Large,200,OK,true,512312,139,39,39,6,0,0
1637865982842,493,Medium-Large,200,OK,true,512312,139,39,39,6,0,0
1637865983253,105,Small-Medium,200,OK,true,102713,139,39,39,7,0,0
1637865983308,52,Small,200,OK,true,51511,138,39,39,6,0,0
1637865982854,506,Medium-Large,200,OK,true,512313,139,39,39,6,0,0
1637865983305,61,Small,200,OK,true,51511,138,39,39,7,0,0
1637865983267,106,Small-Medium,200,OK,true,102713,139,39,39,6,0,0
1637865982373,1006,Large,200,OK,true,1048891,137,39,39,6,0,0
1637865982889,514,Medium-Large,200,OK,true,512313,139,39,39,7,0,0
1637865983304,113,Small-Medium,200,OK,true,102713,139,39,39,7,0,0
1637865983155,290,Medium,200,OK,true,307513,139,39,39,6,0,0
1637865982961,497,Medium-Large,200,OK,true,512313,139,39,39,5,0,0
1637865983409,56,Small,200,OK,true,51511,138,39,39,6,0,0
1637865983423,58,Small,200,OK,true,51511,138,39,39,7,0,0
1637865982986,507,Medium-Large,200,OK,true,512313,139,39,39,6,0,0
1637865983445,53,Small,200,OK,true,51511,138,39,39,6,0,0
1637865983463,51,Small,200,OK,true,51511,138,39,39,7,0,0
1637865982521,1013,Large,200,OK,true,1048891,137,39,39,7,0,0
1637865983036,503,Medium-Large,200,OK,true,512313,139,39,39,7,0,0
1637865982520,1038,Large,200,OK,true,1048891,137,39,39,6,0,0
1637865983283,280,Medium,200,OK,true,307512,139,39,39,7,0,0
1637865983058,507,Medium-Large,200,OK,true,512313,139,39,39,6,0,0
1637865982514,1062,Large,200,OK,true,1048891,137,39,39,6,0,0
1637865982562,1023,Large,200,OK,true,1048891,137,39,39,7,0,0
1637865983534,51,Small,200,OK,true,51511,138,39,39,7,0,0
1637865983494,94,Small-Medium,200,OK,true,102713,139,39,39,6,0,0
1637865983101,500,Medium-Large,200,OK,true,512313,139,39,39,7,0,0
1637865983308,303,Medium,200,OK,true,307513,139,39,39,7,0,0
1637865983334,278,Medium,200,OK,true,307513,139,39,39,6,0,0
1637865983335,282,Medium,200,OK,true,307512,139,39,39,7,0,0
1637865983585,51,Small,200,OK,true,51511,138,39,39,6,0,0
1637865983360,284,Medium,200,OK,true,307513,139,39,39,7,0,0
1637865983601,58,Small,200,OK,true,51511,138,39,39,12,0,0
1637865983612,53,Small,200,OK,true,51511,138,39,39,6,0,0
1637865983565,104,Small-Medium,200,OK,true,102713,139,39,39,7,0,0
1637865983579,104,Small-Medium,200,OK,true,102713,139,39,39,6,0,0
1637865983649,51,Small,200,OK,true,51511,138,39,39,7,0,0
1637865982692,1013,Large,200,OK,true,1048891,137,39,39,6,0,0
1637865983237,480,Medium-Large,200,OK,true,512313,139,39,39,6,0,0
1637865982742,1003,Large,200,OK,true,1048891,137,39,39,6,0,0
1637865983461,309,Medium,200,OK,true,307513,139,39,39,6,0,0
1637865983265,508,Medium-Large,200,OK,true,512313,139,39,39,7,0,0
1637865983722,72,Small,200,OK,true,51511,138,39,39,7,0,0
1637865982811,983,Large,200,OK,true,1048891,137,39,39,6,0,0
1637865982817,985,Large,200,OK,true,1048891,137,39,39,6,0,0
1637865983690,113,Small-Medium,200,OK,true,102713,139,39,39,7,0,0
1637865983735,76,Small,200,OK,true,51511,138,39,39,11,0,0
1637865982833,981,Large,200,OK,true,1048891,137,39,39,7,0,0
1637865983769,62,Small,200,OK,true,51510,138,39,39,15,0,0
1637865983757,105,Small-Medium,200,OK,true,102713,139,39,39,13,0,0
1637865982871,992,Large,200,OK,true,1048891,137,39,39,6,0,0
1637865983565,304,Medium,200,OK,true,307513,139,39,39,7,0,0
1637865983770,110,Small-Medium,200,OK,true,102713,139,39,39,7,0,0
1637865983802,93,Small-Medium,200,OK,true,102713,139,39,39,7,0,0
1637865983617,287,Medium,200,OK,true,307512,139,39,39,6,0,0
1637865983403,503,Medium-Large,200,OK,true,512313,139,39,39,6,0,0
1637865983814,93,Small-Medium,200,OK,true,102713,139,39,39,6,0,0
1637865983601,309,Medium,200,OK,true,307513,139,39,39,8,0,0
1637865983863,50,Small,200,OK,true,51511,138,39,39,7,0,0
1637865983611,305,Medium,200,OK,true,307513,139,39,39,6,0,0
1637865983458,481,Medium-Large,200,OK,true,512313,139,39,39,6,0,0
1637865983910,50,Small,200,OK,true,51511,138,39,39,6,0,0
1637865982960,1005,Large,200,OK,true,1048890,137,39,39,6,0,0
1637865982969,1013,Large,200,OK,true,1048891,137,39,39,6,0,0
1637865983966,55,Small,200,OK,true,51510,138,39,39,6,0,0
1637865983971,51,Small,200,OK,true,51511,138,39,39,6,0,0
1637865983925,99,Small-Medium,200,OK,true,102712,139,39,39,6,0,0
1637865982999,1031,Large,200,OK,true,1048891,137,39,39,7,0,0
1637865983927,105,Small-Medium,200,OK,true,102713,139,39,39,6,0,0
1637865983939,99,Small-Medium,200,OK,true,102713,139,39,39,6,0,0
1637865983620,445,Medium-Large,200,OK,true,512313,139,39,39,6,0,0
1637865983982,95,Small-Medium,200,OK,true,102713,139,39,39,6,0,0
1637865983559,518,Medium-Large,200,OK,true,512312,139,39,39,5,0,0
1637865983146,969,Large,200,OK,true,1048891,137,39,39,7,0,0
1637865983645,472,Medium-Large,200,OK,true,512313,139,39,39,6,0,0
1637865984030,91,Small-Medium,200,OK,true,102713,139,39,39,6,0,0
1637865983185,988,Large,200,OK,true,1048891,137,39,39,6,0,0
1637865984081,103,Small-Medium,200,OK,true,102712,139,39,39,6,0,0
1637865983890,304,Medium,200,OK,true,307513,139,39,39,6,0,0
1637865983210,1007,Large,200,OK,true,1048891,137,39,39,6,0,0
1637865983916,303,Medium,200,OK,true,307513,139,39,39,6,0,0
1637865984122,109,Small-Medium,200,OK,true,102712,139,39,39,6,0,0
1637865984126,106,Small-Medium,200,OK,true,102713,139,39,39,15,0,0
1637865984139,101,Small-Medium,200,OK,true,102713,139,39,39,6,0,0
1637865983746,504,Medium-Large,200,OK,true,512313,139,39,39,23,0,0
1637865983773,488,Medium-Large,200,OK,true,512313,139,39,39,6,0,0
1637865983794,478,Medium-Large,200,OK,true,512313,139,39,39,6,0,0
1637865984185,102,Small-Medium,200,OK,true,102713,139,39,39,6,0,0
1637865984237,52,Small,200,OK,true,51510,138,39,39,6,0,0
1637865984019,283,Medium,200,OK,true,307513,139,39,39,6,0,0
1637865983306,1013,Large,200,OK,true,1048891,137,39,39,7,0,0
1637865983320,1017,Large,200,OK,true,1048890,137,39,39,7,0,0
1637865984065,276,Medium,200,OK,true,307513,139,39,39,7,0,0
1637865983869,477,Medium-Large,200,OK,true,512313,139,39,39,6,0,0
1637865984261,102,Small-Medium,200,OK,true,102713,139,39,39,6,0,0
1637865983361,1011,Large,200,OK,true,1048891,137,39,39,7,0,0
1637865984272,102,Small-Medium,200,OK,true,102713,139,39,39,7,0,0
1637865983379,997,Large,200,OK,true,1048891,137,39,39,6,0,0
1637865983914,474,Medium-Large,200,OK,true,512313,139,39,39,6,0,0
1637865984078,317,Medium,200,OK,true,307512,139,39,39,6,0,0
1637865984095,300,Medium,200,OK,true,307513,139,39,39,7,0,0
1637865984083,318,Medium,200,OK,true,307513,139,39,39,7,0,0
1637865984346,56,Small,200,OK,true,51511,138,39,39,7,0,0
1637865984319,103,Small-Medium,200,OK,true,102713,139,39,39,7,0,0
1637865984337,102,Small-Medium,200,OK,true,102712,139,39,39,6,0,0
1637865984388,52,Small,200,OK,true,51511,138,39,39,7,0,0
1637865984395,53,Small,200,OK,true,51511,138,39,39,7,0,0
1637865984417,53,Small,200,OK,true,51511,138,39,39,6,0,0
1637865984393,89,Small-Medium,200,OK,true,102712,139,39,39,6,0,0
1637865983563,938,Large,200,OK,true,1048890,137,39,39,7,0,0
1637865983461,1061,Large,200,OK,true,1048891,137,39,39,6,0,0
1637865984494,52,Small,200,OK,true,51510,138,39,39,6,0,0
1637865983539,1012,Large,200,OK,true,1048891,137,39,39,7,0,0
1637865984066,493,Medium-Large,200,OK,true,512313,139,39,39,7,0,0
1637865984302,296,Medium,200,OK,true,307513,139,39,39,7,0,0
1637865984545,55,Small,200,OK,true,51511,138,39,39,7,0,0
1637865984503,101,Small-Medium,200,OK,true,102713,139,39,39,7,0,0
1637865984341,276,Medium,200,OK,true,307513,139,39,39,7,0,0
1637865983576,1077,Large,200,OK,true,1048891,137,39,39,6,0,0
1637865984598,55,Small,200,OK,true,51511,138,39,39,7,0,0
1637865984551,106,Small-Medium,200,OK,true,102713,139,39,39,7,0,0
1637865984552,108,Small-Medium,200,OK,true,102713,139,39,39,8,0,0
1637865984559,105,Small-Medium,200,OK,true,102713,139,39,39,8,0,0
1637865984372,301,Medium,200,OK,true,307513,139,39,39,6,0,0
1637865984219,487,Medium-Large,200,OK,true,512313,139,39,39,5,0,0
1637865984653,54,Small,200,OK,true,51511,138,39,39,6,0,0
1637865984401,308,Medium,200,OK,true,307513,139,39,39,6,0,0
1637865984617,93,Small-Medium,200,OK,true,102713,139,39,39,6,0,0
1637865984395,315,Medium,200,OK,true,307512,139,39,39,7,0,0
1637865983717,994,Large,200,OK,true,1048891,137,39,39,6,0,0
1637865984217,494,Medium-Large,200,OK,true,512313,139,39,39,7,0,0
1637865984673,53,Small,200,OK,true,51511,138,39,39,6,0,0
1637865983705,1025,Large,200,OK,true,1048891,137,39,39,7,0,0
1637865984250,483,Medium-Large,200,OK,true,512313,139,39,39,7,0,0
1637865984649,96,Small-Medium,200,OK,true,102712,139,39,39,6,0,0
1637865984283,464,Medium-Large,200,OK,true,512313,139,39,39,6,0,0
1637865983741,1013,Large,200,OK,true,1048891,137,39,39,6,0,0
1637865984659,96,Small-Medium,200,OK,true,102713,139,39,39,7,0,0
1637865984716,50,Small,200,OK,true,51511,138,39,39,7,0,0
1637865984475,302,Medium,200,OK,true,307513,139,39,39,8,0,0
1637865984733,48,Small,200,OK,true,51511,138,39,39,7,0,0
1637865984501,287,Medium,200,OK,true,307512,139,39,39,8,0,0
1637865983805,994,Large,200,OK,true,1048891,137,39,39,6,0,0
1637865984712,93,Small-Medium,200,OK,true,102713,139,39,39,7,0,0
1637865984708,105,Small-Medium,200,OK,true,102713,139,39,39,7,0,0
1637865984341,492,Medium-Large,200,OK,true,512313,139,39,39,6,0,0
1637865984747,91,Small-Medium,200,OK,true,102713,139,39,39,6,0,0
1637865983847,1001,Large,200,OK,true,1048891,137,39,39,6,0,0
1637865984805,51,Small,200,OK,true,51475,138,39,39,6,0,0
1637865983904,956,Large,200,OK,true,1048855,137,39,39,6,0,0
1637865984774,96,Small-Medium,200,OK,true,102713,139,39,39,8,0,0
1637865984429,454,Medium-Large,200,OK,true,512313,139,39,39,6,0,0
1637865983878,1014,Large,200,OK,true,1048891,137,39,39,7,0,0
1637865984848,52,Small,200,OK,true,51511,138,39,39,7,0,0
1637865983906,998,Large,200,OK,true,1048891,137,39,39,6,0,0
1637865984861,52,Small,200,OK,true,51512,138,39,39,11,0,5
1637865984865,49,Small,200,OK,true,51511,138,39,39,5,0,0
1637865983958,976,Large,200,OK,true,1048891,137,39,39,6,0,0
1637865984871,100,Small-Medium,200,OK,true,102713,139,39,39,6,0,0
1637865984929,51,Small,200,OK,true,51511,138,39,39,5,0,0
1637865984889,95,Small-Medium,200,OK,true,102713,139,39,39,6,0,0
1637865984934,52,Small,200,OK,true,51511,138,39,39,6,0,0
1637865984904,95,Small-Medium,200,OK,true,102713,139,39,39,6,0,0
1637865984522,482,Medium-Large,200,OK,true,512313,139,39,39,7,0,0
1637865984549,458,Medium-Large,200,OK,true,512312,139,39,39,8,0,0
1637865984754,284,Medium,200,OK,true,307513,139,39,39,7,0,0
1637865985016,52,Small,200,OK,true,51511,138,39,39,6,0,0
1637865985020,53,Small,200,OK,true,51511,138,39,39,5,0,0
1637865984115,960,Large,200,OK,true,1048891,137,39,39,6,0,0
1637865984799,285,Medium,200,OK,true,307513,139,39,39,7,0,0
1637865984809,289,Medium,200,OK,true,307513,139,39,39,6,0,0
1637865984815,286,Medium,200,OK,true,307513,139,39,39,5,0,0
1637865984117,985,Large,200,OK,true,1048891,137,39,39,6,0,0
1637865985007,97,Small-Medium,200,OK,true,102712,139,39,39,5,0,0
1637865984833,286,Medium,200,OK,true,307513,139,39,39,6,0,0
1637865985039,101,Small-Medium,200,OK,true,102713,139,39,39,6,0,0
1637865985090,52,Small,200,OK,true,51511,138,39,39,6,0,0
1637865984173,971,Large,200,OK,true,1048891,137,39,39,6,0,0
1637865985060,98,Small-Medium,200,OK,true,102713,139,39,39,5,0,0
1637865984700,459,Medium-Large,200,OK,true,512313,139,39,39,6,0,0
1637865984706,468,Medium-Large,200,OK,true,512313,139,39,39,7,0,0
1637865985076,101,Small-Medium,200,OK,true,102713,139,39,39,5,0,0
1637865985084,101,Small-Medium,200,OK,true,102713,139,39,39,6,0,0
1637865984194,1009,Large,200,OK,true,1048891,137,39,39,6,0,0
1637865985159,50,Small,200,OK,true,51511,138,39,39,5,0,0
1637865985119,95,Small-Medium,200,OK,true,102713,139,39,39,6,0,0
1637865984755,467,Medium-Large,200,OK,true,512313,139,39,39,7,0,0
1637865984961,276,Medium,200,OK,true,307514,139,39,39,12,0,6
1637865984788,458,Medium-Large,200,OK,true,512312,139,39,39,7,0,0
1637865984777,478,Medium-Large,200,OK,true,512313,139,39,39,7,0,0
1637865984278,984,Large,200,OK,true,1048890,137,39,39,6,0,0
1637865984295,975,Large,200,OK,true,1048891,137,39,39,6,0,0
1637865985174,97,Small-Medium,200,OK,true,102713,139,39,39,5,0,0
1637865985176,96,Small-Medium,200,OK,true,102713,139,39,39,5,0,0
1637865985004,292,Medium,200,OK,true,307513,139,39,39,5,0,0
1637865985204,99,Small-Medium,200,OK,true,102713,139,39,39,5,0,0
1637865985028,291,Medium,200,OK,true,307513,139,39,39,5,0,0
1637865984376,968,Large,200,OK,true,1048891,137,39,39,6,0,0
1637865985296,53,Small,200,OK,true,51511,138,39,39,7,0,0
1637865985085,266,Medium,200,OK,true,307512,139,39,39,6,0,0
1637865985271,100,Small-Medium,200,OK,true,102713,139,39,39,7,0,0
1637865984892,482,Medium-Large,200,OK,true,512313,139,39,39,6,0,0
1637865985330,56,Small,200,OK,true,51511,138,39,39,6,0,0
1637865985102,291,Medium,200,OK,true,307513,139,39,39,6,0,0
1637865985098,306,Medium,200,OK,true,307513,139,39,39,5,0,0
1637865985145,278,Medium,200,OK,true,307512,139,39,39,6,0,0
1637865985374,55,Small,200,OK,true,51511,138,39,39,7,0,0
1637865985163,279,Medium,200,OK,true,307512,139,39,39,7,0,0
1637865985404,56,Small,200,OK,true,51511,138,39,39,6,0,0
1637865985195,298,Medium,200,OK,true,307513,139,39,39,5,0,0
1637865985442,52,Small,200,OK,true,51510,138,39,39,7,0,0
1637865985232,285,Medium,200,OK,true,307513,139,39,39,6,0,0
1637865985222,305,Medium,200,OK,true,307513,139,39,39,13,0,0
1637865985045,492,Medium-Large,200,OK,true,512313,139,39,39,6,0,0
1637865985453,107,Small-Medium,200,OK,true,102713,139,39,39,7,0,0
1637865985255,307,Medium,200,OK,true,307513,139,39,39,6,0,0
1637865985262,307,Medium,200,OK,true,307512,139,39,39,6,0,0
1637865984573,998,Large,200,OK,true,1048891,137,39,39,6,0,0
1637865985527,53,Small,200,OK,true,51511,138,39,39,6,0,0
1637865985102,486,Medium-Large,200,OK,true,512313,139,39,39,9,0,0
1637865985538,53,Small,200,OK,true,51511,138,39,39,6,0,0
1637865985517,93,Small-Medium,200,OK,true,102713,139,39,39,7,0,0
1637865985562,53,Small,200,OK,true,51511,138,39,39,6,0,0
1637865985319,303,Medium,200,OK,true,307513,139,39,39,6,0,0
1637865985531,99,Small-Medium,200,OK,true,102713,139,39,39,6,0,0
1637865985332,306,Medium,200,OK,true,307513,139,39,39,6,0,0
1637865985609,52,Small,200,OK,true,51511,138,39,39,7,0,0
1637865985561,108,Small-Medium,200,OK,true,102713,139,39,39,7,0,0
1637865984711,976,Large,200,OK,true,1048891,137,39,39,9,0,0
1637865985598,89,Small-Medium,200,OK,true,102677,139,39,39,6,0,0
1637865984708,988,Large,200,OK,true,1048891,137,39,39,7,0,0
1637865984730,978,Large,200,OK,true,1048891,137,39,39,7,0,0
1637865985247,461,Medium-Large,200,OK,true,512312,139,39,39,9,0,0
1637865984709,1001,Large,200,OK,true,1048891,137,39,39,7,0,0
1637865985426,286,Medium,200,OK,true,307513,139,39,39,6,0,0
1637865985622,94,Small-Medium,200,OK,true,102713,139,39,39,6,0,0
1637865985246,475,Medium-Large,200,OK,true,512313,139,39,39,7,0,0
1637865984711,1010,Large,200,OK,true,1048890,137,39,39,9,0,0
1637865985683,108,Small-Medium,200,OK,true,102713,139,39,39,6,0,0
1637865985693,105,Small-Medium,200,OK,true,102713,139,39,39,8,0,0
1637865985708,108,Small-Medium,200,OK,true,102713,139,39,39,9,0,0
1637865985712,106,Small-Medium,200,OK,true,102713,139,39,39,6,0,0
1637865985351,468,Medium-Large,200,OK,true,512312,139,39,39,7,0,0
1637865984828,999,Large,200,OK,true,1048891,137,39,39,8,0,0
1637865985717,111,Small-Medium,200,OK,true,102713,139,39,39,6,0,0
1637865984883,961,Large,200,OK,true,1048891,137,39,39,6,0,0
1637865984903,956,Large,200,OK,true,1048891,137,39,39,5,0,0
1637865984867,998,Large,200,OK,true,1048891,137,39,39,6,0,0
1637865985765,106,Small-Medium,200,OK,true,102713,139,39,39,5,0,0
1637865985571,302,Medium,200,OK,true,307513,139,39,39,6,0,0
1637865985393,481,Medium-Large,200,OK,true,512313,139,39,39,7,0,0
1637865985423,485,Medium-Large,200,OK,true,512312,139,39,39,6,0,0
1637865985493,498,Medium-Large,200,OK,true,512313,139,39,39,6,0,0
1637865985687,311,Medium,200,OK,true,307513,139,39,39,5,0,0
1637865985908,111,Small-Medium,200,OK,true,102712,139,39,39,6,0,0
1637865985005,1016,Large,200,OK,true,1048891,137,39,39,6,0,0
1637865985921,115,Small-Medium,200,OK,true,102713,139,39,39,6,0,0
1637865985721,318,Medium,200,OK,true,307513,139,39,39,7,0,0
1637865985991,56,Small,200,OK,true,51511,138,39,39,6,0,0
1637865985569,507,Medium-Large,200,OK,true,512312,139,39,39,6,0,0
1637865985754,333,Medium,200,OK,true,307514,139,39,39,14,0,6
1637865985998,103,Small-Medium,200,OK,true,102713,139,39,39,7,0,0
1637865985819,286,Medium,200,OK,true,307512,139,39,39,7,0,0
1637865986021,102,Small-Medium,200,OK,true,102713,139,39,39,7,0,0
1637865986039,103,Small-Medium,200,OK,true,102713,139,39,39,6,0,0
1637865985638,507,Medium-Large,200,OK,true,512313,139,39,39,6,0,0
1637865985844,310,Medium,200,OK,true,307513,139,39,39,7,0,0
1637865985850,314,Medium,200,OK,true,307513,139,39,39,6,0,0
1637865986064,100,Small-Medium,200,OK,true,102712,139,39,39,6,0,0
1637865985172,993,Large,200,OK,true,1048891,137,39,39,7,0,0
1637865985673,504,Medium-Large,200,OK,true,512313,139,39,39,6,0,0
1637865985873,315,Medium,200,OK,true,307513,139,39,39,6,0,0
1637865985696,504,Medium-Large,200,OK,true,512313,139,39,39,7,0,0
1637865986105,102,Small-Medium,200,OK,true,102712,139,39,39,7,0,0
1637865986164,56,Small,200,OK,true,51511,138,39,39,6,0,0
1637865985721,525,Medium-Large,200,OK,true,512312,139,39,39,10,0,0
1637865985216,1031,Large,200,OK,true,1048890,137,39,39,6,0,0
1637865985237,1012,Large,200,OK,true,1048891,137,39,39,6,0,0
1637865986155,106,Small-Medium,200,OK,true,102713,139,39,39,7,0,0
1637865985241,1030,Large,200,OK,true,1048891,137,39,39,7,0,0
1637865986177,109,Small-Medium,200,OK,true,102713,139,39,39,6,0,0
1637865985778,519,Medium-Large,200,OK,true,512313,139,39,39,6,0,0
1637865985315,996,Large,200,OK,true,1048891,137,39,39,6,0,0
1637865985275,1039,Large,200,OK,true,1048891,137,39,39,6,0,0
1637865985827,507,Medium-Large,200,OK,true,512313,139,39,39,7,0,0
1637865985859,499,Medium-Large,200,OK,true,512313,139,39,39,6,0,0
1637865985344,1025,Large,200,OK,true,1048891,137,39,39,6,0,0
1637865986271,103,Small-Medium,200,OK,true,102713,139,39,39,9,0,0
1637865985868,507,Medium-Large,200,OK,true,512313,139,39,39,6,0,0
1637865986314,61,Small,200,OK,true,51511,138,39,39,12,0,0
1637865985874,508,Medium-Large,200,OK,true,512313,139,39,39,7,0,0
1637865985865,520,Medium-Large,200,OK,true,512313,139,39,39,7,0,0
1637865986334,55,Small,200,OK,true,51511,138,39,39,6,0,0
1637865985873,519,Medium-Large,200,OK,true,512313,139,39,39,6,0,0
1637865986297,96,Small-Medium,200,OK,true,102713,139,39,39,6,0,0
1637865985360,1069,Large,200,OK,true,1048891,137,39,39,6,0,0
1637865986333,100,Small-Medium,200,OK,true,102713,139,39,39,6,0,0
1637865986145,322,Medium,200,OK,true,307513,139,39,39,7,0,0
1637865986146,328,Medium,200,OK,true,307513,139,39,39,7,0,0
1637865986382,103,Small-Medium,200,OK,true,102713,139,39,39,7,0,0
1637865986429,72,Small,200,OK,true,51511,138,39,39,6,0,0
1637865985485,1036,Large,200,OK,true,1048891,137,39,39,7,0,0
1637865986220,308,Medium,200,OK,true,307512,139,39,39,7,0,0
1637865986489,55,Small,200,OK,true,51511,138,39,39,6,0,0
1637865986248,298,Medium,200,OK,true,307512,139,39,39,7,0,0
1637865986453,103,Small-Medium,200,OK,true,102713,139,40,40,6,0,0
1637865986467,106,Small-Medium,200,OK,true,102713,139,40,40,6,0,0
1637865986521,55,Small,200,OK,true,51511,138,40,40,6,0,0
1637865985588,1000,Large,200,OK,true,1048891,137,40,40,6,0,0
1637865986076,513,Medium-Large,200,OK,true,512312,139,40,40,7,0,0
1637865986076,518,Medium-Large,200,OK,true,512313,139,40,40,6,0,0
1637865986087,534,Medium-Large,200,OK,true,512313,139,40,40,7,0,0
1637865986528,103,Small-Medium,200,OK,true,102712,139,40,40,7,0,0
1637865986166,499,Medium-Large,200,OK,true,512313,139,40,40,7,0,0
1637865986154,520,Medium-Large,200,OK,true,512313,139,40,40,7,0,0
1637865986177,504,Medium-Large,200,OK,true,512313,139,40,40,6,0,0
1637865986200,482,Medium-Large,200,OK,true,512313,139,40,40,6,0,0
1637865986195,492,Medium-Large,200,OK,true,512313,139,40,40,6,0,0
1637865986589,105,Small-Medium,200,OK,true,102712,139,40,40,7,0,0
1637865986588,107,Small-Medium,200,OK,true,102713,139,40,40,7,0,0
1637865986595,111,Small-Medium,200,OK,true,102713,139,40,40,7,0,0
1637865986393,322,Medium,200,OK,true,307513,139,40,40,6,0,0
1637865985687,1033,Large,200,OK,true,1048891,137,40,40,7,0,0
1637865985709,1018,Large,200,OK,true,1048890,137,40,40,5,0,0
1637865986688,51,Small,200,OK,true,51511,138,40,40,5,0,0
1637865986716,54,Small,200,OK,true,51511,138,40,40,6,0,0
1637865986471,309,Medium,200,OK,true,307513,139,40,40,5,0,0
1637865985718,1065,Large,200,OK,true,1048891,137,40,40,6,0,0
1637865986474,310,Medium,200,OK,true,307513,139,40,40,6,0,0
1637865986682,104,Small-Medium,200,OK,true,102713,139,40,40,7,0,0
1637865985710,1089,Large,200,OK,true,1048891,137,40,40,8,0,0
1637865986748,51,Small,200,OK,true,51511,138,40,40,6,0,0
1637865986491,310,Medium,200,OK,true,307513,139,40,40,6,0,0
1637865986311,502,Medium-Large,200,OK,true,512313,139,40,40,7,0,0
1637865986755,60,Small,200,OK,true,51511,138,40,40,6,0,0
1637865986320,498,Medium-Large,200,OK,true,512313,139,40,40,7,0,0
1637865986784,53,Small,200,OK,true,51511,138,40,40,6,0,0
1637865986813,51,Small,200,OK,true,51511,138,40,40,8,0,0
1637865985839,1028,Large,200,OK,true,1048891,137,40,40,6,0,0
1637865986369,505,Medium-Large,200,OK,true,512313,139,40,40,6,0,0
1637865986386,505,Medium-Large,200,OK,true,512313,139,40,40,5,0,0
1637865986801,97,Small-Medium,200,OK,true,102713,139,40,40,5,0,0
1637865986613,294,Medium,200,OK,true,307513,139,40,40,7,0,0
1637865985865,1053,Large,200,OK,true,1048891,137,40,40,7,0,0
1637865986627,294,Medium,200,OK,true,307513,139,40,40,6,0,0
1637865986874,49,Small,200,OK,true,51511,138,40,40,7,0,0
1637865986876,57,Small,200,OK,true,51511,138,40,40,8,0,0
1637865986847,87,Small-Medium,200,OK,true,102713,139,40,40,8,0,0
1637865986665,282,Medium,200,OK,true,307513,139,40,40,7,0,0
1637865986681,266,Medium,200,OK,true,307513,139,40,40,7,0,0
1637865986918,53,Small,200,OK,true,51511,138,40,40,8,0,0
1637865986554,446,Medium-Large,200,OK,true,512314,139,40,40,14,0,6
1637865986674,376,Medium,200,OK,true,307513,139,40,40,7,0,0
1637865986973,104,Small-Medium,200,OK,true,102713,139,40,40,8,0,0
1637865986261,871,Large,200,OK,true,1048890,137,40,40,9,0,0
1637865986868,265,Medium,200,OK,true,307513,139,40,40,8,0,0
1637865986908,248,Medium,200,OK,true,307513,139,40,40,7,0,0
1637865987132,28,Small,200,OK,true,51510,138,40,40,9,0,0
1637865987078,124,Small-Medium,200,OK,true,102713,139,40,40,8,0,0
1637865987157,63,Small,200,OK,true,51511,138,40,40,9,0,0
1637865986585,639,Medium-Large,200,OK,true,512313,139,40,40,6,0,0
1637865986721,504,Medium-Large,200,OK,true,512313,139,40,40,6,0,0
1637865986947,284,Medium,200,OK,true,307513,139,40,40,9,0,0
1637865986249,988,Large,200,OK,true,1048891,137,40,40,7,0,0
1637865986312,932,Large,200,OK,true,1048891,137,40,40,15,0,0
1637865987133,129,Small-Medium,200,OK,true,102713,139,40,40,9,0,0
1637865986749,531,Medium-Large,200,OK,true,512277,139,40,40,6,0,0
1637865987231,53,Small,200,OK,true,51511,138,40,40,9,0,0
1637865986622,669,Medium-Large,200,OK,true,512313,139,40,40,6,0,0
1637865987244,50,Small,200,OK,true,51511,138,40,40,24,0,0
1637865986358,938,Large,200,OK,true,1048891,137,40,40,6,0,0
1637865987008,292,Medium,200,OK,true,307513,139,40,40,8,0,0
1637865987237,70,Small,200,OK,true,51511,138,40,40,26,0,0
1637865987292,23,Small,200,OK,true,51510,138,40,40,9,0,0
1637865986375,993,Large,200,OK,true,1048891,137,40,40,6,0,0
1637865986799,614,Medium-Large,200,OK,true,512313,139,40,40,6,0,0
1637865987391,51,Small,200,OK,true,51511,138,40,40,8,0,0
1637865987369,88,Small-Medium,200,OK,true,102713,139,40,40,8,0,0
1637865987405,55,Small,200,OK,true,51511,138,40,40,9,0,0
1637865986921,545,Medium-Large,200,OK,true,512313,139,40,40,7,0,0
1637865986188,1280,Large,200,OK,true,1048891,137,40,40,7,0,0
1637865986538,947,Large,200,OK,true,1048891,137,40,40,7,0,0
1637865986427,1075,Large,200,OK,true,1048891,137,40,40,6,0,0
1637865986961,563,Medium-Large,200,OK,true,512313,139,40,40,7,0,0
1637865987225,306,Medium,200,OK,true,307513,139,40,40,8,0,0
1637865987237,301,Medium,200,OK,true,307513,139,40,40,7,0,0
1637865987469,74,Small,200,OK,true,51511,138,40,40,7,0,0
1637865987134,412,Medium-Large,200,OK,true,512313,139,40,40,8,0,0
1637865987413,134,Small-Medium,200,OK,true,102713,139,40,40,10,0,0
1637865986727,826,Large,200,OK,true,1048890,137,40,40,6,0,0
1637865987467,103,Small-Medium,200,OK,true,102713,139,40,40,6,0,0
1637865986247,1325,Large,200,OK,true,1048890,137,40,40,7,0,0
1637865986689,900,Large,200,OK,true,1048890,137,40,40,6,0,0
1637865987565,47,Small,200,OK,true,51511,138,40,40,9,0,0
1637865987538,84,Small-Medium,200,OK,true,102713,139,40,40,9,0,0
1637865986547,1081,Large,200,OK,true,1048890,137,40,40,7,0,0
1637865987551,80,Small-Medium,200,OK,true,102713,139,40,40,9,0,0
1637865987050,584,Medium-Large,200,OK,true,512313,139,40,40,8,0,0
1637865987452,184,Medium,200,OK,true,307512,139,40,40,8,0,0
1637865987553,87,Small-Medium,200,OK,true,102712,139,40,40,9,0,0
1637865987572,78,Small,200,OK,true,51510,138,40,40,8,0,0
1637865987296,373,Medium-Large,200,OK,true,512313,139,40,40,7,0,0
1637865987634,62,Small,200,OK,true,51511,138,40,40,8,0,0
1637865987629,104,Small-Medium,200,OK,true,102712,139,40,40,8,0,0
1637865987036,707,Medium-Large,200,OK,true,512313,139,40,40,9,0,0
1637865986681,1078,Large,200,OK,true,1048891,137,40,40,5,0,0
1637865986818,946,Large,200,OK,true,1048891,137,40,40,7,0,0
1637865987724,49,Small,200,OK,true,51511,138,40,40,8,0,0
1637865987546,228,Medium,200,OK,true,307513,139,40,40,9,0,0
1637865987317,460,Medium-Large,200,OK,true,512313,139,40,40,7,0,0
1637865987629,153,Small-Medium,200,OK,true,102713,139,40,40,9,0,0
1637865986842,952,Large,200,OK,true,1048891,137,40,40,8,0,0
1637865987731,73,Small,200,OK,true,51510,138,40,40,8,0,0
1637865987765,47,Small,200,OK,true,51511,138,40,40,7,0,0
1637865987699,116,Small-Medium,200,OK,true,102713,139,40,40,9,0,0
1637865987774,45,Small,200,OK,true,51510,138,40,40,8,0,0
1637865987503,329,Medium,200,OK,true,307513,139,40,40,8,0,0
1637865987531,308,Medium,200,OK,true,307513,139,40,40,9,0,0
1637865987794,46,Small,200,OK,true,51511,138,40,40,8,0,0
1637865987000,840,Large,200,OK,true,1048891,137,40,40,8,0,0
1637865986947,899,Large,200,OK,true,1048891,137,40,40,8,0,0
1637865987524,327,Medium,200,OK,true,307513,139,40,40,10,0,0
1637865987777,97,Small-Medium,200,OK,true,102713,139,40,40,8,0,0
1637865987840,47,Small,200,OK,true,51511,138,40,40,8,0,0
1637865987281,633,Medium-Large,200,OK,true,512314,139,40,40,17,0,8
1637865987884,50,Small,200,OK,true,51511,138,40,40,9,0,0
1637865987225,713,Medium-Large,200,OK,true,512313,139,40,40,8,0,0
1637865987858,90,Small-Medium,200,OK,true,102713,139,40,40,8,0,0
1637865987713,238,Medium,200,OK,true,307477,139,40,40,9,0,0
1637865987712,239,Medium,200,OK,true,307513,139,40,40,7,0,0
1637865987851,102,Small-Medium,200,OK,true,102713,139,40,40,8,0,0
1637865986892,1077,Large,200,OK,true,1048891,137,40,40,7,0,0
1637865986907,1069,Large,200,OK,true,1048891,137,40,40,7,0,0
1637865987590,392,Medium-Large,200,OK,true,512312,139,40,40,8,0,0
1637865987529,460,Medium-Large,200,OK,true,512313,139,40,40,9,0,0
1637865986645,1352,Large,200,OK,true,1048891,137,40,40,7,0,0
1637865987034,980,Large,200,OK,true,1048891,137,40,40,8,0,0
1637865987951,77,Small-Medium,200,OK,true,102713,139,40,40,8,0,0
1637865987983,46,Small,200,OK,true,51510,138,40,40,9,0,0
1637865987954,83,Small-Medium,200,OK,true,102713,139,40,40,8,0,0
1637865987892,149,Small-Medium,200,OK,true,102712,139,40,40,8,0,0
1637865987989,80,Small-Medium,200,OK,true,102713,139,40,40,9,0,0
1637865987300,770,Large,200,OK,true,1048891,137,40,40,8,0,0
1637865987846,224,Medium,200,OK,true,307513,139,40,40,8,0,0
1637865987759,313,Medium,200,OK,true,307513,139,40,40,8,0,0
1637865988011,65,Small,200,OK,true,51511,138,40,40,7,0,0
1637865986945,1138,Large,200,OK,true,1048891,137,40,40,8,0,0
1637865987938,151,Small-Medium,200,OK,true,102713,139,40,40,9,0,0
1637865988044,53,Small,200,OK,true,51511,138,40,40,9,0,0
1637865988001,97,Small-Medium,200,OK,true,102713,139,40,40,10,0,0
1637865986784,1314,Large,200,OK,true,1048891,137,40,40,6,0,0
1637865987840,271,Medium,200,OK,true,307513,139,40,40,7,0,0
1637865986780,1343,Large,200,OK,true,1048891,137,40,40,6,0,0
1637865988052,73,Small,200,OK,true,51475,138,40,40,8,0,0
1637865988072,61,Small,200,OK,true,51511,138,40,40,9,0,0
1637865988070,68,Small-Medium,200,OK,true,102713,139,40,40,9,0,0
1637865987293,855,Large,200,OK,true,1048891,137,40,40,8,0,0
1637865988099,61,Small,200,OK,true,51511,138,40,40,7,0,0
1637865987637,530,Large,200,OK,true,1048890,137,40,40,10,0,0
1637865987937,234,Medium,200,OK,true,307513,139,40,40,8,0,0
1637865986915,1262,Large,200,OK,true,1048891,137,40,40,7,0,0
1637865988112,92,Small-Medium,200,OK,true,102713,139,40,40,8,0,0
1637865987790,419,Medium,200,OK,true,307513,139,40,40,8,0,0
1637865988171,62,Small,200,OK,true,51511,138,40,40,10,0,0
1637865987951,292,Medium,200,OK,true,307514,139,40,40,16,0,8
1637865987969,323,Medium,200,OK,true,307513,139,40,40,8,0,0
1637865988243,52,Small,200,OK,true,51511,138,40,40,8,0,0
1637865987934,391,Medium-Large,200,OK,true,512312,139,40,40,8,0,0
1637865987485,849,Large,200,OK,true,1048891,137,40,40,8,0,0
1637865988015,323,Medium,200,OK,true,307513,139,40,40,8,0,0
1637865988212,162,Small-Medium,200,OK,true,102714,139,40,40,17,0,9
1637865988272,104,Small-Medium,200,OK,true,102713,139,40,40,8,0,0
1637865988333,45,Small,200,OK,true,51511,138,40,40,6,0,0
1637865988338,105,Small-Medium,200,OK,true,102713,139,40,40,9,0,0
1637865987669,782,Large,200,OK,true,1048891,137,40,40,8,0,0
1637865988148,304,Medium,200,OK,true,307513,139,40,40,9,0,0
1637865987914,541,Medium-Large,200,OK,true,512313,139,40,40,10,0,0
1637865988171,289,Medium,200,OK,true,307513,139,40,40,9,0,0
1637865988167,331,Medium-Large,200,OK,true,512277,139,40,40,9,0,0
1637865988452,47,Small,200,OK,true,51511,138,40,40,9,0,0
1637865987976,538,Medium-Large,200,OK,true,512313,139,40,40,9,0,0
1637865988460,82,Small-Medium,200,OK,true,102713,139,40,40,8,0,0
1637865988110,439,Medium-Large,200,OK,true,512313,139,40,40,8,0,0
1637865988232,325,Medium,200,OK,true,307513,139,40,40,9,0,0
1637865987291,1280,Large,200,OK,true,1048891,137,40,40,10,0,0
1637865988498,84,Small,200,OK,true,51512,138,40,40,17,0,9
1637865988148,455,Medium-Large,200,OK,true,512313,139,40,40,9,0,0
1637865988403,207,Medium,200,OK,true,307513,139,40,40,8,0,0
1637865988557,55,Small,200,OK,true,51511,138,40,40,8,0,0
1637865988334,285,Medium,200,OK,true,307513,139,40,40,5,0,0
1637865988603,49,Small,200,OK,true,51511,138,40,40,9,0,0
1637865987627,1074,Large,200,OK,true,1048891,137,40,40,8,0,0
1637865988619,110,Small-Medium,200,OK,true,102713,139,40,40,9,0,0
1637865988455,309,Medium,200,OK,true,307513,139,40,40,7,0,0
1637865988177,606,Medium-Large,200,OK,true,512313,139,40,40,9,0,0
1637865988083,701,Medium-Large,200,OK,true,512313,139,40,40,9,0,0
1637865988550,260,Medium,200,OK,true,307513,139,40,40,11,0,0
1637865988292,522,Medium-Large,200,OK,true,512313,139,40,40,10,0,0
1637865987573,1242,Large,200,OK,true,1048891,137,40,40,9,0,0
1637865987398,1419,Large,200,OK,true,1048891,137,40,40,7,0,0
1637865987743,1094,Large,200,OK,true,1048891,137,40,40,9,0,0
1637865988018,832,Large,200,OK,true,1048891,137,40,40,8,0,0
1637865988451,401,Medium-Large,200,OK,true,512313,139,40,40,8,0,0
1637865988374,490,Medium-Large,200,OK,true,512313,139,40,40,7,0,0
1637865987789,1080,Large,200,OK,true,1048890,137,40,40,6,0,0
1637865988764,115,Small-Medium,200,OK,true,102713,139,40,40,8,0,0
1637865988431,461,Medium-Large,200,OK,true,512313,139,40,40,7,0,0
1637865988850,53,Small,200,OK,true,51511,138,40,40,7,0,0
1637865988810,93,Small-Medium,200,OK,true,102713,139,40,40,9,0,0
1637865987924,981,Large,200,OK,true,1048891,137,40,40,9,0,0
1637865987832,1076,Large,200,OK,true,1048891,137,40,40,8,0,0
1637865988817,109,Small-Medium,200,OK,true,102713,139,40,40,6,0,0
1637865988070,865,Large,200,OK,true,1048891,137,40,40,9,0,0
1637865988905,44,Small,200,OK,true,51511,138,40,40,8,0,0
1637865988815,135,Small-Medium,200,OK,true,102713,139,40,40,8,0,0
1637865988499,466,Medium-Large,200,OK,true,512313,139,40,40,8,0,0
1637865988143,838,Large,200,OK,true,1048855,137,40,40,8,0,0
1637865988925,63,Small,200,OK,true,51511,138,40,40,7,0,0
1637865988610,386,Medium-Large,200,OK,true,512313,139,40,40,7,0,0
1637865988718,301,Medium,200,OK,true,307513,139,40,40,8,0,0
1637865988205,814,Large,200,OK,true,1048891,137,40,40,8,0,0
1637865988161,866,Large,200,OK,true,1048891,137,40,40,7,0,0
1637865988971,58,Small,200,OK,true,51511,138,40,40,8,0,0
1637865988114,933,Large,200,OK,true,1048891,137,40,40,9,0,0
1637865988965,94,Small-Medium,200,OK,true,102713,139,40,40,8,0,0
1637865988981,94,Small-Medium,200,OK,true,102714,139,40,40,16,0,8
1637865988620,461,Medium-Large,200,OK,true,512313,139,40,40,9,0,0
1637865988230,853,Large,200,OK,true,1048891,137,40,40,9,0,0
1637865988852,244,Medium,200,OK,true,307513,139,40,40,8,0,0
1637865989018,83,Small-Medium,200,OK,true,102713,139,40,40,9,0,0
1637865988785,337,Medium,200,OK,true,307513,139,40,40,7,0,0
1637865987998,1130,Large,200,OK,true,1048891,137,40,40,8,0,0
1637865987794,1354,Large,200,OK,true,1048891,137,40,40,8,0,0
1637865989122,57,Small,200,OK,true,51511,138,40,40,7,0,0
1637865988935,259,Medium,200,OK,true,307513,139,40,40,8,0,0
1637865988123,1082,Large,200,OK,true,1048891,137,40,40,9,0,0
1637865988702,511,Medium-Large,200,OK,true,512313,139,40,40,8,0,0
1637865989131,83,Small-Medium,200,OK,true,102713,139,40,40,8,0,0
1637865988658,558,Medium-Large,200,OK,true,512313,139,40,40,7,0,0
1637865988780,440,Medium-Large,200,OK,true,512313,139,40,40,5,0,0
1637865988764,461,Medium-Large,200,OK,true,512313,139,40,40,8,0,0
1637865988325,906,Large,200,OK,true,1048890,137,40,40,9,0,0
1637865988996,240,Medium,200,OK,true,307513,139,40,40,7,0,0
1637865989149,106,Small-Medium,200,OK,true,102713,139,40,40,8,0,0
1637865989216,41,Small,200,OK,true,51511,138,40,40,8,0,0
1637865989213,46,Small,200,OK,true,51511,138,40,40,8,0,0
1637865989027,249,Medium,200,OK,true,307513,139,40,40,7,0,0
1637865989194,98,Small-Medium,200,OK,true,102713,139,40,40,8,0,0
1637865988259,1060,Large,200,OK,true,1048891,137,40,40,9,0,0
1637865988814,517,Medium-Large,200,OK,true,512313,139,40,40,8,0,0
1637865989066,268,Medium,200,OK,true,307513,139,40,40,7,0,0
1637865989276,60,Small,200,OK,true,51511,138,40,40,9,0,0
1637865989141,246,Medium,200,OK,true,307513,139,40,40,10,0,0
1637865988869,532,Medium-Large,200,OK,true,512312,139,40,40,9,0,0
1637865989308,120,Small-Medium,200,OK,true,102713,139,40,40,9,0,0
1637865989334,98,Small-Medium,200,OK,true,102713,139,40,40,7,0,0
1637865989128,311,Medium,200,OK,true,307513,139,40,40,9,0,0
1637865989236,223,Medium,200,OK,true,307513,139,40,40,9,0,0
1637865989401,62,Small,200,OK,true,51510,138,40,40,8,0,0
1637865989354,109,Small-Medium,200,OK,true,102713,139,40,40,7,0,0
1637865989373,99,Small-Medium,200,OK,true,102713,139,40,40,8,0,0
1637865989097,382,Medium-Large,200,OK,true,512313,139,40,40,7,0,0
1637865989225,281,Medium,200,OK,true,307513,139,40,40,8,0,0
1637865988612,895,Large,200,OK,true,1048891,137,40,40,8,0,0
1637865989083,429,Medium-Large,200,OK,true,512313,139,40,40,7,0,0
1637865989019,504,Medium-Large,200,OK,true,512313,139,40,40,9,0,0
1637865988099,1431,Large,200,OK,true,1048891,137,40,40,8,0,0
1637865988491,1061,Large,200,OK,true,1048891,137,40,40,8,0,0
1637865988514,1044,Large,200,OK,true,1048891,137,40,40,8,0,0
1637865989512,90,Small-Medium,200,OK,true,102713,139,40,40,8,0,0
1637865989170,443,Medium-Large,200,OK,true,512313,139,40,40,9,0,0
1637865989124,491,Medium-Large,200,OK,true,512313,139,40,40,8,0,0
1637865989553,66,Small,200,OK,true,51511,138,40,40,9,0,0
1637865989561,63,Small,200,OK,true,51510,138,40,40,8,0,0
1637865989514,114,Small-Medium,200,OK,true,102713,139,40,40,8,0,0
1637865989533,113,Small-Medium,200,OK,true,102713,139,40,40,9,0,0
1637865989615,47,Small,200,OK,true,51511,138,40,40,7,0,0
1637865989220,448,Medium-Large,200,OK,true,512313,139,40,40,9,0,0
1637865988209,1463,Large,200,OK,true,1048891,137,40,40,9,0,0
1637865989530,145,Small-Medium,200,OK,true,102713,139,40,40,7,0,0
1637865989231,463,Medium-Large,200,OK,true,512312,139,40,40,11,0,0
1637865989460,236,Medium,200,OK,true,307513,139,40,40,7,0,0
1637865988865,847,Large,200,OK,true,1048891,137,40,40,7,0,0
1637865989206,536,Medium-Large,200,OK,true,512313,139,40,40,7,0,0
1637865989695,50,Small,200,OK,true,51510,138,40,40,8,0,0
1637865989668,82,Small-Medium,200,OK,true,102713,139,40,40,9,0,0
1637865989697,54,Small,200,OK,true,51511,138,40,40,9,0,0
1637865989712,47,Small,200,OK,true,51511,138,40,40,8,0,0
1637865989507,265,Medium,200,OK,true,307513,139,40,40,8,0,0
1637865989387,403,Medium-Large,200,OK,true,512313,139,40,40,9,0,0
1637865989467,329,Medium,200,OK,true,307513,139,40,40,7,0,0
1637865989375,430,Medium-Large,200,OK,true,512313,139,40,40,10,0,0
1637865989506,304,Medium,200,OK,true,307513,139,40,40,8,0,0
1637865989019,797,Large,200,OK,true,1048891,137,40,40,8,0,0
1637865989721,99,Small-Medium,200,OK,true,102712,139,40,40,7,0,0
1637865988571,1263,Large,200,OK,true,1048891,137,40,40,10,0,0
1637865989331,504,Medium-Large,200,OK,true,512313,139,40,40,8,0,0
1637865989319,519,Medium-Large,200,OK,true,512313,139,40,40,9,0,0
1637865988892,947,Large,200,OK,true,1048891,137,40,40,9,0,0
1637865989436,412,Medium-Large,200,OK,true,512313,139,40,40,8,0,0
1637865989742,109,Small-Medium,200,OK,true,102713,139,40,40,10,0,0
1637865989558,312,Medium,200,OK,true,307513,139,40,40,10,0,0
1637865989790,82,Small-Medium,200,OK,true,102713,139,40,40,11,0,0
1637865989613,270,Medium,200,OK,true,307513,139,40,40,8,0,0
1637865989840,47,Small,200,OK,true,51511,138,40,40,9,0,0
1637865989836,59,Small,200,OK,true,51511,138,40,40,8,0,0
1637865989857,46,Small,200,OK,true,51511,138,40,40,8,0,0
1637865989796,116,Small-Medium,200,OK,true,102713,139,40,40,8,0,0
1637865989282,639,Medium-Large,200,OK,true,512313,139,40,40,8,0,0
1637865989828,96,Small-Medium,200,OK,true,102713,139,40,40,9,0,0
1637865989081,861,Large,200,OK,true,1048891,137,40,40,8,0,0
1637865989047,906,Large,200,OK,true,1048891,137,40,40,9,0,0
1637865988837,1118,Large,200,OK,true,1048891,137,40,40,7,0,0
1637865989494,464,Medium-Large,200,OK,true,512313,139,40,40,7,0,0
1637865989870,103,Small-Medium,200,OK,true,102713,139,40,40,8,0,0
1637865988909,1079,Large,200,OK,true,1048891,137,40,40,7,0,0
1637865989953,44,Small,200,OK,true,51511,138,40,40,8,0,0
1637865989949,57,Small,200,OK,true,51511,138,40,40,8,0,0
1637865989694,323,Medium,200,OK,true,307513,139,40,40,9,0,0
1637865989921,107,Small-Medium,200,OK,true,102713,139,40,40,9,0,0
1637865989523,517,Medium-Large,200,OK,true,512313,139,40,40,9,0,0
1637865989988,55,Small,200,OK,true,51511,138,40,40,9,0,0
1637865989958,92,Small-Medium,200,OK,true,102713,139,40,40,8,0,0
1637865988977,1080,Large,200,OK,true,1048891,137,40,40,6,0,0
1637865989775,289,Medium,200,OK,true,307513,139,40,40,8,0,0
1637865989674,404,Medium-Large,200,OK,true,512313,139,40,40,9,0,0
1637865989988,94,Small-Medium,200,OK,true,102713,139,40,40,8,0,0
1637865989290,796,Large,200,OK,true,1048891,137,40,40,8,0,0
1637865989872,220,Medium,200,OK,true,307513,139,40,40,10,0,0
1637865989855,239,Medium,200,OK,true,307512,139,40,40,7,0,0
1637865990064,52,Small,200,OK,true,51511,138,40,40,8,0,0
1637865990017,107,Small-Medium,200,OK,true,102713,139,40,40,9,0,0
1637865988975,1183,Large,200,OK,true,1048891,137,40,40,8,0,0
1637865990086,85,Small-Medium,200,OK,true,102713,139,40,40,10,0,0
1637865989085,1112,Large,200,OK,true,1048891,137,40,40,7,0,0
1637865988783,1422,Large,200,OK,true,1048891,137,40,40,8,0,0
1637865989942,269,Medium,200,OK,true,307513,139,40,40,8,0,0
1637865989772,449,Medium-Large,200,OK,true,512313,139,40,40,8,0,0
1637865989848,387,Medium-Large,200,OK,true,512313,139,40,40,9,0,0
1637865990118,117,Small-Medium,200,OK,true,102713,139,40,40,9,0,0
1637865989956,330,Medium,200,OK,true,307513,139,40,40,8,0,0
1637865989479,823,Large,200,OK,true,1048891,137,40,40,8,0,0
1637865989996,316,Medium,200,OK,true,307513,139,40,40,8,0,0
1637865990246,71,Small,200,OK,true,51511,138,40,40,8,0,0
1637865990078,248,Medium,200,OK,true,307513,139,40,40,9,0,0
1637865990221,106,Small-Medium,200,OK,true,102713,139,40,40,8,0,0
1637865990278,61,Small,200,OK,true,51511,138,40,40,7,0,0
1637865990040,305,Medium,200,OK,true,307513,139,40,40,8,0,0
1637865990092,257,Medium,200,OK,true,307513,139,40,40,9,0,0
1637865990312,56,Small,200,OK,true,51511,138,40,40,8,0,0
1637865990017,373,Medium-Large,200,OK,true,512313,139,40,40,8,0,0
1637865990345,59,Small,200,OK,true,51511,138,40,40,9,0,0
1637865989881,524,Medium-Large,200,OK,true,512277,139,40,40,8,0,0
1637865990327,105,Small-Medium,200,OK,true,102713,139,40,40,8,0,0
1637865990349,87,Small-Medium,200,OK,true,102713,139,40,40,9,0,0
1637865989902,539,Medium-Large,200,OK,true,512313,139,40,40,10,0,0
1637865989835,619,Medium-Large,200,OK,true,512313,139,40,40,8,0,0
1637865990000,465,Medium-Large,200,OK,true,512313,139,40,40,9,0,0
1637865989672,822,Large,200,OK,true,1048891,137,40,40,9,0,0
1637865990406,90,Small-Medium,200,OK,true,102714,139,40,40,13,0,6
1637865990178,330,Medium,200,OK,true,307513,139,40,40,8,0,0
1637865990197,325,Medium,200,OK,true,307513,139,40,40,9,0,0
1637865990109,416,Medium-Large,200,OK,true,512313,139,40,40,9,0,0
1637865990505,55,Small,200,OK,true,51511,138,40,40,6,0,0
1637865990465,100,Small-Medium,200,OK,true,102713,139,40,40,8,0,0
1637865990057,521,Medium-Large,200,OK,true,512313,139,40,40,8,0,0
1637865990522,59,Small,200,OK,true,51511,138,40,40,8,0,0
1637865990487,112,Small-Medium,200,OK,true,102713,139,40,40,8,0,0
1637865990509,92,Small-Medium,200,OK,true,102713,139,40,40,7,0,0
1637865990525,90,Small-Medium,200,OK,true,102713,139,40,40,8,0,0
1637865989805,810,Large,200,OK,true,1048891,137,40,40,7,0,0
1637865990508,110,Small-Medium,200,OK,true,102713,139,40,40,8,0,0
1637865989816,818,Large,200,OK,true,1048891,137,40,40,8,0,0
1637865989955,681,Medium-Large,200,OK,true,512313,139,40,40,8,0,0
1637865990235,419,Medium-Large,200,OK,true,512313,139,40,40,9,0,0
1637865990147,520,Medium-Large,200,OK,true,512313,139,40,40,9,0,0
1637865990211,467,Medium-Large,200,OK,true,512313,139,40,40,8,0,0
1637865990302,414,Medium-Large,200,OK,true,512313,139,40,40,7,0,0
1637865990158,571,Medium-Large,200,OK,true,512313,139,40,40,8,0,0
1637865990665,64,Small,200,OK,true,51511,138,40,40,8,0,0
1637865990438,292,Medium,200,OK,true,307513,139,40,40,9,0,0
1637865990636,112,Small-Medium,200,OK,true,102713,139,40,40,9,0,0
1637865989810,938,Large,200,OK,true,1048891,137,40,40,7,0,0
1637865989713,1063,Large,200,OK,true,1048891,137,40,40,7,0,0
1637865990472,320,Medium,200,OK,true,307513,139,40,40,9,0,0
1637865990682,112,Small-Medium,200,OK,true,102713,139,40,40,8,0,0
1637865990729,66,Small,200,OK,true,51511,138,40,40,9,0,0
1637865990286,525,Medium-Large,200,OK,true,512313,139,40,40,8,0,0
1637865990205,613,Medium-Large,200,OK,true,512313,139,40,40,8,0,0
1637865989439,1390,Large,200,OK,true,1048891,137,40,40,8,0,0
1637865990796,60,Small,200,OK,true,51511,138,40,40,8,0,0
1637865990407,462,Medium-Large,200,OK,true,512313,139,40,40,8,0,0
1637865990381,489,Medium-Large,200,OK,true,512313,139,40,40,8,0,0
1637865989883,997,Large,200,OK,true,1048891,137,40,40,9,0,0
1637865990776,106,Small-Medium,200,OK,true,102713,139,40,40,8,0,0
1637865990494,422,Medium-Large,200,OK,true,512313,139,40,40,9,0,0
1637865990825,101,Small-Medium,200,OK,true,102713,139,40,40,7,0,0
1637865989838,1089,Large,200,OK,true,1048891,137,40,40,8,0,0
1637865990654,279,Medium,200,OK,true,307513,139,40,40,9,0,0
1637865990684,256,Medium,200,OK,true,307513,139,40,40,8,0,0
1637865990829,120,Small-Medium,200,OK,true,102713,139,40,40,8,0,0
1637865990647,310,Medium,200,OK,true,307513,139,40,40,8,0,0
1637865990717,240,Medium,200,OK,true,307513,139,40,40,7,0,0
1637865990916,46,Small,200,OK,true,51511,138,40,40,9,0,0
1637865990870,103,Small-Medium,200,OK,true,102713,139,40,40,8,0,0
1637865990880,98,Small-Medium,200,OK,true,102713,139,40,40,9,0,0
1637865990927,60,Small,200,OK,true,51511,138,40,40,8,0,0
1637865990667,326,Medium,200,OK,true,307513,139,40,40,9,0,0
1637865990957,49,Small,200,OK,true,51511,138,40,40,8,0,0
1637865990934,76,Small-Medium,200,OK,true,102713,139,40,40,9,0,0
1637865990095,926,Large,200,OK,true,1048890,137,40,40,8,0,0
1637865990148,878,Large,200,OK,true,1048891,137,40,40,8,0,0
1637865990113,913,Large,200,OK,true,1048891,137,40,40,9,0,0
1637865990957,76,Small-Medium,200,OK,true,102713,139,40,40,8,0,0
1637865990455,606,Medium-Large,200,OK,true,512313,139,40,40,7,0,0
1637865990634,430,Medium-Large,200,OK,true,512313,139,40,40,9,0,0
1637865991026,48,Small,200,OK,true,51511,138,40,40,10,0,0
1637865989673,1408,Large,200,OK,true,1048891,137,40,40,10,0,0
1637865989690,1398,Large,200,OK,true,1048891,137,40,40,8,0,0
1637865990993,103,Small-Medium,200,OK,true,102713,139,40,40,8,0,0
1637865991022,79,Small-Medium,200,OK,true,102712,139,40,40,8,0,0
1637865990031,1073,Large,200,OK,true,1048891,137,40,40,8,0,0
1637865990579,531,Medium-Large,200,OK,true,512313,139,40,40,8,0,0
1637865991077,38,Small,200,OK,true,51511,138,40,40,8,0,0
1637865991031,103,Small-Medium,200,OK,true,102713,139,40,40,8,0,0
1637865991040,103,Small-Medium,200,OK,true,102713,139,40,40,7,0,0
1637865991110,56,Small,200,OK,true,51511,138,40,40,8,0,0
1637865990390,777,Large,200,OK,true,1048891,137,40,40,8,0,0
1637865990083,1084,Large,200,OK,true,1048891,137,40,40,9,0,0
1637865990843,332,Medium,200,OK,true,307513,139,40,40,9,0,0
1637865990668,513,Medium-Large,200,OK,true,512313,139,40,40,8,0,0
1637865990818,363,Medium,200,OK,true,307513,139,40,40,7,0,0
1637865990730,456,Medium-Large,200,OK,true,512313,139,40,40,9,0,0
1637865991118,93,Small-Medium,200,OK,true,102713,139,40,40,14,0,0
1637865991167,44,Small,200,OK,true,51511,138,40,40,10,0,0
1637865990812,404,Medium,200,OK,true,307513,139,40,40,8,0,0
1637865990748,471,Medium-Large,200,OK,true,512313,139,40,40,8,0,0
1637865990224,1026,Large,200,OK,true,1048891,137,40,40,9,0,0
1637865991191,59,Small,200,OK,true,51511,138,40,40,9,0,0
1637865990889,370,Medium,200,OK,true,307513,139,40,40,9,0,0
1637865991185,84,Small-Medium,200,OK,true,102713,139,40,40,9,0,0
1637865991167,112,Small-Medium,200,OK,true,102713,139,40,40,8,0,0
1637865991026,254,Medium,200,OK,true,307513,139,40,40,9,0,0
1637865991181,105,Small-Medium,200,OK,true,102713,139,40,40,11,0,0
1637865991236,55,Small,200,OK,true,51511,138,40,40,9,0,0
1637865991220,85,Small-Medium,200,OK,true,102713,139,40,40,8,0,0
1637865990940,366,Medium-Large,200,OK,true,512313,139,40,40,8,0,0
1637865990989,324,Medium,200,OK,true,307513,139,40,40,8,0,0
1637865990956,368,Medium,200,OK,true,307513,139,40,40,8,0,0
1637865991278,49,Small,200,OK,true,51511,138,40,40,9,0,0
1637865991250,95,Small-Medium,200,OK,true,102713,139,40,40,9,0,0
1637865991271,101,Small-Medium,200,OK,true,102713,139,40,40,8,0,0
1637865990565,813,Large,200,OK,true,1048891,137,40,40,8,0,0
1637865991087,316,Medium,200,OK,true,307513,139,40,40,8,0,0
1637865990615,793,Large,200,OK,true,1048891,137,40,40,7,0,0
1637865991104,307,Medium,200,OK,true,307513,139,40,40,7,0,0
1637865991062,370,Medium,200,OK,true,307513,139,40,40,8,0,0
1637865991397,47,Small,200,OK,true,51511,138,40,40,8,0,0
1637865991181,267,Medium,200,OK,true,307512,139,40,40,9,0,0
1637865991200,250,Medium,200,OK,true,307513,139,40,40,8,0,0
1637865991065,390,Medium-Large,200,OK,true,512313,139,40,40,8,0,0
1637865990936,521,Medium-Large,200,OK,true,512313,139,40,40,9,0,0
1637865991403,59,Small,200,OK,true,51511,138,40,40,8,0,0
1637865991154,312,Medium,200,OK,true,307513,139,40,40,7,0,0
1637865991095,378,Medium-Large,200,OK,true,512313,139,40,40,8,0,0
1637865990669,812,Large,200,OK,true,1048891,137,40,40,9,0,0
1637865991431,60,Small,200,OK,true,51511,138,40,40,9,0,0
1637865991175,319,Medium,200,OK,true,307513,139,40,40,9,0,0
1637865991081,416,Medium,200,OK,true,307513,139,40,40,9,0,0
1637865991432,73,Small,200,OK,true,51511,138,40,40,8,0,0
1637865990624,889,Large,200,OK,true,1048891,137,40,40,8,0,0
1637865991457,58,Small,200,OK,true,51511,138,40,40,8,0,0
1637865991411,109,Small-Medium,200,OK,true,102713,139,40,40,9,0,0
1637865991118,406,Medium-Large,200,OK,true,512313,139,40,40,11,0,0
1637865991449,81,Small-Medium,200,OK,true,102677,139,40,40,8,0,0
1637865991181,350,Medium,200,OK,true,307513,139,40,40,9,0,0
1637865991437,95,Small-Medium,200,OK,true,102713,139,40,40,8,0,0
1637865991455,87,Small-Medium,200,OK,true,102713,139,40,40,8,0,0
1637865991494,59,Small,200,OK,true,51511,138,40,40,8,0,0
1637865991513,43,Small,200,OK,true,51511,138,40,40,8,0,0
1637865991467,100,Small-Medium,200,OK,true,102713,139,40,40,8,0,0
1637865991497,71,Small,200,OK,true,51511,138,40,40,8,0,0
1637865991556,36,Small,200,OK,true,51511,138,40,40,8,0,0
1637865991525,74,Small-Medium,200,OK,true,102713,139,40,40,8,0,0
1637865991378,225,Medium,200,OK,true,307513,139,40,40,8,0,0
1637865991345,260,Medium,200,OK,true,307513,139,40,40,9,0,0
1637865991341,284,Medium,200,OK,true,307513,139,40,40,8,0,0
1637865990678,949,Large,200,OK,true,1048891,137,40,40,8,0,0
1637865991408,220,Medium,200,OK,true,307513,139,40,40,9,0,0
1637865991380,257,Medium,200,OK,true,307513,139,40,40,9,0,0
1637865990869,779,Large,200,OK,true,1048891,137,40,40,8,0,0
1637865991325,333,Medium,200,OK,true,307513,139,40,40,8,0,0
1637865991615,47,Small,200,OK,true,51511,138,40,40,9,0,0
1637865991327,336,Medium,200,OK,true,307513,139,40,40,8,0,0
1637865991410,254,Medium,200,OK,true,307513,139,40,40,7,0,0
1637865991327,339,Medium-Large,200,OK,true,512313,139,40,40,9,0,0
1637865991637,44,Small,200,OK,true,51511,138,40,40,8,0,0
1637865991648,47,Small,200,OK,true,51511,138,40,40,8,0,0
1637865991474,225,Medium,200,OK,true,307513,139,40,40,8,0,0
1637865991627,78,Small-Medium,200,OK,true,102713,139,40,40,9,0,0
1637865991625,82,Small-Medium,200,OK,true,102713,139,40,40,9,0,0
1637865991313,399,Medium,200,OK,true,307513,139,40,40,9,0,0
1637865991617,97,Small-Medium,200,OK,true,102713,139,40,40,8,0,0
1637865991593,128,Small-Medium,200,OK,true,102713,139,40,40,9,0,0
1637865991663,60,Small,200,OK,true,51511,138,40,40,11,0,0
1637865991627,111,Small-Medium,200,OK,true,102713,139,40,40,10,0,0
1637865991216,543,Medium-Large,200,OK,true,512313,139,40,40,9,0,0
1637865991658,103,Small-Medium,200,OK,true,102713,139,40,40,12,0,0
1637865990441,1332,Large,200,OK,true,1048891,137,40,40,9,0,0
1637865991608,214,Medium,200,OK,true,307514,139,40,40,16,0,8
1637865990793,1044,Large,200,OK,true,1048891,137,40,40,8,0,0
1637865991603,238,Medium,200,OK,true,307513,139,40,40,8,0,0
1637865991787,67,Small,200,OK,true,51511,138,40,40,8,0,0
1637865991628,252,Medium,200,OK,true,307513,139,40,40,9,0,0
1637865991759,127,Small-Medium,200,OK,true,102713,139,40,40,8,0,0
1637865991777,110,Small-Medium,200,OK,true,102713,139,40,40,8,0,0
1637865991753,134,Small-Medium,200,OK,true,102713,139,40,40,7,0,0
1637865991667,228,Medium,200,OK,true,307513,139,40,40,8,0,0
1637865991797,108,Small-Medium,200,OK,true,102713,139,40,40,9,0,0
1637865991590,333,Medium,200,OK,true,307513,139,40,40,9,0,0
1637865991818,112,Small-Medium,200,OK,true,102713,139,40,40,9,0,0
1637865991841,99,Small-Medium,200,OK,true,102713,139,40,40,8,0,0
1637865990985,960,Large,200,OK,true,1048891,137,40,40,8,0,0
1637865991699,252,Medium,200,OK,true,307513,139,40,40,8,0,0
1637865991958,63,Small,200,OK,true,51511,138,40,40,7,0,0
1637865991605,421,Medium-Large,200,OK,true,512313,139,40,40,9,0,0
1637865991937,110,Small-Medium,200,OK,true,102713,139,40,40,8,0,0
1637865991947,104,Small-Medium,200,OK,true,102713,139,40,40,8,0,0
1637865991822,244,Medium,200,OK,true,307513,139,40,40,8,0,0
1637865991563,520,Medium-Large,200,OK,true,512313,139,40,40,8,0,0
1637865991572,522,Medium-Large,200,OK,true,512313,139,40,40,9,0,0
1637865991787,328,Medium,200,OK,true,307513,139,40,40,9,0,0
1637865991306,813,Large,200,OK,true,1048891,137,40,40,8,0,0
1637865991808,312,Medium,200,OK,true,307513,139,40,40,8,0,0
1637865991186,935,Large,200,OK,true,1048891,137,40,40,9,0,0
1637865991280,847,Large,200,OK,true,1048891,137,40,40,8,0,0
1637865991823,326,Medium,200,OK,true,307513,139,40,40,7,0,0
1637865992118,62,Small,200,OK,true,51511,138,40,40,7,0,0
1637865991880,302,Medium,200,OK,true,307513,139,40,40,7,0,0
1637865992127,59,Small,200,OK,true,51511,138,40,40,8,0,0
1637865991717,482,Medium-Large,200,OK,true,512313,139,40,40,9,0,0
1637865992120,110,Small-Medium,200,OK,true,102713,139,40,40,8,0,0
1637865991712,552,Medium-Large,200,OK,true,512313,139,40,40,10,0,0
1637865992149,117,Small-Medium,200,OK,true,102713,139,40,40,8,0,0
1637865991657,634,Medium-Large,200,OK,true,512313,139,40,40,8,0,0
1637865991773,535,Medium-Large,200,OK,true,512313,139,40,40,8,0,0
1637865991351,966,Large,200,OK,true,1048891,137,40,40,9,0,0
1637865992026,311,Medium,200,OK,true,307513,139,40,40,9,0,0
1637865991837,515,Medium-Large,200,OK,true,512313,139,40,40,8,0,0
1637865991895,473,Medium-Large,200,OK,true,512313,139,40,40,7,0,0
1637865992264,112,Small-Medium,200,OK,true,102713,139,40,40,7,0,0
1637865992278,109,Small-Medium,200,OK,true,102713,139,40,40,8,0,0
1637865991088,1312,Large,200,OK,true,1048891,137,40,40,10,0,0
1637865991481,922,Large,200,OK,true,1048891,137,40,40,9,0,0
1637865992107,303,Medium,200,OK,true,307513,139,40,40,8,0,0
1637865991451,962,Large,200,OK,true,1048891,137,40,40,7,0,0
1637865992097,324,Medium,200,OK,true,307513,139,40,40,9,0,0
1637865991259,1168,Large,200,OK,true,1048891,137,40,40,8,0,0
1637865991913,544,Medium-Large,200,OK,true,512313,139,40,40,7,0,0
1637865991951,512,Medium-Large,200,OK,true,512313,139,40,40,7,0,0
1637865992412,59,Small,200,OK,true,51511,138,40,40,8,0,0
1637865991945,529,Medium-Large,200,OK,true,512313,139,40,40,8,0,0
1637865992423,61,Small,200,OK,true,51511,138,40,40,8,0,0
1637865992001,496,Medium-Large,200,OK,true,512313,139,40,40,10,0,0
1637865991978,534,Medium-Large,200,OK,true,512313,139,40,40,7,0,0
1637865992456,61,Small,200,OK,true,51511,138,40,40,7,0,0
1637865992496,52,Small,200,OK,true,51511,138,40,40,8,0,0
1637865991597,965,Large,200,OK,true,1048891,137,41,41,9,0,0
1637865992462,99,Small-Medium,200,OK,true,102713,139,41,41,7,0,0
1637865992511,53,Small,200,OK,true,51511,138,41,41,7,0,0
1637865992280,293,Medium,200,OK,true,307513,139,41,41,7,0,0
1637865992084,515,Medium-Large,200,OK,true,512313,139,41,41,8,0,0
1637865992287,313,Medium,200,OK,true,307513,139,41,41,7,0,0
1637865992119,488,Medium-Large,200,OK,true,512313,139,41,41,9,0,0
1637865992561,50,Small,200,OK,true,51511,138,41,41,6,0,0
1637865992572,51,Small,200,OK,true,51511,138,41,41,7,0,0
1637865992115,514,Medium-Large,200,OK,true,512313,139,41,41,7,0,0
1637865992309,321,Medium,200,OK,true,307513,139,41,41,6,0,0
1637865992337,309,Medium,200,OK,true,307513,139,41,41,8,0,0
1637865991673,987,Large,200,OK,true,1048891,137,41,41,7,0,0
1637865991531,1138,Large,200,OK,true,1048891,137,41,41,8,0,0
1637865991685,992,Large,200,OK,true,1048891,137,41,41,9,0,0
1637865992629,60,Small,200,OK,true,51511,138,41,41,8,0,0
1637865992583,111,Small-Medium,200,OK,true,102713,139,41,41,9,0,0
1637865992606,92,Small-Medium,200,OK,true,102713,139,41,41,7,0,0
1637865992402,296,Medium,200,OK,true,307513,139,41,41,8,0,0
1637865991664,1041,Large,200,OK,true,1048891,137,41,41,9,0,0
1637865991654,1064,Large,200,OK,true,1048891,137,41,41,8,0,0
1637865992628,99,Small-Medium,200,OK,true,102713,139,41,41,8,0,0
1637865992420,307,Medium,200,OK,true,307513,139,41,41,7,0,0
1637865992616,114,Small-Medium,200,OK,true,102713,139,41,41,6,0,0
1637865992674,57,Small,200,OK,true,51511,138,41,41,8,0,0
1637865991775,969,Large,200,OK,true,1048891,137,41,41,8,0,0
1637865992399,346,Medium,200,OK,true,307513,139,41,41,7,0,0
1637865992699,49,Small,200,OK,true,51511,138,41,41,7,0,0
1637865992704,55,Small,200,OK,true,51511,138,41,41,8,0,0
1637865992718,53,Small,200,OK,true,51511,138,41,41,8,0,0
1637865992726,84,Small-Medium,200,OK,true,102713,139,41,41,6,0,0
1637865992745,68,Small,200,OK,true,51511,138,41,41,7,0,0
1637865992317,501,Medium-Large,200,OK,true,512313,139,41,41,7,0,0
1637865992367,452,Medium-Large,200,OK,true,512313,139,41,41,6,0,0
1637865991785,1047,Large,200,OK,true,1048891,137,41,41,9,0,0
1637865992793,51,Small,200,OK,true,51511,138,41,41,8,0,0
1637865992747,105,Small-Medium,200,OK,true,102713,139,41,41,8,0,0
1637865992552,301,Medium,200,OK,true,307514,139,41,41,15,0,8
1637865992409,479,Medium-Large,200,OK,true,512313,139,41,41,7,0,0
1637865992791,104,Small-Medium,200,OK,true,102713,139,41,41,8,0,0
1637865992817,96,Small-Medium,200,OK,true,102713,139,41,41,8,0,0
1637865992656,267,Medium,200,OK,true,307513,139,41,41,7,0,0
1637865992831,101,Small-Medium,200,OK,true,102713,139,41,41,7,0,0
1637865992888,47,Small,200,OK,true,51511,138,41,41,7,0,0
1637865992659,305,Medium,200,OK,true,307513,139,41,41,7,0,0
1637865992676,290,Medium,200,OK,true,307513,139,41,41,8,0,0
1637865991919,1051,Large,200,OK,true,1048891,137,41,41,6,0,0
1637865991923,1049,Large,200,OK,true,1048891,137,41,41,6,0,0
1637865992066,907,Large,200,OK,true,1048891,137,41,41,7,0,0
1637865992972,48,Small,200,OK,true,51511,138,41,41,8,0,0
1637865992736,288,Medium,200,OK,true,307513,139,41,41,7,0,0
1637865992426,621,Medium-Large,200,OK,true,512313,139,41,41,6,0,0
1637865992994,61,Small,200,OK,true,51511,138,41,41,8,0,0
1637865992599,470,Medium-Large,200,OK,true,512313,139,41,41,7,0,0
1637865992966,106,Small-Medium,200,OK,true,102713,139,41,41,8,0,0
1637865992971,107,Small-Medium,200,OK,true,102713,139,41,41,9,0,0
1637865992981,108,Small-Medium,200,OK,true,102713,139,41,41,7,0,0
1637865992598,503,Medium-Large,200,OK,true,512313,139,41,41,8,0,0
1637865992645,476,Medium-Large,200,OK,true,512313,139,41,41,7,0,0
1637865992183,940,Large,200,OK,true,1048891,137,41,41,7,0,0
1637865992780,357,Medium,200,OK,true,307513,139,41,41,6,0,0
1637865992094,1050,Large,200,OK,true,1048891,137,41,41,8,0,0
1637865992863,281,Medium,200,OK,true,307513,139,41,41,6,0,0
1637865992122,1030,Large,200,OK,true,1048891,137,41,41,8,0,0
1637865992199,960,Large,200,OK,true,1048891,137,41,41,7,0,0
1637865992839,336,Medium,200,OK,true,307513,139,41,41,8,0,0
1637865993137,48,Small,200,OK,true,51511,138,41,41,8,0,0
1637865993136,59,Small,200,OK,true,51511,138,41,41,6,0,0
1637865993144,56,Small,200,OK,true,51511,138,41,41,8,0,0
1637865993158,47,Small,200,OK,true,51511,138,41,41,6,0,0
1637865992771,454,Medium-Large,200,OK,true,512313,139,41,41,7,0,0
1637865992727,504,Medium-Large,200,OK,true,512313,139,41,41,8,0,0
1637865993131,106,Small-Medium,200,OK,true,102713,139,41,41,8,0,0
1637865993138,113,Small-Medium,200,OK,true,102713,139,41,41,7,0,0
1637865993145,109,Small-Medium,200,OK,true,102713,139,41,41,8,0,0
1637865992909,364,Medium,200,OK,true,307513,139,41,41,8,0,0
1637865992955,319,Medium,200,OK,true,307513,139,41,41,8,0,0
1637865993301,40,Small,200,OK,true,51511,138,41,41,7,0,0
1637865993295,62,Small,200,OK,true,51511,138,41,41,7,0,0
1637865993069,292,Medium,200,OK,true,307513,139,41,41,8,0,0
1637865993047,318,Medium,200,OK,true,307513,139,41,41,7,0,0
1637865993308,58,Small,200,OK,true,51511,138,41,41,6,0,0
1637865992310,1065,Large,200,OK,true,1048891,137,41,41,7,0,0
1637865992352,1025,Large,200,OK,true,1048891,137,41,41,8,0,0
1637865993300,106,Small-Medium,200,OK,true,102713,139,41,41,6,0,0
1637865993101,309,Medium,200,OK,true,307513,139,41,41,8,0,0
1637865993309,104,Small-Medium,200,OK,true,102713,139,41,41,7,0,0
1637865993374,57,Small,200,OK,true,51511,138,41,41,7,0,0
1637865992437,1009,Large,200,OK,true,1048891,137,41,41,7,0,0
1637865993361,96,Small-Medium,200,OK,true,102713,139,41,41,6,0,0
1637865993151,314,Medium,200,OK,true,307513,139,41,41,8,0,0
1637865992473,1004,Large,200,OK,true,1048891,137,41,41,8,0,0
1637865993365,120,Small-Medium,200,OK,true,102713,139,41,41,7,0,0
1637865993446,51,Small,200,OK,true,51511,138,41,41,7,0,0
1637865993225,282,Medium,200,OK,true,307513,139,41,41,8,0,0
1637865992291,1228,Large,200,OK,true,1048891,137,41,41,7,0,0
1637865993465,53,Small,200,OK,true,51511,138,41,41,7,0,0
1637865992969,552,Medium-Large,200,OK,true,512313,139,41,41,7,0,0
1637865993477,54,Small,200,OK,true,51511,138,41,41,6,0,0
1637865992572,963,Large,200,OK,true,1048891,137,41,41,7,0,0
1637865993052,485,Medium-Large,200,OK,true,512313,139,41,41,7,0,0
1637865993274,301,Medium,200,OK,true,307513,139,41,41,8,0,0
1637865993507,98,Small-Medium,200,OK,true,102713,139,41,41,8,0,0
1637865992626,981,Large,200,OK,true,1048891,137,41,41,7,0,0
1637865993322,291,Medium,200,OK,true,307513,139,41,41,6,0,0
1637865993302,322,Medium,200,OK,true,307513,139,41,41,7,0,0
1637865993526,108,Small-Medium,200,OK,true,102713,139,41,41,6,0,0
1637865993537,101,Small-Medium,200,OK,true,102713,139,41,41,7,0,0
1637865993537,105,Small-Medium,200,OK,true,102713,139,41,41,6,0,0
1637865993158,485,Medium-Large,200,OK,true,512313,139,41,41,8,0,0
1637865993607,53,Small,200,OK,true,51511,138,41,41,8,0,0
1637865992743,931,Large,200,OK,true,1048891,137,41,41,8,0,0
1637865993175,506,Medium-Large,200,OK,true,512313,139,41,41,6,0,0
1637865993629,54,Small,200,OK,true,51511,138,41,41,7,0,0
1637865993376,308,Medium,200,OK,true,307513,139,41,41,7,0,0
1637865993674,54,Small,200,OK,true,51511,138,41,41,8,0,0
1637865993672,58,Small,200,OK,true,51511,138,41,41,8,0,0
1637865992819,923,Large,200,OK,true,1048891,137,41,41,8,0,0
1637865993641,104,Small-Medium,200,OK,true,102713,139,41,41,8,0,0
1637865993472,296,Medium,200,OK,true,307513,139,41,41,6,0,0
1637865993473,297,Medium,200,OK,true,307513,139,41,41,7,0,0
1637865993701,104,Small-Medium,200,OK,true,102713,139,41,41,10,0,0
1637865993771,52,Small,200,OK,true,51511,138,41,41,7,0,0
1637865993770,59,Small,200,OK,true,51511,138,41,41,8,0,0
1637865992889,945,Large,200,OK,true,1048891,137,41,41,7,0,0
1637865992853,989,Large,200,OK,true,1048891,137,41,41,7,0,0
1637865993273,573,Medium-Large,200,OK,true,512313,139,41,41,7,0,0
1637865992923,929,Large,200,OK,true,1048891,137,41,41,8,0,0
1637865992868,986,Large,200,OK,true,1048891,137,41,41,7,0,0
1637865993842,54,Small,200,OK,true,51511,138,41,41,8,0,0
1637865992668,1241,Large,200,OK,true,1048891,137,41,41,8,0,0
1637865992881,1042,Large,200,OK,true,1048891,137,41,41,7,0,0
1637865993464,460,Medium-Large,200,OK,true,512313,139,41,41,8,0,0
1637865993410,515,Medium-Large,200,OK,true,512313,139,41,41,7,0,0
1637865993838,100,Small-Medium,200,OK,true,102713,139,41,41,7,0,0
1637865993852,100,Small-Medium,200,OK,true,102713,139,41,41,7,0,0
1637865993459,496,Medium-Large,200,OK,true,512313,139,41,41,7,0,0
1637865992910,1054,Large,200,OK,true,1048891,137,41,41,7,0,0
1637865992964,1016,Large,200,OK,true,1048891,137,41,41,6,0,0
1637865993934,56,Small,200,OK,true,51511,138,41,41,8,0,0
1637865993689,301,Medium,200,OK,true,307513,139,41,41,6,0,0
1637865992956,1041,Large,200,OK,true,1048891,137,41,41,7,0,0
1637865993701,311,Medium,200,OK,true,307513,139,41,41,9,0,0
1637865993024,995,Large,200,OK,true,1048891,137,41,41,7,0,0
1637865993924,96,Small-Medium,200,OK,true,102713,139,41,41,9,0,0
1637865993909,111,Small-Medium,200,OK,true,102713,139,41,41,7,0,0
1637865993521,503,Medium-Large,200,OK,true,512313,139,41,41,8,0,0
1637865993742,285,Medium,200,OK,true,307513,139,41,41,9,0,0
1637865993924,103,Small-Medium,200,OK,true,102713,139,41,41,9,0,0
1637865993535,500,Medium-Large,200,OK,true,512313,139,41,41,7,0,0
1637865994002,50,Small,200,OK,true,51511,138,41,41,7,0,0
1637865993768,291,Medium,200,OK,true,307513,139,41,41,7,0,0
1637865993964,100,Small-Medium,200,OK,true,102713,139,41,41,7,0,0
1637865993122,949,Large,200,OK,true,1048891,137,41,41,9,0,0
1637865993793,285,Medium,200,OK,true,307513,139,41,41,7,0,0
1637865993613,473,Medium-Large,200,OK,true,512313,139,41,41,7,0,0
1637865994007,99,Small-Medium,200,OK,true,102713,139,41,41,7,0,0
1637865994016,93,Small-Medium,200,OK,true,102713,139,41,41,7,0,0
1637865993121,995,Large,200,OK,true,1048891,137,41,41,9,0,0
1637865993834,286,Medium,200,OK,true,307513,139,41,41,7,0,0
1637865994078,52,Small,200,OK,true,51511,138,41,41,7,0,0
1637865994073,64,Small,200,OK,true,51511,138,41,41,8,0,0
1637865993643,502,Medium-Large,200,OK,true,512313,139,41,41,7,0,0
1637865994098,52,Small,200,OK,true,51511,138,41,41,7,0,0
1637865993143,1013,Large,200,OK,true,1048891,137,41,41,8,0,0
1637865994120,49,Small,200,OK,true,51511,138,41,41,9,0,0
1637865994089,87,Small-Medium,200,OK,true,102713,139,41,41,8,0,0
1637865994086,98,Small-Medium,200,OK,true,102713,139,41,41,8,0,0
1637865994145,52,Small,200,OK,true,51511,138,41,41,7,0,0
1637865993624,597,Medium-Large,200,OK,true,512313,139,41,41,7,0,0
1637865994129,105,Small-Medium,200,OK,true,102713,139,41,41,6,0,0
1637865993232,1005,Large,200,OK,true,1048891,137,41,41,7,0,0
1637865993981,289,Medium,200,OK,true,307513,139,41,41,7,0,0
1637865994180,100,Small-Medium,200,OK,true,102713,139,41,41,6,0,0
1637865994242,54,Small,200,OK,true,51511,138,41,41,7,0,0
1637865993805,493,Medium-Large,200,OK,true,512313,139,41,41,7,0,0
1637865994251,56,Small,200,OK,true,51511,138,41,41,7,0,0
1637865994024,301,Medium,200,OK,true,307513,139,41,41,6,0,0
1637865994270,106,Small-Medium,200,OK,true,102713,139,41,41,7,0,0
1637865994284,102,Small-Medium,200,OK,true,102713,139,41,41,7,0,0
1637865994298,105,Small-Medium,200,OK,true,102713,139,41,41,7,0,0
1637865993935,479,Medium-Large,200,OK,true,512313,139,41,41,7,0,0
1637865993925,501,Medium-Large,200,OK,true,512313,139,41,41,8,0,0
1637865993955,491,Medium-Large,200,OK,true,512313,139,41,41,7,0,0
1637865994156,301,Medium,200,OK,true,307513,139,41,41,8,0,0
1637865994415,51,Small,200,OK,true,51511,138,41,41,6,0,0
1637865994035,463,Medium-Large,200,OK,true,512313,139,41,41,7,0,0
1637865993464,1038,Large,200,OK,true,1048891,137,41,41,8,0,0
1637865994012,494,Medium-Large,200,OK,true,512313,139,41,41,6,0,0
1637865994446,61,Small,200,OK,true,51511,138,41,41,7,0,0
1637865994457,65,Small,200,OK,true,51511,138,41,41,8,0,0
1637865994253,274,Medium,200,OK,true,307513,139,41,41,7,0,0
1637865994434,102,Small-Medium,200,OK,true,102713,139,41,41,6,0,0
1637865994071,470,Medium-Large,200,OK,true,512313,139,41,41,8,0,0
1637865994237,324,Medium,200,OK,true,307513,139,41,41,7,0,0
1637865994237,341,Medium,200,OK,true,307513,139,41,41,8,0,0
1637865993575,1023,Large,200,OK,true,1048891,137,41,41,8,0,0
1637865994089,512,Medium-Large,200,OK,true,512313,139,41,41,8,0,0
1637865994116,485,Medium-Large,200,OK,true,512313,139,41,41,7,0,0
1637865994502,103,Small-Medium,200,OK,true,102713,139,41,41,7,0,0
1637865994344,273,Medium,200,OK,true,307513,139,41,41,6,0,0
1637865994561,60,Small,200,OK,true,51511,138,41,41,9,0,0
1637865993610,1011,Large,200,OK,true,1048891,137,41,41,7,0,0
1637865993529,1095,Large,200,OK,true,1048891,137,41,41,7,0,0
1637865994598,57,Small,200,OK,true,51510,138,41,41,8,0,0
1637865994171,486,Medium-Large,200,OK,true,512313,139,41,41,6,0,0
1637865994611,61,Small,200,OK,true,51511,138,41,41,6,0,0
1637865994624,57,Small,200,OK,true,51511,138,41,41,7,0,0
1637865993684,1016,Large,200,OK,true,1048891,137,41,41,7,0,0
1637865994657,55,Small,200,OK,true,51511,138,41,41,8,0,0
1637865993518,1231,Large,200,OK,true,1048891,137,41,41,7,0,0
1637865993682,1068,Large,200,OK,true,1048891,137,41,41,6,0,0
1637865994449,305,Medium,200,OK,true,307513,139,41,41,9,0,0
1637865994262,506,Medium-Large,200,OK,true,512313,139,41,41,7,0,0
1637865994498,296,Medium,200,OK,true,307513,139,41,41,6,0,0
1637865993836,976,Large,200,OK,true,1048891,137,41,41,7,0,0
1637865994506,314,Medium,200,OK,true,307513,139,41,41,6,0,0
1637865994309,519,Medium-Large,200,OK,true,512313,139,41,41,7,0,0
1637865994542,292,Medium,200,OK,true,307513,139,41,41,8,0,0
1637865994724,122,Small-Medium,200,OK,true,102713,139,41,41,8,0,0
1637865994794,56,Small,200,OK,true,51511,138,41,41,7,0,0
1637865993854,1027,Large,200,OK,true,1048891,137,41,41,7,0,0
1637865994579,314,Medium,200,OK,true,307513,139,41,41,7,0,0
1637865994601,309,Medium,200,OK,true,307513,139,41,41,8,0,0
1637865993866,1046,Large,200,OK,true,1048891,137,41,41,7,0,0
1637865994406,523,Medium-Large,200,OK,true,512313,139,41,41,7,0,0
1637865994828,108,Small-Medium,200,OK,true,102713,139,41,41,6,0,0
1637865994881,56,Small,200,OK,true,51511,138,41,41,7,0,0
1637865994426,531,Medium-Large,200,OK,true,512313,139,41,41,7,0,0
1637865994027,958,Large,200,OK,true,1048891,137,41,41,6,0,0
1637865994527,460,Medium-Large,200,OK,true,512313,139,41,41,8,0,0
1637865994890,109,Small-Medium,200,OK,true,102713,139,41,41,7,0,0
1637865994957,58,Small,200,OK,true,51511,138,41,41,8,0,0
1637865994059,963,Large,200,OK,true,1048891,137,41,41,9,0,0
1637865993991,1032,Large,200,OK,true,1048891,137,41,41,7,0,0
1637865993846,1178,Large,200,OK,true,1048891,137,41,41,7,0,0
1637865994912,113,Small-Medium,200,OK,true,102713,139,41,41,7,0,0
1637865994985,49,Small,200,OK,true,51511,138,41,41,8,0,0
1637865994700,338,Medium,200,OK,true,307513,139,41,41,8,0,0
1637865994019,1026,Large,200,OK,true,1048891,137,41,41,8,0,0
1637865994993,54,Small,200,OK,true,51511,138,41,41,7,0,0
1637865994958,100,Small-Medium,200,OK,true,102713,139,41,41,8,0,0
1637865994750,317,Medium,200,OK,true,307513,139,41,41,7,0,0
1637865993997,1072,Large,200,OK,true,1048891,137,41,41,8,0,0
1637865994987,83,Small-Medium,200,OK,true,102713,139,41,41,8,0,0
1637865995023,52,Small,200,OK,true,51511,138,41,41,8,0,0
1637865994775,310,Medium,200,OK,true,307513,139,41,41,8,0,0
1637865994812,290,Medium,200,OK,true,307513,139,41,41,7,0,0
1637865994601,514,Medium-Large,200,OK,true,512313,139,41,41,8,0,0
1637865994617,499,Medium-Large,200,OK,true,512313,139,41,41,6,0,0
1637865994622,508,Medium-Large,200,OK,true,512313,139,41,41,7,0,0
1637865995024,110,Small-Medium,200,OK,true,102713,139,41,41,8,0,0
1637865994788,352,Medium,200,OK,true,307513,139,41,41,7,0,0
1637865994166,980,Large,200,OK,true,1048891,137,41,41,11,0,0
1637865995053,104,Small-Medium,200,OK,true,102713,139,41,41,6,0,0
1637865995115,53,Small,200,OK,true,51511,138,41,41,8,0,0
1637865995085,89,Small-Medium,200,OK,true,102713,139,41,41,7,0,0
1637865995149,47,Small,200,OK,true,51511,138,41,41,8,0,0
1637865995157,47,Small,200,OK,true,51511,138,41,41,6,0,0
1637865995122,93,Small-Medium,200,OK,true,102713,139,41,41,8,0,0
1637865995140,104,Small-Medium,200,OK,true,102713,139,41,41,8,0,0
1637865994768,487,Medium-Large,200,OK,true,512313,139,41,41,8,0,0
1637865994835,481,Medium-Large,200,OK,true,512313,139,41,41,7,0,0
1637865995255,67,Small,200,OK,true,51511,138,41,41,8,0,0
1637865995217,110,Small-Medium,200,OK,true,102713,139,41,41,7,0,0
1637865995280,59,Small,200,OK,true,51511,138,41,41,7,0,0
1637865994750,600,Medium-Large,200,OK,true,512313,139,41,41,7,0,0
1637865994221,1131,Large,200,OK,true,1048891,137,41,41,7,0,0
1637865994293,1077,Large,200,OK,true,1048891,137,41,41,8,0,0
1637865995069,312,Medium,200,OK,true,307513,139,41,41,6,0,0
1637865995067,324,Medium,200,OK,true,307513,139,41,41,8,0,0
1637865995286,107,Small-Medium,200,OK,true,102713,139,41,41,8,0,0
1637865995313,101,Small-Medium,200,OK,true,102713,139,41,41,8,0,0
1637865995151,268,Medium,200,OK,true,307513,139,41,41,7,0,0
1637865994325,1101,Large,200,OK,true,1048891,137,41,41,7,0,0
1637865994414,1031,Large,200,OK,true,1048891,137,41,41,6,0,0
1637865995146,311,Medium,200,OK,true,307513,139,41,41,7,0,0
1637865995353,107,Small-Medium,200,OK,true,102713,139,41,41,7,0,0
1637865995419,53,Small,200,OK,true,51511,138,41,41,8,0,0
1637865995419,55,Small,200,OK,true,51511,138,41,41,6,0,0
1637865995381,104,Small-Medium,200,OK,true,102713,139,41,41,8,0,0
1637865995446,59,Small,200,OK,true,51511,138,41,41,7,0,0
1637865994463,1060,Large,200,OK,true,1048891,137,41,41,7,0,0
1637865995038,492,Medium-Large,200,OK,true,512313,139,41,41,7,0,0
1637865995045,490,Medium-Large,200,OK,true,512313,139,41,41,8,0,0
1637865995045,502,Medium-Large,200,OK,true,512313,139,41,41,6,0,0
1637865995457,95,Small-Medium,200,OK,true,102712,139,41,41,7,0,0
1637865995249,321,Medium,200,OK,true,307513,139,41,41,7,0,0
1637865995523,52,Small,200,OK,true,51511,138,41,41,6,0,0
1637865995102,482,Medium-Large,200,OK,true,512313,139,41,41,7,0,0
1637865995116,468,Medium-Large,200,OK,true,512313,139,41,41,7,0,0
1637865995545,65,Small,200,OK,true,51511,138,41,41,6,0,0
1637865995548,64,Small,200,OK,true,51511,138,41,41,7,0,0
1637865995316,298,Medium,200,OK,true,307513,139,41,41,7,0,0
1637865994598,1036,Large,200,OK,true,1048891,137,41,41,9,0,0
1637865995130,508,Medium-Large,200,OK,true,512313,139,41,41,6,0,0
1637865995320,320,Medium,200,OK,true,307513,139,41,41,6,0,0
1637865995583,87,Small-Medium,200,OK,true,102713,139,41,41,7,0,0
1637865994622,1049,Large,200,OK,true,1048891,137,41,41,9,0,0
1637865995584,89,Small-Medium,200,OK,true,102713,139,41,41,9,0,0
1637865995638,54,Small,200,OK,true,51511,138,41,41,7,0,0
1637865995370,324,Medium,200,OK,true,307513,139,41,41,6,0,0
1637865995186,512,Medium-Large,200,OK,true,512313,139,41,41,7,0,0
1637865995610,96,Small-Medium,200,OK,true,102713,139,41,41,8,0,0
1637865995350,369,Medium,200,OK,true,307513,139,41,41,7,0,0
1637865994667,1065,Large,200,OK,true,1048891,137,41,41,7,0,0
1637865995450,285,Medium,200,OK,true,307513,139,41,41,7,0,0
1637865995634,105,Small-Medium,200,OK,true,102713,139,41,41,8,0,0
1637865995478,279,Medium,200,OK,true,307513,139,41,41,7,0,0
1637865995695,64,Small,200,OK,true,51511,138,41,41,7,0,0
1637865994754,1010,Large,200,OK,true,1048891,137,41,41,7,0,0
1637865995426,358,Medium,200,OK,true,307513,139,41,41,7,0,0
1637865994762,1029,Large,200,OK,true,1048890,137,41,41,7,0,0
1637865995698,113,Small-Medium,200,OK,true,102713,139,41,41,8,0,0
1637865995188,628,Medium-Large,200,OK,true,512313,139,41,41,7,0,0
1637865994578,1264,Large,200,OK,true,1048891,137,41,41,6,0,0
1637865995791,52,Small,200,OK,true,51510,138,41,41,6,0,0
1637865995784,62,Small,200,OK,true,51511,138,41,41,10,0,0
1637865994821,1031,Large,200,OK,true,1048891,137,41,41,8,0,0
1637865994821,1032,Large,200,OK,true,1048891,137,41,41,6,0,0
1637865995303,552,Medium-Large,200,OK,true,512313,139,41,41,8,0,0
1637865995720,137,Small-Medium,200,OK,true,102713,139,41,41,13,0,0
1637865995802,56,Small,200,OK,true,51511,138,41,41,6,0,0
1637865995517,357,Medium,200,OK,true,307513,139,41,41,7,0,0
1637865995614,266,Medium,200,OK,true,307513,139,41,41,8,0,0
1637865995777,105,Small-Medium,200,OK,true,102713,139,41,41,14,0,0
1637865995381,513,Medium-Large,200,OK,true,512313,139,41,41,6,0,0
1637865994893,1006,Large,200,OK,true,1048891,137,41,41,8,0,0
1637865994910,993,Large,200,OK,true,1048891,137,41,41,7,0,0
1637865995817,114,Small-Medium,200,OK,true,102713,139,41,41,6,0,0
1637865994930,1006,Large,200,OK,true,1048891,137,41,41,7,0,0
1637865995391,558,Medium-Large,200,OK,true,512313,139,41,41,6,0,0
1637865995900,50,Small,200,OK,true,51511,138,41,41,8,0,0
1637865995444,508,Medium-Large,200,OK,true,512313,139,41,41,7,0,0
1637865995855,98,Small-Medium,200,OK,true,102713,139,41,41,8,0,0
1637865995023,954,Large,200,OK,true,1048891,137,41,41,7,0,0
1637865995894,96,Small-Medium,200,OK,true,102713,139,41,41,6,0,0
1637865995747,250,Medium,200,OK,true,307513,139,41,41,7,0,0
1637865995709,303,Medium,200,OK,true,307513,139,41,41,6,0,0
1637865995748,265,Medium,200,OK,true,307513,139,41,41,8,0,0
1637865995965,52,Small,200,OK,true,51511,138,41,41,7,0,0
1637865995764,259,Medium,200,OK,true,307513,139,41,41,13,0,0
1637865995757,273,Medium,200,OK,true,307513,139,41,41,9,0,0
1637865995570,482,Medium-Large,200,OK,true,512313,139,41,41,6,0,0
1637865996023,50,Small,200,OK,true,51511,138,41,41,5,0,0
1637865996030,57,Small,200,OK,true,51511,138,41,41,8,0,0
1637865995798,295,Medium,200,OK,true,307513,139,41,41,6,0,0
1637865995640,485,Medium-Large,200,OK,true,512313,139,41,41,8,0,0
1637865995077,1051,Large,200,OK,true,1048891,137,41,41,6,0,0
1637865995852,276,Medium,200,OK,true,307513,139,41,41,8,0,0
1637865995853,275,Medium,200,OK,true,307513,139,41,41,7,0,0
1637865996020,114,Small-Medium,200,OK,true,102713,139,41,41,6,0,0
1637865996058,103,Small-Medium,200,OK,true,102713,139,41,41,7,0,0
1637865995686,478,Medium-Large,200,OK,true,512313,139,41,41,7,0,0
1637865995122,1053,Large,200,OK,true,1048891,137,41,41,7,0,0
1637865995903,277,Medium,200,OK,true,307513,139,41,41,6,0,0
1637865995712,479,Medium-Large,200,OK,true,512313,139,41,41,7,0,0
1637865996128,105,Small-Medium,200,OK,true,102713,139,41,41,7,0,0
1637865995883,360,Medium,200,OK,true,307513,139,41,41,7,0,0
1637865996191,57,Small,200,OK,true,51511,138,41,41,7,0,0
1637865995948,309,Medium,200,OK,true,307513,139,41,41,7,0,0
1637865995949,324,Medium,200,OK,true,307513,139,41,41,7,0,0
1637865996064,280,Medium,200,OK,true,307513,139,41,41,5,0,0
1637865996052,292,Medium,200,OK,true,307513,139,41,41,7,0,0
1637865995938,446,Medium-Large,200,OK,true,512313,139,41,41,7,0,0
1637865996292,102,Small-Medium,200,OK,true,102713,139,41,41,7,0,0
1637865996093,307,Medium,200,OK,true,307513,139,41,41,7,0,0
1637865995874,531,Medium-Large,200,OK,true,512313,139,41,41,7,0,0
1637865996128,292,Medium,200,OK,true,307513,139,41,41,7,0,0
1637865996129,303,Medium,200,OK,true,307513,139,41,41,8,0,0
1637865995998,438,Medium-Large,200,OK,true,512313,139,41,41,6,0,0
1637865996384,53,Small,200,OK,true,51511,138,41,41,8,0,0
1637865995936,509,Medium-Large,200,OK,true,512313,139,41,41,6,0,0
1637865995977,468,Medium-Large,200,OK,true,512313,139,41,41,6,0,0
1637865995955,500,Medium-Large,200,OK,true,512312,139,41,41,6,0,0
1637865995952,514,Medium-Large,200,OK,true,512313,139,41,41,7,0,0
1637865996013,473,Medium-Large,200,OK,true,512313,139,41,41,7,0,0
1637865996436,53,Small,200,OK,true,51511,138,41,41,8,0,0
1637865996432,61,Small,200,OK,true,51511,138,41,41,6,0,0
1637865996420,106,Small-Medium,200,OK,true,102713,139,41,41,7,0,0
1637865995584,949,Large,200,OK,true,1048891,137,41,41,8,0,0
1637865996184,354,Medium,200,OK,true,307513,139,41,41,7,0,0
1637865996012,533,Medium-Large,200,OK,true,512313,139,41,41,7,0,0
1637865995535,1018,Large,200,OK,true,1048891,137,41,41,7,0,0
1637865996456,106,Small-Medium,200,OK,true,102713,139,41,41,8,0,0
1637865995621,944,Large,200,OK,true,1048890,137,41,41,8,0,0
1637865995981,585,Medium-Large,200,OK,true,512313,139,41,41,6,0,0
1637865996466,100,Small-Medium,200,OK,true,102713,139,41,41,6,0,0
1637865995583,988,Large,200,OK,true,1048891,137,41,41,9,0,0
1637865995530,1047,Large,200,OK,true,1048891,137,41,41,6,0,0
1637865996533,46,Small,200,OK,true,51511,138,41,41,8,0,0
1637865996565,40,Small,200,OK,true,51510,138,41,41,6,0,0
1637865996243,368,Medium,200,OK,true,307513,139,41,41,7,0,0
1637865996129,484,Medium-Large,200,OK,true,512313,139,41,41,6,0,0
1637865996548,82,Small-Medium,200,OK,true,102713,139,41,41,6,0,0
1637865996273,358,Medium,200,OK,true,307513,139,41,41,7,0,0
1637865996584,47,Small,200,OK,true,51511,138,41,41,7,0,0
1637865996545,87,Small-Medium,200,OK,true,102713,139,41,41,7,0,0
1637865996553,83,Small-Medium,200,OK,true,102713,139,41,41,8,0,0
1637865996195,445,Medium-Large,200,OK,true,512313,139,41,41,7,0,0
1637865996344,299,Medium,200,OK,true,307513,139,41,41,8,0,0
1637865996180,478,Medium-Large,200,OK,true,512313,139,41,41,7,0,0
1637865996571,89,Small-Medium,200,OK,true,102713,139,41,41,5,0,0
1637865995735,932,Large,200,OK,true,1048891,137,41,41,8,0,0
1637865996620,54,Small,200,OK,true,51511,138,41,41,6,0,0
1637865996640,45,Small,200,OK,true,51511,138,41,41,9,0,0
1637865996643,42,Small,200,OK,true,51511,138,41,41,7,0,0
1637865996596,92,Small-Medium,200,OK,true,102713,139,41,41,6,0,0
1637865995671,1025,Large,200,OK,true,1048891,137,41,41,9,0,0
1637865996445,264,Medium,200,OK,true,307513,139,41,41,7,0,0
1637865996455,268,Medium,200,OK,true,307512,139,41,41,7,0,0
1637865995732,1018,Large,200,OK,true,1048891,137,41,41,8,0,0
1637865995880,891,Large,200,OK,true,1048891,137,41,41,6,0,0
1637865996257,517,Medium-Large,200,OK,true,512313,139,41,41,7,0,0
1637865996735,58,Small,200,OK,true,51511,138,41,41,6,0,0
1637865996696,102,Small-Medium,200,OK,true,102713,139,41,41,8,0,0
1637865996748,53,Small,200,OK,true,51511,138,41,41,7,0,0
1637865996710,95,Small-Medium,200,OK,true,102713,139,41,41,7,0,0
1637865996750,58,Small,200,OK,true,51511,138,41,41,7,0,0
1637865996708,105,Small-Medium,200,OK,true,102713,139,41,41,7,0,0
1637865996759,58,Small,200,OK,true,51511,138,41,41,9,0,0
1637865995863,955,Large,200,OK,true,1048891,137,41,41,5,0,0
1637865996804,51,Small,200,OK,true,51511,138,41,41,7,0,0
1637865996613,250,Medium,200,OK,true,307513,139,41,41,7,0,0
1637865996771,98,Small-Medium,200,OK,true,102713,139,41,41,8,0,0
1637865996774,95,Small-Medium,200,OK,true,102713,139,41,41,6,0,0
1637865996445,428,Medium-Large,200,OK,true,512313,139,41,41,7,0,0
1637865996400,474,Medium-Large,200,OK,true,512313,139,41,41,7,0,0
1637865995859,1016,Large,200,OK,true,1048891,137,41,41,6,0,0
1637865995843,1053,Large,200,OK,true,1048891,137,41,41,5,0,0
1637865996486,410,Medium-Large,200,OK,true,512313,139,41,41,8,0,0
1637865996818,85,Small-Medium,200,OK,true,102713,139,41,41,6,0,0
1637865996863,46,Small,200,OK,true,51511,138,41,41,7,0,0
1637865996566,343,Medium,200,OK,true,307513,139,41,41,7,0,0
1637865996629,295,Medium,200,OK,true,307513,139,41,41,7,0,0
1637865996872,57,Small,200,OK,true,51511,138,41,41,8,0,0
1637865996860,96,Small-Medium,200,OK,true,102713,139,41,41,7,0,0
1637865996912,52,Small,200,OK,true,51511,138,41,41,8,0,0
1637865996611,354,Medium,200,OK,true,307513,139,41,41,8,0,0
1637865996875,96,Small-Medium,200,OK,true,102713,139,41,41,8,0,0
1637865996924,54,Small,200,OK,true,51511,138,41,41,7,0,0
1637865996896,96,Small-Medium,200,OK,true,102713,139,41,41,8,0,0
1637865996728,268,Medium,200,OK,true,307512,139,41,41,7,0,0
1637865996601,396,Medium-Large,200,OK,true,512313,139,41,41,7,0,0
1637865996968,50,Small,200,OK,true,51511,138,41,41,7,0,0
1637865996924,95,Small-Medium,200,OK,true,102713,139,41,41,8,0,0
1637865996910,112,Small-Medium,200,OK,true,102713,139,41,41,5,0,0
1637865996578,452,Medium-Large,200,OK,true,512313,139,41,41,6,0,0
1637865996538,500,Medium-Large,200,OK,true,512313,139,41,41,11,0,0
1637865996187,873,Large,200,OK,true,1048891,137,41,41,6,0,0
1637865997027,46,Small,200,OK,true,51511,138,41,41,7,0,0
1637865996982,93,Small-Medium,200,OK,true,102713,139,41,41,6,0,0
1637865996965,112,Small-Medium,200,OK,true,102713,139,41,41,7,0,0
1637865997030,51,Small,200,OK,true,51511,138,41,41,7,0,0
1637865996667,423,Medium-Large,200,OK,true,512313,139,41,41,6,0,0
1637865996658,434,Medium-Large,200,OK,true,512313,139,41,41,7,0,0
1637865996126,977,Large,200,OK,true,1048891,137,41,41,6,0,0
1637865997024,99,Small-Medium,200,OK,true,102713,139,41,41,5,0,0
1637865996697,432,Medium-Large,200,OK,true,512313,139,41,41,8,0,0
1637865997039,107,Small-Medium,200,OK,true,102713,139,41,41,6,0,0
1637865996164,984,Large,200,OK,true,1048891,137,41,41,8,0,0
1637865997103,56,Small,200,OK,true,51511,138,41,41,6,0,0
1637865996176,991,Large,200,OK,true,1048891,137,41,41,6,0,0
1637865997076,99,Small-Medium,200,OK,true,102713,139,41,41,7,0,0
1637865996222,985,Large,200,OK,true,1048891,137,41,41,6,0,0
1637865996938,305,Medium,200,OK,true,307513,139,41,41,6,0,0
1637865997188,58,Small,200,OK,true,51511,138,41,41,7,0,0
1637865997146,109,Small-Medium,200,OK,true,102713,139,41,41,7,0,0
1637865996807,470,Medium-Large,200,OK,true,512313,139,41,41,6,0,0
1637865996344,940,Large,200,OK,true,1048891,137,41,41,11,0,0
1637865996356,960,Large,200,OK,true,1048891,137,41,41,7,0,0
1637865997267,57,Small,200,OK,true,51511,138,41,41,6,0,0
1637865997036,310,Medium,200,OK,true,307513,139,41,41,7,0,0
1637865997061,289,Medium,200,OK,true,307513,139,41,41,6,0,0
1637865997244,106,Small-Medium,200,OK,true,102713,139,41,41,6,0,0
1637865996874,483,Medium-Large,200,OK,true,512313,139,41,41,8,0,0
1637865996899,489,Medium-Large,200,OK,true,512313,139,41,41,7,0,0
1637865996936,467,Medium-Large,200,OK,true,512313,139,41,41,7,0,0
1637865997350,56,Small,200,OK,true,51511,138,41,41,6,0,0
1637865996896,512,Medium-Large,200,OK,true,512313,139,41,41,6,0,0
1637865997090,319,Medium,200,OK,true,307513,139,41,41,7,0,0
1637865996913,500,Medium-Large,200,OK,true,512313,139,41,41,8,0,0
1637865997310,103,Small-Medium,200,OK,true,102713,139,41,41,5,0,0
1637865997132,296,Medium,200,OK,true,307513,139,41,41,7,0,0
1637865996997,469,Medium-Large,200,OK,true,512313,139,41,41,7,0,0
1637865996405,1071,Large,200,OK,true,1048891,137,41,41,15,0,0
1637865996996,484,Medium-Large,200,OK,true,512312,139,41,41,7,0,0
1637865997389,104,Small-Medium,200,OK,true,102713,139,41,41,6,0,0
1637865997414,105,Small-Medium,200,OK,true,102713,139,41,41,7,0,0
1637865997432,107,Small-Medium,200,OK,true,102713,139,41,41,6,0,0
1637865997241,306,Medium,200,OK,true,307513,139,41,41,6,0,0
1637865997061,507,Medium-Large,200,OK,true,512313,139,41,41,6,0,0
1637865997481,104,Small-Medium,200,OK,true,102712,139,41,41,5,0,0
1637865997548,53,Small,200,OK,true,51511,138,41,41,7,0,0
1637865997129,481,Medium-Large,200,OK,true,512313,139,41,41,7,0,0
1637865997093,520,Medium-Large,200,OK,true,512313,139,41,41,7,0,0
1637865997516,102,Small-Medium,200,OK,true,102713,139,41,41,7,0,0
1637865997087,531,Medium-Large,200,OK,true,512313,139,41,41,7,0,0
1637865997075,557,Medium-Large,200,OK,true,512313,139,41,41,6,0,0
1637865996631,1019,Large,200,OK,true,1048891,137,41,41,5,0,0
1637865997596,56,Small,200,OK,true,51511,138,41,41,7,0,0
1637865997614,56,Small,200,OK,true,51511,138,41,41,6,0,0
1637865997148,521,Medium-Large,200,OK,true,512313,139,41,41,7,0,0
1637865997619,55,Small,200,OK,true,51511,138,41,41,7,0,0
1637865997347,330,Medium,200,OK,true,307513,139,41,41,6,0,0
1637865997578,102,Small-Medium,200,OK,true,102713,139,41,41,7,0,0
1637865997645,50,Small,200,OK,true,51510,138,41,41,6,0,0
1637865996712,984,Large,200,OK,true,1048891,137,41,41,7,0,0
1637865997191,510,Medium-Large,200,OK,true,512313,139,41,41,6,0,0
1637865997129,581,Medium-Large,200,OK,true,512313,139,41,41,7,0,0
1637865997194,518,Medium-Large,200,OK,true,512313,139,41,41,7,0,0
1637865996716,999,Large,200,OK,true,1048891,137,41,41,7,0,0
1637865996723,996,Large,200,OK,true,1048890,137,41,41,8,0,0
1637865997207,516,Medium-Large,200,OK,true,512313,139,41,41,6,0,0
1637865997678,52,Small,200,OK,true,51511,138,41,41,6,0,0
1637865997204,528,Medium-Large,200,OK,true,512312,139,41,41,7,0,0
1637865997409,337,Medium,200,OK,true,307513,139,41,41,7,0,0
1637865997633,116,Small-Medium,200,OK,true,102713,139,41,41,7,0,0
1637865997277,481,Medium-Large,200,OK,true,512313,139,41,41,7,0,0
1637865997680,95,Small-Medium,200,OK,true,102713,139,41,41,7,0,0
1637865996784,1021,Large,200,OK,true,1048891,137,41,41,7,0,0
1637865997720,96,Small-Medium,200,OK,true,102712,139,41,41,7,0,0
1637865997316,504,Medium-Large,200,OK,true,512313,139,41,41,7,0,0
1637865996873,954,Large,200,OK,true,1048891,137,41,41,8,0,0
1637865997782,55,Small,200,OK,true,51511,138,41,41,8,0,0
1637865997352,494,Medium-Large,200,OK,true,512313,139,41,41,7,0,0
1637865997553,298,Medium,200,OK,true,307513,139,41,41,7,0,0
1637865997759,96,Small-Medium,200,OK,true,102713,139,41,41,7,0,0
1637865997357,507,Medium-Large,200,OK,true,512313,139,41,41,7,0,0
1637865997611,284,Medium,200,OK,true,307513,139,41,41,7,0,0
1637865997404,499,Medium-Large,200,OK,true,512313,139,41,41,7,0,0
1637865997411,493,Medium-Large,200,OK,true,512313,139,41,41,7,0,0
1637865996873,1031,Large,200,OK,true,1048891,137,41,41,8,0,0
1637865997828,110,Small-Medium,200,OK,true,102713,139,41,41,8,0,0
1637865997475,486,Medium-Large,200,OK,true,512313,139,41,41,7,0,0
1637865997851,111,Small-Medium,200,OK,true,102713,139,41,41,8,0,0
1637865997904,67,Small,200,OK,true,51511,138,41,41,18,0,0
1637865997924,49,Small,200,OK,true,51511,138,41,41,7,0,0
1637865997652,328,Medium,200,OK,true,307513,139,41,41,7,0,0
1637865997670,318,Medium,200,OK,true,307513,139,41,41,8,0,0
1637865997712,299,Medium,200,OK,true,307513,139,41,41,8,0,0
1637865997906,108,Small-Medium,200,OK,true,102713,139,41,41,6,0,0
1637865997992,54,Small,200,OK,true,51511,138,41,41,8,0,0
1637865997570,479,Medium-Large,200,OK,true,512313,139,41,41,7,0,0
1637865997711,355,Medium,200,OK,true,307513,139,41,41,7,0,0
1637865997962,109,Small-Medium,200,OK,true,102713,139,41,41,6,0,0
1637865997760,311,Medium,200,OK,true,307513,139,41,41,6,0,0
1637865997981,100,Small-Medium,200,OK,true,102713,139,41,41,7,0,0
1637865997746,339,Medium,200,OK,true,307513,139,41,41,7,0,0
1637865997778,308,Medium,200,OK,true,307513,139,41,41,6,0,0
1637865998068,51,Small,200,OK,true,51511,138,41,41,7,0,0
1637865997822,317,Medium,200,OK,true,307513,139,41,41,7,0,0
1637865998085,61,Small,200,OK,true,51511,138,41,41,8,0,0
1637865997088,1070,Large,200,OK,true,1048891,137,41,41,8,0,0
1637865997842,333,Medium,200,OK,true,307513,139,41,41,7,0,0
1637865997848,334,Medium,200,OK,true,307513,139,41,41,6,0,0
1637865998088,100,Small-Medium,200,OK,true,102713,139,41,41,7,0,0
1637865997703,489,Medium-Large,200,OK,true,512313,139,41,41,6,0,0
1637865997698,496,Medium-Large,200,OK,true,512313,139,41,41,6,0,0
1637865997716,507,Medium-Large,200,OK,true,512313,139,41,41,8,0,0
1637865997167,1063,Large,200,OK,true,1048891,137,41,41,6,0,0
1637865997724,512,Medium-Large,200,OK,true,512313,139,41,41,7,0,0
1637865997038,1198,Large,200,OK,true,1048891,137,41,41,6,0,0
1637865998139,103,Small-Medium,200,OK,true,102713,139,41,41,6,0,0
1637865997733,522,Medium-Large,200,OK,true,512312,139,41,41,8,0,0
1637865998155,108,Small-Medium,200,OK,true,102713,139,41,41,7,0,0
1637865997741,523,Medium-Large,200,OK,true,512313,139,41,41,8,0,0
1637865998159,110,Small-Medium,200,OK,true,102713,139,41,41,7,0,0
1637865998223,58,Small,200,OK,true,51511,138,41,41,8,0,0
1637865998182,107,Small-Medium,200,OK,true,102713,139,41,41,8,0,0
1637865997809,489,Medium-Large,200,OK,true,512312,139,41,41,6,0,0
1637865998194,107,Small-Medium,200,OK,true,102713,139,41,41,7,0,0
1637865998249,58,Small,200,OK,true,51511,138,41,41,7,0,0
1637865998255,54,Small,200,OK,true,51510,138,41,41,7,0,0
1637865998015,300,Medium,200,OK,true,307513,139,41,41,6,0,0
1637865998011,304,Medium,200,OK,true,307513,139,41,41,7,0,0
1637865997284,1044,Large,200,OK,true,1048891,137,41,41,6,0,0
1637865998237,101,Small-Medium,200,OK,true,102713,139,41,41,7,0,0
1637865998237,110,Small-Medium,200,OK,true,102713,139,41,41,8,0,0
1637865998252,101,Small-Medium,200,OK,true,102713,139,41,41,7,0,0
1637865998315,49,Small,200,OK,true,51511,138,41,41,6,0,0
1637865997467,899,Large,200,OK,true,1048891,137,41,41,5,0,0
1637865997429,939,Large,200,OK,true,1048891,137,41,41,8,0,0
1637865997865,512,Medium-Large,200,OK,true,512313,139,41,41,7,0,0
1637865997895,485,Medium-Large,200,OK,true,512313,139,41,41,8,0,0
1637865998086,298,Medium,200,OK,true,307513,139,41,41,8,0,0
1637865998071,314,Medium,200,OK,true,307513,139,41,41,7,0,0
1637865998298,90,Small-Medium,200,OK,true,102712,139,41,41,8,0,0
1637865998346,55,Small,200,OK,true,51511,138,41,41,7,0,0
1637865998366,42,Small,200,OK,true,51511,138,41,41,6,0,0
1637865997408,1047,Large,200,OK,true,1048891,137,41,41,7,0,0
1637865998400,56,Small,200,OK,true,51511,138,41,41,7,0,0
1637865998369,89,Small-Medium,200,OK,true,102713,139,41,41,6,0,0
1637865998402,57,Small,200,OK,true,51511,138,41,41,7,0,0
1637865998413,55,Small,200,OK,true,51511,138,41,41,7,0,0
1637865998070,490,Medium-Large,200,OK,true,512313,139,42,42,8,0,0
1637865998264,298,Medium,200,OK,true,307513,139,42,42,7,0,0
1637865998455,111,Small-Medium,200,OK,true,102713,139,42,42,8,0,0
1637865998479,92,Small-Medium,200,OK,true,102713,139,42,42,6,0,0
1637865998320,270,Medium,200,OK,true,307513,139,42,42,8,0,0
1637865998126,488,Medium-Large,200,OK,true,512313,139,42,42,7,0,0
1637865998529,87,Small-Medium,200,OK,true,102713,139,42,42,6,0,0
1637865998329,288,Medium,200,OK,true,307513,139,42,42,7,0,0
1637865998510,113,Small-Medium,200,OK,true,102713,139,42,42,7,0,0
1637865998066,583,Medium-Large,200,OK,true,512313,139,42,42,7,0,0
1637865998144,518,Medium-Large,200,OK,true,512313,139,42,42,7,0,0
1637865998381,286,Medium,200,OK,true,307513,139,42,42,5,0,0
1637865998562,114,Small-Medium,200,OK,true,102713,139,42,42,8,0,0
1637865998623,58,Small,200,OK,true,51511,138,42,42,7,0,0
1637865998377,310,Medium,200,OK,true,307513,139,42,42,7,0,0
1637865998385,316,Medium,200,OK,true,307513,139,42,42,8,0,0
1637865998646,59,Small,200,OK,true,51511,138,42,42,7,0,0
1637865997477,1238,Large,200,OK,true,1048891,137,42,42,6,0,0
1637865998420,333,Medium,200,OK,true,307512,139,42,42,7,0,0
1637865998649,120,Small-Medium,200,OK,true,102713,139,42,42,7,0,0
1637865998463,308,Medium,200,OK,true,307477,139,42,42,7,0,0
1637865998715,61,Small,200,OK,true,51511,138,42,42,6,0,0
1637865998678,107,Small-Medium,200,OK,true,102713,139,42,42,7,0,0
1637865997714,1071,Large,200,OK,true,1048891,137,42,42,7,0,0
1637865998315,486,Medium-Large,200,OK,true,512313,139,42,42,9,0,0
1637865997844,976,Large,200,OK,true,1048891,137,42,42,6,0,0
1637865998532,293,Medium,200,OK,true,307513,139,42,42,8,0,0
1637865998324,529,Medium-Large,200,OK,true,512313,139,42,42,8,0,0
1637865998357,506,Medium-Large,200,OK,true,512313,139,42,42,7,0,0
1637865998821,54,Small,200,OK,true,51511,138,42,42,8,0,0
1637865998560,323,Medium,200,OK,true,307513,139,42,42,6,0,0
1637865998384,508,Medium-Large,200,OK,true,512313,139,42,42,7,0,0
1637865998590,311,Medium,200,OK,true,307513,139,42,42,8,0,0
1637865997806,1097,Large,200,OK,true,1048891,137,42,42,7,0,0
1637865998846,61,Small,200,OK,true,51511,138,42,42,7,0,0
1637865998853,58,Small,200,OK,true,51511,138,42,42,6,0,0
1637865997903,1009,Large,200,OK,true,1048891,137,42,42,8,0,0
1637865997885,1028,Large,200,OK,true,1048890,137,42,42,9,0,0
1637865998883,55,Small,200,OK,true,51511,138,42,42,6,0,0
1637865998416,524,Medium-Large,200,OK,true,512313,139,42,42,7,0,0
1637865997797,1147,Large,200,OK,true,1048891,137,42,42,6,0,0
1637865998882,67,Small,200,OK,true,51511,138,42,42,7,0,0
1637865998893,59,Small,200,OK,true,51511,138,42,42,6,0,0
1637865998913,55,Small,200,OK,true,51510,138,42,42,6,0,0
1637865997946,1028,Large,200,OK,true,1048891,137,42,42,5,0,0
1637865998049,963,Large,200,OK,true,1048891,137,42,42,6,0,0
1637865997988,1038,Large,200,OK,true,1048891,137,42,42,8,0,0
1637865998944,111,Small-Medium,200,OK,true,102713,139,42,42,7,0,0
1637865998557,508,Medium-Large,200,OK,true,512314,139,42,42,13,0,7
1637865999012,58,Small,200,OK,true,51511,138,42,42,7,0,0
1637865999014,57,Small,200,OK,true,51511,138,42,42,7,0,0
1637865998564,537,Medium-Large,200,OK,true,512313,139,42,42,10,0,0
1637865998802,310,Medium,200,OK,true,307513,139,42,42,7,0,0
1637865999050,108,Small-Medium,200,OK,true,102713,139,42,42,7,0,0
1637865999101,64,Small,200,OK,true,51511,138,42,42,7,0,0
1637865998667,504,Medium-Large,200,OK,true,512313,139,42,42,7,0,0
1637865998912,288,Medium,200,OK,true,307513,139,42,42,7,0,0
1637865998662,545,Medium-Large,200,OK,true,512313,139,42,42,7,0,0
1637865998687,524,Medium-Large,200,OK,true,512313,139,42,42,8,0,0
1637865999112,105,Small-Medium,200,OK,true,102713,139,42,42,6,0,0
1637865998192,1025,Large,200,OK,true,1048891,137,42,42,8,0,0
1637865998175,1065,Large,200,OK,true,1048891,137,42,42,7,0,0
1637865999180,60,Small,200,OK,true,51511,138,42,42,7,0,0
1637865998232,1020,Large,200,OK,true,1048891,137,42,42,6,0,0
1637865998730,522,Medium-Large,200,OK,true,512313,139,42,42,8,0,0
1637865999218,54,Small,200,OK,true,51511,138,42,42,5,0,0
1637865999171,105,Small-Medium,200,OK,true,102713,139,42,42,7,0,0
1637865998231,1057,Large,200,OK,true,1048891,137,42,42,7,0,0
1637865998753,536,Medium-Large,200,OK,true,512312,139,42,42,7,0,0
1637865998771,520,Medium-Large,200,OK,true,512314,139,42,42,15,0,8
1637865998974,319,Medium,200,OK,true,307513,139,42,42,7,0,0
1637865998785,514,Medium-Large,200,OK,true,512313,139,42,42,7,0,0
1637865999240,61,Small,200,OK,true,51510,138,42,42,7,0,0
1637865999252,51,Small,200,OK,true,51510,138,42,42,7,0,0
1637865998825,493,Medium-Large,200,OK,true,512313,139,42,42,6,0,0
1637865999280,55,Small,200,OK,true,51511,138,42,42,7,0,0
1637865998303,1039,Large,200,OK,true,1048891,137,42,42,7,0,0
1637865999290,57,Small,200,OK,true,51510,138,42,42,8,0,0
1637865999293,55,Small,200,OK,true,51510,138,42,42,8,0,0
1637865999020,330,Medium,200,OK,true,307513,139,42,42,8,0,0
1637865999299,53,Small,200,OK,true,51511,138,42,42,7,0,0
1637865999252,103,Small-Medium,200,OK,true,102713,139,42,42,7,0,0
1637865999268,111,Small-Medium,200,OK,true,102713,139,42,42,7,0,0
1637865998901,481,Medium-Large,200,OK,true,512313,139,42,42,7,0,0
1637865999081,310,Medium,200,OK,true,307477,139,42,42,7,0,0
1637865999350,55,Small,200,OK,true,51511,138,42,42,7,0,0
1637865998387,1029,Large,200,OK,true,1048891,137,42,42,7,0,0
1637865998940,481,Medium-Large,200,OK,true,512313,139,42,42,7,0,0
1637865999382,47,Small,200,OK,true,51511,138,42,42,6,0,0
1637865999342,94,Small-Medium,200,OK,true,102713,139,42,42,8,0,0
1637865999386,50,Small,200,OK,true,51511,138,42,42,7,0,0
1637865999112,340,Medium,200,OK,true,307513,139,42,42,6,0,0
1637865998988,474,Medium-Large,200,OK,true,512313,139,42,42,7,0,0
1637865999420,46,Small,200,OK,true,51510,138,42,42,6,0,0
1637865999200,270,Medium,200,OK,true,307513,139,42,42,7,0,0
1637865999452,56,Small,200,OK,true,51511,138,42,42,7,0,0
1637865999026,512,Medium-Large,200,OK,true,512313,139,42,42,7,0,0
1637865999448,98,Small-Medium,200,OK,true,102713,139,42,42,7,0,0
1637865999065,482,Medium-Large,200,OK,true,512313,139,42,42,6,0,0
1637865999437,112,Small-Medium,200,OK,true,102713,139,42,42,7,0,0
1637865999050,521,Medium-Large,200,OK,true,512313,139,42,42,7,0,0
1637865999470,103,Small-Medium,200,OK,true,102713,139,42,42,6,0,0
1637865998564,1048,Large,200,OK,true,1048891,137,42,42,7,0,0
1637865998614,1007,Large,200,OK,true,1048891,137,42,42,8,0,0
1637865999572,59,Small,200,OK,true,51511,138,42,42,7,0,0
1637865999538,109,Small-Medium,200,OK,true,102713,139,42,42,7,0,0
1637865998697,952,Large,200,OK,true,1048891,137,42,42,7,0,0
1637865999547,108,Small-Medium,200,OK,true,102713,139,42,42,8,0,0
1637865999553,102,Small-Medium,200,OK,true,102713,139,42,42,7,0,0
1637865998617,1046,Large,200,OK,true,1048891,137,42,42,7,0,0
1637865999605,64,Small,200,OK,true,51511,138,42,42,8,0,0
1637865999613,59,Small,200,OK,true,51511,138,42,42,6,0,0
1637865999181,510,Medium-Large,200,OK,true,512313,139,42,42,8,0,0
1637865999391,308,Medium,200,OK,true,307514,139,42,42,13,0,7
1637865999421,292,Medium,200,OK,true,307513,139,42,42,7,0,0
1637865999211,508,Medium-Large,200,OK,true,512313,139,42,42,7,0,0
1637865998701,1039,Large,200,OK,true,1048891,137,42,42,6,0,0
1637865999691,61,Small,200,OK,true,51511,138,42,42,14,0,0
1637865999461,292,Medium,200,OK,true,307512,139,42,42,5,0,0
1637865999663,105,Small-Medium,200,OK,true,102713,139,42,42,7,0,0
1637865999291,479,Medium-Large,200,OK,true,512313,139,42,42,11,0,0
1637865999288,495,Medium-Large,200,OK,true,512313,139,42,42,10,0,0
1637865999318,469,Medium-Large,200,OK,true,512313,139,42,42,6,0,0
1637865998577,1213,Large,200,OK,true,1048891,137,42,42,11,0,0
1637865999699,122,Small-Medium,200,OK,true,102713,139,42,42,8,0,0
1637865999339,486,Medium-Large,200,OK,true,512313,139,42,42,6,0,0
1637865999787,60,Small,200,OK,true,51511,138,42,42,6,0,0
1637865999347,503,Medium-Large,200,OK,true,512313,139,42,42,8,0,0
1637865999783,74,Small,200,OK,true,51511,138,42,42,8,0,0
1637865998814,1044,Large,200,OK,true,1048891,137,42,42,8,0,0
1637865998791,1085,Large,200,OK,true,1048891,137,42,42,6,0,0
1637865998863,1020,Large,200,OK,true,1048891,137,42,42,6,0,0
1637865999588,306,Medium,200,OK,true,307512,139,42,42,6,0,0
1637865999416,515,Medium-Large,200,OK,true,512313,139,42,42,6,0,0
1637865999408,531,Medium-Large,200,OK,true,512312,139,42,42,7,0,0
1637865999420,524,Medium-Large,200,OK,true,512313,139,42,42,7,0,0
1637865999884,63,Small,200,OK,true,51511,138,42,42,6,0,0
1637865999637,316,Medium,200,OK,true,307513,139,42,42,8,0,0
1637865999621,340,Medium,200,OK,true,307513,139,42,42,7,0,0
1637865999858,106,Small-Medium,200,OK,true,102713,139,42,42,7,0,0
1637865998903,1073,Large,200,OK,true,1048891,137,42,42,7,0,0
1637865999939,60,Small,200,OK,true,51510,138,42,42,8,0,0
1637865999944,57,Small,200,OK,true,51511,138,42,42,6,0,0
1637865999953,55,Small,200,OK,true,51511,138,42,42,7,0,0
1637865999952,57,Small,200,OK,true,51511,138,42,42,7,0,0
1637865999955,55,Small,200,OK,true,51511,138,42,42,6,0,0
1637865998818,1195,Large,200,OK,true,1048891,137,42,42,8,0,0
1637865999962,55,Small,200,OK,true,51511,138,42,42,6,0,0
1637865999976,58,Small,200,OK,true,51511,138,42,42,7,0,0
1637865999714,323,Medium,200,OK,true,307513,139,42,42,7,0,0
1637865999715,333,Medium,200,OK,true,307513,139,42,42,6,0,0
1637865999517,544,Medium-Large,200,OK,true,512313,139,42,42,6,0,0
1637865999753,313,Medium,200,OK,true,307512,139,42,42,8,0,0
1637866000013,60,Small,200,OK,true,51511,138,42,42,7,0,0
1637865999060,1026,Large,200,OK,true,1048891,137,42,42,8,0,0
1637865999781,316,Medium,200,OK,true,307513,139,42,42,9,0,0
1637866000048,50,Small,200,OK,true,51511,138,42,42,6,0,0
1637866000051,48,Small,200,OK,true,51511,138,42,42,7,0,0
1637866000026,94,Small-Medium,200,OK,true,102713,139,42,42,7,0,0
1637865999616,509,Medium-Large,200,OK,true,512313,139,42,42,7,0,0
1637865999773,354,Medium,200,OK,true,307513,139,42,42,7,0,0
1637865999850,288,Medium,200,OK,true,307513,139,42,42,7,0,0
1637866000097,52,Small,200,OK,true,51511,138,42,42,7,0,0
1637866000066,104,Small-Medium,200,OK,true,102712,139,42,42,7,0,0
1637865999867,311,Medium,200,OK,true,307513,139,42,42,6,0,0
1637866000138,55,Small,200,OK,true,51511,138,42,42,6,0,0
1637865999877,319,Medium,200,OK,true,307513,139,42,42,7,0,0
1637866000123,107,Small-Medium,200,OK,true,102713,139,42,42,7,0,0
1637866000120,118,Small-Medium,200,OK,true,102713,139,42,42,7,0,0
1637866000130,112,Small-Medium,200,OK,true,102713,139,42,42,7,0,0
1637865999721,524,Medium-Large,200,OK,true,512313,139,42,42,8,0,0
1637865999217,1029,Large,200,OK,true,1048891,137,42,42,6,0,0
1637865999770,491,Medium-Large,200,OK,true,512313,139,42,42,6,0,0
1637866000219,54,Small,200,OK,true,51511,138,42,42,8,0,0
1637865999207,1076,Large,200,OK,true,1048891,137,42,42,7,0,0
1637866000180,119,Small-Medium,200,OK,true,102713,139,42,42,9,0,0
1637865999790,549,Medium-Large,200,OK,true,512313,139,42,42,19,0,0
1637866000288,58,Small,200,OK,true,51511,138,42,42,7,0,0
1637866000246,106,Small-Medium,200,OK,true,102713,139,42,42,7,0,0
1637866000298,55,Small,200,OK,true,51511,138,42,42,8,0,0
1637866000061,327,Medium,200,OK,true,307513,139,42,42,8,0,0
1637865999860,532,Medium-Large,200,OK,true,512313,139,42,42,8,0,0
1637865999894,504,Medium-Large,200,OK,true,512312,139,42,42,8,0,0
1637866000291,111,Small-Medium,200,OK,true,102713,139,42,42,7,0,0
1637866000284,123,Small-Medium,200,OK,true,102713,139,42,42,6,0,0
1637866000339,75,Small,200,OK,true,51511,138,42,42,6,0,0
1637865999932,510,Medium-Large,200,OK,true,512313,139,42,42,7,0,0
1637866000126,322,Medium,200,OK,true,307513,139,42,42,7,0,0
1637866000398,56,Small,200,OK,true,51510,138,42,42,7,0,0
1637866000112,342,Medium,200,OK,true,307513,139,42,42,6,0,0
1637866000414,53,Small,200,OK,true,51511,138,42,42,6,0,0
1637866000127,349,Medium,200,OK,true,307513,139,42,42,7,0,0
1637865999462,1016,Large,200,OK,true,1048891,137,42,42,8,0,0
1637866000449,56,Small,200,OK,true,51511,138,42,42,6,0,0
1637866000194,328,Medium,200,OK,true,307513,139,42,42,6,0,0
1637865999467,1065,Large,200,OK,true,1048891,137,42,42,7,0,0
1637866000476,59,Small,200,OK,true,51511,138,42,42,7,0,0
1637866000196,346,Medium,200,OK,true,307513,139,42,42,7,0,0
1637866000037,528,Medium-Large,200,OK,true,512313,139,42,42,6,0,0
1637865999550,1033,Large,200,OK,true,1048891,137,42,42,6,0,0
1637865999458,1126,Large,200,OK,true,1048890,137,42,42,6,0,0
1637866000261,323,Medium,200,OK,true,307513,139,42,42,6,0,0
1637866000478,111,Small-Medium,200,OK,true,102713,139,42,42,7,0,0
1637865999510,1082,Large,200,OK,true,1048891,137,42,42,7,0,0
1637866000532,63,Small,200,OK,true,51511,138,42,42,8,0,0
1637866000086,529,Medium-Large,200,OK,true,512313,139,42,42,8,0,0
1637865999649,985,Large,200,OK,true,1048891,137,42,42,7,0,0
1637866000522,121,Small-Medium,200,OK,true,102713,139,42,42,6,0,0
1637866000121,527,Medium-Large,200,OK,true,512313,139,42,42,7,0,0
1637866000108,550,Medium-Large,200,OK,true,512312,139,42,42,6,0,0
1637866000634,52,Small,200,OK,true,51511,138,42,42,7,0,0
1637866000584,110,Small-Medium,200,OK,true,102712,139,42,42,8,0,0
1637866000143,554,Medium-Large,200,OK,true,512313,139,42,42,7,0,0
1637866000648,56,Small,200,OK,true,51511,138,42,42,7,0,0
1637866000215,537,Medium-Large,200,OK,true,512313,139,42,42,7,0,0
1637866000646,107,Small-Medium,200,OK,true,102713,139,42,42,7,0,0
1637866000443,323,Medium,200,OK,true,307513,139,42,42,7,0,0
1637866000234,545,Medium-Large,200,OK,true,512312,139,42,42,7,0,0
1637866000452,336,Medium,200,OK,true,307513,139,42,42,6,0,0
1637866000245,546,Medium-Large,200,OK,true,512313,139,42,42,7,0,0
1637865999707,1084,Large,200,OK,true,1048891,137,42,42,8,0,0
1637866000697,115,Small-Medium,200,OK,true,102713,139,42,42,7,0,0
1637865999620,1195,Large,200,OK,true,1048891,137,42,42,24,0,0
1637866000766,53,Small,200,OK,true,51511,138,42,42,5,0,0
1637866000264,555,Medium-Large,200,OK,true,512313,139,42,42,7,0,0
1637866000305,523,Medium-Large,200,OK,true,512313,139,42,42,7,0,0
1637865999740,1103,Large,200,OK,true,1048891,137,42,42,6,0,0
1637865999719,1125,Large,200,OK,true,1048891,137,42,42,15,0,0
1637866000788,59,Small,200,OK,true,51511,138,42,42,6,0,0
1637866000791,61,Small,200,OK,true,51511,138,42,42,8,0,0
1637865999825,1033,Large,200,OK,true,1048891,137,42,42,8,0,0
1637865999740,1129,Large,200,OK,true,1048891,137,42,42,6,0,0
1637866000543,331,Medium,200,OK,true,307513,139,42,42,20,0,0
1637866000565,309,Medium,200,OK,true,307513,139,42,42,6,0,0
1637866000801,88,Small-Medium,200,OK,true,102713,139,42,42,8,0,0
1637866000582,307,Medium,200,OK,true,307513,139,42,42,8,0,0
1637865999831,1088,Large,200,OK,true,1048891,137,42,42,10,0,0
1637866000819,104,Small-Medium,200,OK,true,102713,139,42,42,8,0,0
1637866000829,94,Small-Medium,200,OK,true,102713,139,42,42,8,0,0
1637866000349,593,Medium-Large,200,OK,true,512313,139,42,42,7,0,0
1637866000844,105,Small-Medium,200,OK,true,102712,139,42,42,7,0,0
1637866000874,105,Small-Medium,200,OK,true,102713,139,42,42,13,0,0
1637866000919,60,Small,200,OK,true,51511,138,42,42,7,0,0
1637866000865,115,Small-Medium,200,OK,true,102713,139,42,42,7,0,0
1637866000456,525,Medium-Large,200,OK,true,512313,139,42,42,6,0,0
1637866000658,326,Medium,200,OK,true,307512,139,42,42,7,0,0
1637866000465,522,Medium-Large,200,OK,true,512313,139,42,42,7,0,0
1637866000869,123,Small-Medium,200,OK,true,102713,139,42,42,7,0,0
1637866000454,540,Medium-Large,200,OK,true,512313,139,42,42,7,0,0
1637866000690,308,Medium,200,OK,true,307513,139,42,42,7,0,0
1637866000700,318,Medium,200,OK,true,307513,139,42,42,7,0,0
1637866000985,54,Small,200,OK,true,51510,138,42,42,6,0,0
1637866000998,56,Small,200,OK,true,51511,138,42,42,7,0,0
1637866000583,481,Medium-Large,200,OK,true,512313,139,42,42,7,0,0
1637866000753,312,Medium,200,OK,true,307512,139,42,42,8,0,0
1637866000566,500,Medium-Large,200,OK,true,512312,139,42,42,7,0,0
1637866000969,99,Small-Medium,200,OK,true,102713,139,42,42,7,0,0
1637866000584,511,Medium-Large,200,OK,true,512313,139,42,42,9,0,0
1637866001038,58,Small,200,OK,true,51511,138,42,42,6,0,0
1637866000814,284,Medium,200,OK,true,307513,139,42,42,7,0,0
1637866000592,508,Medium-Large,200,OK,true,512313,139,42,42,6,0,0
1637866000816,285,Medium,200,OK,true,307513,139,42,42,6,0,0
1637866001087,52,Small,200,OK,true,51511,138,42,42,7,0,0
1637866001041,99,Small-Medium,200,OK,true,102713,139,42,42,7,0,0
1637866000858,297,Medium,200,OK,true,307513,139,42,42,7,0,0
1637866001102,54,Small,200,OK,true,51511,138,42,42,6,0,0
1637866001066,102,Small-Medium,200,OK,true,102712,139,42,42,6,0,0
1637866001065,104,Small-Medium,200,OK,true,102677,139,42,42,7,0,0
1637866000874,327,Medium,200,OK,true,307513,139,42,42,6,0,0
1637866001152,56,Small,200,OK,true,51510,138,42,42,8,0,0
1637866001165,52,Small,200,OK,true,51511,138,42,42,7,0,0
1637866001138,94,Small-Medium,200,OK,true,102713,139,42,42,7,0,0
1637866000178,1077,Large,200,OK,true,1048891,137,42,42,7,0,0
1637866001201,54,Small,200,OK,true,51511,138,42,42,7,0,0
1637866000753,506,Medium-Large,200,OK,true,512313,139,42,42,5,0,0
1637866000956,316,Medium,200,OK,true,307513,139,42,42,6,0,0
1637866000779,498,Medium-Large,200,OK,true,512312,139,42,42,6,0,0
1637866000943,338,Medium,200,OK,true,307513,139,42,42,7,0,0
1637866000981,307,Medium,200,OK,true,307513,139,42,42,7,0,0
1637866000987,311,Medium,200,OK,true,307513,139,42,42,10,0,0
1637866000994,306,Medium,200,OK,true,307513,139,42,42,6,0,0
1637866001272,54,Small,200,OK,true,51511,138,42,42,6,0,0
1637866001288,56,Small,200,OK,true,51511,138,42,42,6,0,0
1637866001255,102,Small-Medium,200,OK,true,102713,139,42,42,7,0,0
1637866000844,515,Medium-Large,200,OK,true,512313,139,42,42,9,0,0
1637866001320,61,Small,200,OK,true,51510,138,42,42,7,0,0
1637866000889,500,Medium-Large,200,OK,true,512313,139,42,42,6,0,0
1637866001333,58,Small,200,OK,true,51510,138,42,42,8,0,0
1637866001095,299,Medium,200,OK,true,307513,139,42,42,6,0,0
1637866001100,309,Medium,200,OK,true,307513,139,42,42,7,0,0
1637866001360,51,Small,200,OK,true,51511,138,42,42,5,0,0
1637866000387,1035,Large,200,OK,true,1048891,137,42,42,6,0,0
1637866001156,277,Medium,200,OK,true,307513,139,42,42,6,0,0
1637866000459,977,Large,200,OK,true,1048891,137,42,42,6,0,0
1637866001394,54,Small,200,OK,true,51511,138,42,42,8,0,0
1637866000388,1063,Large,200,OK,true,1048891,137,42,42,7,0,0
1637866000392,1065,Large,200,OK,true,1048891,137,42,42,7,0,0
1637866000958,506,Medium-Large,200,OK,true,512313,139,42,42,7,0,0
1637866001434,53,Small,200,OK,true,51511,138,42,42,7,0,0
1637866001436,56,Small,200,OK,true,51511,138,42,42,8,0,0
1637866001457,56,Small,200,OK,true,51511,138,42,42,7,0,0
1637866001012,508,Medium-Large,200,OK,true,512312,139,42,42,6,0,0
1637866001234,306,Medium,200,OK,true,307512,139,42,42,7,0,0
1637866001451,101,Small-Medium,200,OK,true,102713,139,42,42,7,0,0
1637866001455,102,Small-Medium,200,OK,true,102713,139,42,42,6,0,0
1637866001233,339,Medium,200,OK,true,307514,139,42,42,13,0,7
1637866001298,311,Medium,200,OK,true,307512,139,42,42,6,0,0
1637866001281,332,Medium,200,OK,true,307513,139,42,42,7,0,0
1637866000616,1016,Large,200,OK,true,1048891,137,42,42,7,0,0
1637866001540,100,Small-Medium,200,OK,true,102712,139,42,42,7,0,0
1637866000615,1068,Large,200,OK,true,1048891,137,42,42,7,0,0
1637866001573,119,Small-Medium,200,OK,true,102713,139,42,42,5,0,0
1637866001623,70,Small,200,OK,true,51511,138,42,42,8,0,0
1637866000507,1229,Large,200,OK,true,1048891,137,42,42,6,0,0
1637866001613,136,Small-Medium,200,OK,true,102713,139,42,42,6,0,0
1637866001624,127,Small-Medium,200,OK,true,102713,139,42,42,7,0,0
1637866001270,514,Medium-Large,200,OK,true,512313,139,42,42,7,0,0
1637866001684,108,Small-Medium,200,OK,true,102713,139,42,42,7,0,0
1637866001736,58,Small,200,OK,true,51511,138,42,42,7,0,0
1637866000645,1171,Large,200,OK,true,1048891,137,42,42,6,0,0
1637866001708,112,Small-Medium,200,OK,true,102677,139,42,42,7,0,0
1637866001501,331,Medium,200,OK,true,307512,139,42,42,7,0,0
1637866001784,56,Small,200,OK,true,51511,138,42,42,8,0,0
1637866000791,1052,Large,200,OK,true,1048891,137,42,42,6,0,0
1637866001520,337,Medium,200,OK,true,307512,139,42,42,7,0,0
1637866001527,339,Medium,200,OK,true,307513,139,42,42,7,0,0
1637866001563,328,Medium,200,OK,true,307513,139,42,42,6,0,0
1637866001832,61,Small,200,OK,true,51510,138,42,42,6,0,0
1637866001792,105,Small-Medium,200,OK,true,102713,139,42,42,8,0,0
1637866001368,532,Medium-Large,200,OK,true,512313,139,42,42,6,0,0
1637866001605,314,Medium,200,OK,true,307513,139,42,42,6,0,0
1637866001867,56,Small,200,OK,true,51510,138,42,42,7,0,0
1637866001877,58,Small,200,OK,true,51512,138,42,42,14,0,8
1637866001609,333,Medium,200,OK,true,307512,139,42,42,6,0,0
1637866000815,1143,Large,200,OK,true,1048891,137,42,42,6,0,0
1637866001852,108,Small-Medium,200,OK,true,102713,139,42,42,7,0,0
1637866000935,1040,Large,200,OK,true,1048891,137,42,42,7,0,0
1637866001943,56,Small,200,OK,true,51510,138,42,42,7,0,0
1637866000996,1005,Large,200,OK,true,1048891,137,42,42,7,0,0
1637866001919,96,Small-Medium,200,OK,true,102713,139,42,42,7,0,0
1637866000987,1031,Large,200,OK,true,1048891,137,42,42,6,0,0
1637866001488,538,Medium-Large,200,OK,true,512312,139,42,42,7,0,0
1637866002000,52,Small,200,OK,true,51510,138,42,42,6,0,0
1637866002001,53,Small,200,OK,true,51511,138,42,42,8,0,0
1637866001019,1061,Large,200,OK,true,1048891,137,42,42,6,0,0
1637866001098,987,Large,200,OK,true,1048891,137,42,42,6,0,0
1637866002026,62,Small,200,OK,true,51475,138,42,42,9,0,0
1637866001033,1068,Large,200,OK,true,1048891,137,42,42,7,0,0
1637866001064,1043,Large,200,OK,true,1048891,137,42,42,7,0,0
1637866001792,320,Medium,200,OK,true,307513,139,42,42,6,0,0
1637866002080,52,Small,200,OK,true,51511,138,42,42,7,0,0
1637866001780,359,Medium,200,OK,true,307513,139,42,42,6,0,0
1637866002108,50,Small,200,OK,true,51511,138,42,42,6,0,0
1637866001857,316,Medium,200,OK,true,307512,139,42,42,7,0,0
1637866001891,303,Medium,200,OK,true,307513,139,42,42,8,0,0
1637866002139,56,Small,200,OK,true,51511,138,42,42,6,0,0
1637866002101,105,Small-Medium,200,OK,true,102713,139,42,42,8,0,0
1637866001900,314,Medium,200,OK,true,307513,139,42,42,6,0,0
1637866001209,1030,Large,200,OK,true,1048891,137,42,42,6,0,0
1637866001741,520,Medium-Large,200,OK,true,512313,139,42,42,7,0,0
1637866001306,979,Large,200,OK,true,1048891,137,42,42,7,0,0
1637866001958,347,Medium,200,OK,true,307513,139,42,42,7,0,0
1637866002275,60,Small,200,OK,true,51511,138,42,42,7,0,0
1637866001255,1085,Large,200,OK,true,1048891,137,42,42,7,0,0
1637866001277,1063,Large,200,OK,true,1048890,137,42,42,10,0,0
1637866002020,321,Medium,200,OK,true,307513,139,42,42,7,0,0
1637866001259,1082,Large,200,OK,true,1048891,137,42,42,9,0,0
1637866002285,59,Small,200,OK,true,51511,138,42,42,8,0,0
1637866002247,116,Small-Medium,200,OK,true,102713,139,42,42,7,0,0
1637866001300,1086,Large,200,OK,true,1048891,137,42,42,6,0,0
1637866001204,1182,Large,200,OK,true,1048891,137,42,42,7,0,0
1637866002340,60,Small,200,OK,true,51511,138,42,42,9,0,0
1637866002086,315,Medium,200,OK,true,307513,139,42,42,6,0,0
1637866002112,337,Medium,200,OK,true,307513,139,42,42,8,0,0
1637866001422,1038,Large,200,OK,true,1048891,137,42,42,6,0,0
1637866001389,1074,Large,200,OK,true,1048891,137,42,42,8,0,0
1637866002443,53,Small,200,OK,true,51511,138,42,42,7,0,0
1637866001409,1093,Large,200,OK,true,1048891,137,42,42,7,0,0
1637866001424,1084,Large,200,OK,true,1048891,137,42,42,7,0,0
1637866001464,1085,Large,200,OK,true,1048891,137,42,42,7,0,0
1637866002449,123,Small-Medium,200,OK,true,102713,139,42,42,7,0,0
1637866002460,117,Small-Medium,200,OK,true,102713,139,42,42,9,0,0
1637866001440,1143,Large,200,OK,true,1048891,137,42,42,7,0,0
1637866002034,550,Medium-Large,200,OK,true,512312,139,42,42,6,0,0
1637866002463,122,Small-Medium,200,OK,true,102713,139,42,42,21,0,0
1637866002088,506,Medium-Large,200,OK,true,512313,139,42,42,7,0,0
1637866002549,57,Small,200,OK,true,51511,138,42,42,7,0,0
1637866001602,1061,Large,200,OK,true,1048891,137,42,42,6,0,0
1637866002306,376,Medium,200,OK,true,307513,139,42,42,7,0,0
1637866002341,343,Medium,200,OK,true,307513,139,42,42,8,0,0
1637866002594,107,Small-Medium,200,OK,true,102713,139,42,42,7,0,0
1637866001632,1079,Large,200,OK,true,1048891,137,42,42,7,0,0
1637866002193,521,Medium-Large,200,OK,true,512314,139,42,42,15,0,7
1637866002167,554,Medium-Large,200,OK,true,512312,139,42,42,7,0,0
1637866002173,551,Medium-Large,200,OK,true,512312,139,42,42,7,0,0
1637866002195,531,Medium-Large,200,OK,true,512313,139,42,42,7,0,0
1637866001618,1109,Large,200,OK,true,1048891,137,42,42,6,0,0
1637866002618,113,Small-Medium,200,OK,true,102713,139,42,42,8,0,0
1637866002454,313,Medium,200,OK,true,307513,139,42,42,8,0,0
1637866002214,581,Medium-Large,200,OK,true,512313,139,42,42,8,0,0
1637866002762,64,Small,200,OK,true,51511,138,42,42,7,0,0
1637866002711,130,Small-Medium,200,OK,true,102713,139,42,42,6,0,0
1637866002718,134,Small-Medium,200,OK,true,102713,139,42,42,7,0,0
1637866002269,587,Medium-Large,200,OK,true,512313,139,42,42,12,0,0
1637866002724,136,Small-Medium,200,OK,true,102712,139,42,42,7,0,0
1637866002727,133,Small-Medium,200,OK,true,102713,139,42,42,7,0,0
1637866002767,96,Small-Medium,200,OK,true,102713,139,42,42,6,0,0
1637866002305,614,Medium-Large,200,OK,true,512313,139,42,42,7,0,0
1637866002795,126,Small-Medium,200,OK,true,102713,139,42,42,7,0,0
1637866002886,59,Small,200,OK,true,51511,138,42,42,8,0,0
1637866001843,1105,Large,200,OK,true,1048891,137,42,42,7,0,0
1637866002892,61,Small,200,OK,true,51510,138,42,42,7,0,0
1637866002629,339,Medium,200,OK,true,307513,139,42,42,6,0,0
1637866001816,1154,Large,200,OK,true,1048891,137,42,42,7,0,0
1637866002386,595,Medium-Large,200,OK,true,512313,139,42,42,6,0,0
1637866002663,326,Medium,200,OK,true,307513,139,42,42,7,0,0
1637866002416,577,Medium-Large,200,OK,true,512313,139,42,42,8,0,0
1637866002948,54,Small,200,OK,true,51511,138,42,42,6,0,0
1637866001951,1056,Large,200,OK,true,1048891,137,42,42,8,0,0
1637866002981,55,Small,200,OK,true,51511,138,42,42,7,0,0
1637866002682,363,Medium,200,OK,true,307513,139,42,42,7,0,0
1637866002714,343,Medium,200,OK,true,307513,139,42,42,7,0,0
1637866002509,556,Medium-Large,200,OK,true,512313,139,42,42,6,0,0
1637866001975,1091,Large,200,OK,true,1048891,137,42,42,7,0,0
1637866002971,113,Small-Medium,200,OK,true,102713,139,42,42,5,0,0
1637866001960,1130,Large,200,OK,true,1048891,137,42,42,7,0,0
1637866002727,365,Medium,200,OK,true,307513,139,42,42,8,0,0
1637866002019,1095,Large,200,OK,true,1048891,137,42,42,8,0,0
1637866002584,545,Medium-Large,200,OK,true,512312,139,42,42,7,0,0
1637866002611,537,Medium-Large,200,OK,true,512313,139,42,42,7,0,0
1637866001904,1246,Large,200,OK,true,1048891,137,42,42,7,0,0
1637866002583,569,Medium-Large,200,OK,true,512313,139,42,42,8,0,0
1637866003057,112,Small-Medium,200,OK,true,102713,139,42,42,7,0,0
1637866002632,543,Medium-Large,200,OK,true,512313,139,42,42,7,0,0
1637866002045,1137,Large,200,OK,true,1048891,137,42,42,7,0,0
1637866003152,60,Small,200,OK,true,51511,138,42,42,6,0,0
1637866002894,328,Medium,200,OK,true,307513,139,42,42,11,0,0
1637866002169,1054,Large,200,OK,true,1048891,137,42,42,8,0,0
1637866002930,297,Medium,200,OK,true,307513,139,42,42,6,0,0
1637866002684,551,Medium-Large,200,OK,true,512313,139,42,42,6,0,0
1637866003130,113,Small-Medium,200,OK,true,102712,139,42,42,6,0,0
1637866002111,1143,Large,200,OK,true,1048890,137,42,42,6,0,0
1637866003148,109,Small-Medium,200,OK,true,102713,139,42,42,7,0,0
1637866003138,124,Small-Medium,200,OK,true,102713,139,42,42,7,0,0
1637866003148,123,Small-Medium,200,OK,true,102713,139,42,42,7,0,0
1637866002721,552,Medium-Large,200,OK,true,512312,139,42,42,7,0,0
1637866003236,56,Small,200,OK,true,51511,138,42,42,6,0,0
1637866003222,102,Small-Medium,200,OK,true,102713,139,42,42,7,0,0
1637866002239,1097,Large,200,OK,true,1048891,137,42,42,7,0,0
1637866002993,347,Medium,200,OK,true,307513,139,42,42,12,0,0
1637866003340,62,Small,200,OK,true,51511,138,42,42,7,0,0
1637866002880,530,Medium-Large,200,OK,true,512313,139,42,42,7,0,0
1637866003297,114,Small-Medium,200,OK,true,102712,139,42,42,7,0,0
1637866002262,1180,Large,200,OK,true,1048891,137,42,42,5,0,0
1637866002341,1108,Large,200,OK,true,1048891,137,42,42,9,0,0
1637866003115,336,Medium,200,OK,true,307513,139,42,42,7,0,0
1637866002341,1121,Large,200,OK,true,1048890,137,42,42,8,0,0
1637866003410,57,Small,200,OK,true,51511,138,42,42,6,0,0
1637866002401,1067,Large,200,OK,true,1048891,137,42,42,7,0,0
1637866002919,572,Medium-Large,200,OK,true,512313,139,42,42,7,0,0
1637866002386,1112,Large,200,OK,true,1048891,137,42,42,7,0,0
1637866003442,58,Small,200,OK,true,51511,138,42,42,6,0,0
1637866003182,321,Medium,200,OK,true,307513,139,42,42,7,0,0
1637866003227,288,Medium,200,OK,true,307513,139,42,42,7,0,0
1637866003007,518,Medium-Large,200,OK,true,512313,139,42,42,7,0,0
1637866003451,104,Small-Medium,200,OK,true,102712,139,42,42,7,0,0
1637866003508,56,Small,200,OK,true,51511,138,42,42,6,0,0
1637866003066,533,Medium-Large,200,OK,true,512313,139,42,42,7,0,0
1637866002508,1091,Large,200,OK,true,1048891,137,42,42,5,0,0
1637866003273,328,Medium,200,OK,true,307512,139,42,42,6,0,0
1637866003065,538,Medium-Large,200,OK,true,512313,139,42,42,7,0,0
1637866002502,1102,Large,200,OK,true,1048891,137,42,42,8,0,0
1637866003578,57,Small,200,OK,true,51511,138,42,42,7,0,0
1637866003316,322,Medium,200,OK,true,307513,139,42,42,6,0,0
1637866003046,592,Medium-Large,200,OK,true,512313,139,42,42,6,0,0
1637866003603,64,Small,200,OK,true,51511,138,42,42,14,0,0
1637866003175,529,Medium-Large,200,OK,true,512313,139,42,42,8,0,0
1637866003602,111,Small-Medium,200,OK,true,102712,139,42,42,7,0,0
1637866003605,109,Small-Medium,200,OK,true,102713,139,42,42,7,0,0
1637866003403,347,Medium,200,OK,true,307513,139,42,42,7,0,0
1637866003465,350,Medium,200,OK,true,307512,139,42,42,6,0,0
1637866003704,116,Small-Medium,200,OK,true,102713,139,42,42,6,0,0
1637866003525,308,Medium,200,OK,true,307513,139,42,42,7,0,0
1637866003679,159,Small-Medium,200,OK,true,102713,139,42,42,15,0,0
1637866003746,93,Small-Medium,200,OK,true,102713,139,42,42,7,0,0
1637866003771,93,Small-Medium,200,OK,true,102713,139,42,42,5,0,0
1637866003491,376,Medium,200,OK,true,307513,139,42,42,6,0,0
1637866002935,935,Large,200,OK,true,1048891,137,42,42,6,0,0
1637866003498,373,Medium,200,OK,true,307513,139,42,42,7,0,0
1637866003389,509,Medium-Large,200,OK,true,512313,139,42,42,8,0,0
1637866003307,593,Medium-Large,200,OK,true,512313,139,42,42,5,0,0
1637866003317,583,Medium-Large,200,OK,true,512313,139,42,42,7,0,0
1637866003871,60,Small,200,OK,true,51511,138,42,42,8,0,0
1637866003638,299,Medium,200,OK,true,307513,139,42,42,6,0,0
1637866002786,1155,Large,200,OK,true,1048891,137,42,42,7,0,0
1637866003898,49,Small,200,OK,true,51511,138,42,42,6,0,0
1637866003620,330,Medium,200,OK,true,307512,139,42,42,6,0,0
1637866003900,52,Small,200,OK,true,51511,138,42,42,5,0,0
1637866003914,50,Small,200,OK,true,51511,138,42,42,7,0,0
1637866003468,496,Medium-Large,200,OK,true,512313,139,42,42,6,0,0
1637866002856,1118,Large,200,OK,true,1048891,137,42,42,6,0,0
1637866003938,52,Small,200,OK,true,51511,138,42,42,6,0,0
1637866003941,55,Small,200,OK,true,51511,138,42,42,6,0,0
1637866003965,48,Small,200,OK,true,51511,138,42,42,6,0,0
1637866002990,1031,Large,200,OK,true,1048891,137,42,42,5,0,0
1637866003750,298,Medium,200,OK,true,307513,139,42,42,6,0,0
1637866002969,1079,Large,200,OK,true,1048891,137,42,42,6,0,0
1637866003950,99,Small-Medium,200,OK,true,102712,139,42,42,7,0,0
1637866003773,284,Medium,200,OK,true,307513,139,42,42,7,0,0
1637866002962,1095,Large,200,OK,true,1048891,137,42,42,7,0,0
1637866003770,292,Medium,200,OK,true,307512,139,42,42,6,0,0
1637866004057,49,Small,200,OK,true,51511,138,42,42,7,0,0
1637866003870,255,Medium,200,OK,true,307513,139,42,42,7,0,0
1637866003054,1094,Large,200,OK,true,1048891,137,42,42,6,0,0
1637866003873,284,Medium,200,OK,true,307513,139,42,42,6,0,0
1637866003610,550,Medium-Large,200,OK,true,512313,139,42,42,7,0,0
1637866003059,1105,Large,200,OK,true,1048890,137,42,42,7,0,0
1637866003114,1070,Large,200,OK,true,1048891,137,42,42,6,0,0
1637866003092,1103,Large,200,OK,true,1048891,137,42,42,7,0,0
1637866003867,336,Medium,200,OK,true,307512,139,42,42,7,0,0
1637866003090,1117,Large,200,OK,true,1048891,137,42,42,7,0,0
1637866004106,102,Small-Medium,200,OK,true,102713,139,42,42,6,0,0
1637866003224,987,Large,200,OK,true,1048891,137,42,42,7,0,0
1637866004133,106,Small-Medium,200,OK,true,102713,139,42,42,6,0,0
1637866003900,362,Medium,200,OK,true,307513,139,42,42,7,0,0
1637866003833,456,Medium-Large,200,OK,true,512313,139,42,42,6,0,0
1637866003150,1156,Large,200,OK,true,1048891,137,42,42,7,0,0
1637866004203,125,Small-Medium,200,OK,true,102712,139,42,42,6,0,0
1637866003224,1111,Large,200,OK,true,1048891,137,42,42,7,0,0
1637866003255,1081,Large,200,OK,true,1048890,137,42,42,6,0,0
1637866004290,61,Small,200,OK,true,51511,138,42,42,7,0,0
1637866004300,55,Small,200,OK,true,51511,138,42,42,6,0,0
1637866004039,321,Medium,200,OK,true,307513,139,42,42,6,0,0
1637866004048,318,Medium,200,OK,true,307513,139,42,42,6,0,0
1637866004062,318,Medium,200,OK,true,307477,139,42,42,9,0,0
1637866003336,1049,Large,200,OK,true,1048891,137,42,42,9,0,0
1637866004275,113,Small-Medium,200,OK,true,102713,139,42,42,6,0,0
1637866004360,54,Small,200,OK,true,51511,138,42,42,7,0,0
1637866003320,1106,Large,200,OK,true,1048891,137,42,42,8,0,0
1637866004366,63,Small,200,OK,true,51511,138,42,42,7,0,0
1637866004119,324,Medium,200,OK,true,307512,139,42,42,6,0,0
1637866004335,110,Small-Medium,200,OK,true,102713,139,42,42,6,0,0
1637866003515,939,Large,200,OK,true,1048891,137,42,42,7,0,0
1637866003449,1020,Large,200,OK,true,1048891,137,42,42,6,0,0
1637866004148,326,Medium,200,OK,true,307513,139,42,42,7,0,0
1637866004426,54,Small,200,OK,true,51511,138,42,42,6,0,0
1637866004164,321,Medium,200,OK,true,307512,139,42,42,7,0,0
1637866004443,52,Small,200,OK,true,51511,138,42,42,6,0,0
1637866003462,1035,Large,200,OK,true,1048890,137,42,42,8,0,0
1637866004225,287,Medium,200,OK,true,307513,139,42,42,7,0,0
1637866004207,307,Medium,200,OK,true,307513,139,42,42,5,0,0
1637866004474,56,Small,200,OK,true,51511,138,42,42,6,0,0
1637866004065,488,Medium-Large,200,OK,true,512313,139,42,42,7,0,0
1637866003503,1055,Large,200,OK,true,1048891,137,43,43,6,0,0
1637866004468,96,Small-Medium,200,OK,true,102713,139,43,43,7,0,0
1637866004057,519,Medium-Large,200,OK,true,512313,139,43,43,7,0,0
1637866004529,53,Small,200,OK,true,51511,138,43,43,6,0,0
1637866004126,463,Medium-Large,200,OK,true,512313,139,43,43,7,0,0
1637866004262,329,Medium,200,OK,true,307513,139,43,43,8,0,0
1637866004497,98,Small-Medium,200,OK,true,102677,139,43,43,7,0,0
1637866004503,106,Small-Medium,200,OK,true,102713,139,43,43,6,0,0
1637866003599,1014,Large,200,OK,true,1048891,137,43,43,8,0,0
1637866004514,101,Small-Medium,200,OK,true,102713,139,43,43,7,0,0
1637866004110,507,Medium-Large,200,OK,true,512312,139,43,43,6,0,0
1637866004512,110,Small-Medium,200,OK,true,102713,139,43,43,7,0,0
1637866003599,1023,Large,200,OK,true,1048891,137,43,43,7,0,0
1637866004553,90,Small-Medium,200,OK,true,102713,139,43,43,7,0,0
1637866004157,492,Medium-Large,200,OK,true,512313,139,43,43,7,0,0
1637866004306,359,Medium,200,OK,true,307513,139,43,43,15,0,0
1637866004623,59,Small,200,OK,true,51511,138,43,43,6,0,0
1637866004593,113,Small-Medium,200,OK,true,102713,139,43,43,7,0,0
1637866004649,60,Small,200,OK,true,51511,138,43,43,6,0,0
1637866004617,102,Small-Medium,200,OK,true,102712,139,43,43,6,0,0
1637866004195,537,Medium-Large,200,OK,true,512313,139,43,43,7,0,0
1637866004674,59,Small,200,OK,true,51511,138,43,43,8,0,0
1637866004641,108,Small-Medium,200,OK,true,102713,139,43,43,7,0,0
1637866004668,109,Small-Medium,200,OK,true,102714,139,43,43,14,0,8
1637866004665,116,Small-Medium,200,OK,true,102713,139,43,43,7,0,0
1637866004701,100,Small-Medium,200,OK,true,102713,139,43,43,7,0,0
1637866004766,56,Small,200,OK,true,51511,138,43,43,7,0,0
1637866003815,1023,Large,200,OK,true,1048890,137,43,43,6,0,0
1637866004380,467,Medium-Large,200,OK,true,512314,139,43,43,14,0,7
1637866003639,1213,Large,200,OK,true,1048891,137,43,43,8,0,0
1637866004534,323,Medium,200,OK,true,307513,139,43,43,7,0,0
1637866004385,477,Medium-Large,200,OK,true,512313,139,43,43,7,0,0
1637866003844,1030,Large,200,OK,true,1048891,137,43,43,7,0,0
1637866003937,961,Large,200,OK,true,1048891,137,43,43,7,0,0
1637866004789,110,Small-Medium,200,OK,true,102712,139,43,43,7,0,0
1637866004576,325,Medium,200,OK,true,307513,139,43,43,8,0,0
1637866004372,562,Medium-Large,200,OK,true,512312,139,43,43,6,0,0
1637866004874,62,Small,200,OK,true,51511,138,43,43,7,0,0
1637866004611,327,Medium,200,OK,true,307513,139,43,43,8,0,0
1637866004840,114,Small-Medium,200,OK,true,102713,139,43,43,7,0,0
1637866004847,114,Small-Medium,200,OK,true,102713,139,43,43,8,0,0
1637866004469,499,Medium-Large,200,OK,true,512313,139,43,43,7,0,0
1637866004021,983,Large,200,OK,true,1048891,137,43,43,8,0,0
1637866004485,523,Medium-Large,200,OK,true,512277,139,43,43,7,0,0
1637866004724,316,Medium,200,OK,true,307513,139,43,43,7,0,0
1637866003974,1068,Large,200,OK,true,1048891,137,43,43,7,0,0
1637866004732,323,Medium,200,OK,true,307513,139,43,43,8,0,0
1637866004934,126,Small-Medium,200,OK,true,102712,139,43,43,7,0,0
1637866004590,478,Medium-Large,200,OK,true,512313,139,43,43,6,0,0
1637866004048,1030,Large,200,OK,true,1048891,137,43,43,7,0,0
1637866005041,61,Small,200,OK,true,51511,138,43,43,9,0,0
1637866004082,1025,Large,200,OK,true,1048891,137,43,43,6,0,0
1637866005020,106,Small-Medium,200,OK,true,102713,139,43,43,6,0,0
1637866005008,119,Small-Medium,200,OK,true,102714,139,43,43,14,0,7
1637866004814,339,Medium,200,OK,true,307513,139,43,43,6,0,0
1637866005045,115,Small-Medium,200,OK,true,102713,139,43,43,7,0,0
1637866004640,523,Medium-Large,200,OK,true,512313,139,43,43,8,0,0
1637866005108,61,Small,200,OK,true,51510,138,43,43,6,0,0
1637866004846,339,Medium,200,OK,true,307513,139,43,43,7,0,0
1637866004591,595,Medium-Large,200,OK,true,512313,139,43,43,8,0,0
1637866004858,333,Medium,200,OK,true,307513,139,43,43,6,0,0
1637866004211,1000,Large,200,OK,true,1048891,137,43,43,7,0,0
1637866004873,341,Medium,200,OK,true,307513,139,43,43,7,0,0
1637866004184,1041,Large,200,OK,true,1048891,137,43,43,7,0,0
1637866004687,540,Medium-Large,200,OK,true,512313,139,43,43,7,0,0
1637866004685,542,Medium-Large,200,OK,true,512313,139,43,43,7,0,0
1637866004901,327,Medium,200,OK,true,307513,139,43,43,7,0,0
1637866005187,60,Small,200,OK,true,51511,138,43,43,6,0,0
1637866005192,57,Small,200,OK,true,51511,138,43,43,7,0,0
1637866004160,1104,Large,200,OK,true,1048891,137,43,43,5,0,0
1637866005211,58,Small,200,OK,true,51511,138,43,43,6,0,0
1637866005213,57,Small,200,OK,true,51511,138,43,43,6,0,0
1637866004938,336,Medium,200,OK,true,307513,139,43,43,7,0,0
1637866005225,58,Small,200,OK,true,51511,138,43,43,7,0,0
1637866005227,62,Small,200,OK,true,51511,138,43,43,8,0,0
1637866005191,110,Small-Medium,200,OK,true,102713,139,43,43,8,0,0
1637866004067,1234,Large,200,OK,true,1048891,137,43,43,7,0,0
1637866005013,305,Medium,200,OK,true,307513,139,43,43,6,0,0
1637866005228,108,Small-Medium,200,OK,true,102713,139,43,43,8,0,0
1637866005042,323,Medium,200,OK,true,307513,139,43,43,8,0,0
1637866005078,312,Medium,200,OK,true,307513,139,43,43,7,0,0
1637866005279,116,Small-Medium,200,OK,true,102712,139,43,43,6,0,0
1637866004337,1068,Large,200,OK,true,1048890,137,43,43,5,0,0
1637866004898,515,Medium-Large,200,OK,true,512313,139,43,43,7,0,0
1637866005365,56,Small,200,OK,true,51511,138,43,43,7,0,0
1637866004853,576,Medium-Large,200,OK,true,512313,139,43,43,7,0,0
1637866004454,985,Large,200,OK,true,1048891,137,43,43,6,0,0
1637866005384,60,Small,200,OK,true,51511,138,43,43,7,0,0
1637866005397,62,Small,200,OK,true,51511,138,43,43,7,0,0
1637866005405,63,Small,200,OK,true,51510,138,43,43,7,0,0
1637866005413,56,Small,200,OK,true,51511,138,43,43,7,0,0
1637866004457,1012,Large,200,OK,true,1048891,137,43,43,5,0,0
1637866005359,116,Small-Medium,200,OK,true,102713,139,43,43,6,0,0
1637866004968,508,Medium-Large,200,OK,true,512312,139,43,43,7,0,0
1637866005153,323,Medium,200,OK,true,307513,139,43,43,6,0,0
1637866005382,107,Small-Medium,200,OK,true,102713,139,43,43,7,0,0
1637866005440,51,Small,200,OK,true,51511,138,43,43,7,0,0
1637866004960,533,Medium-Large,200,OK,true,512312,139,43,43,7,0,0
1637866004443,1057,Large,200,OK,true,1048890,137,43,43,7,0,0
1637866005185,320,Medium,200,OK,true,307513,139,43,43,6,0,0
1637866005214,317,Medium,200,OK,true,307513,139,43,43,6,0,0
1637866005227,316,Medium,200,OK,true,307513,139,43,43,6,0,0
1637866005500,48,Small,200,OK,true,51510,138,43,43,7,0,0
1637866005055,522,Medium-Large,200,OK,true,512313,139,43,43,7,0,0
1637866005274,304,Medium,200,OK,true,307513,139,43,43,7,0,0
1637866005531,55,Small,200,OK,true,51511,138,43,43,7,0,0
1637866004555,1032,Large,200,OK,true,1048892,137,43,43,15,0,6
1637866005318,277,Medium,200,OK,true,307513,139,43,43,8,0,0
1637866004558,1044,Large,200,OK,true,1048891,137,43,43,7,0,0
1637866005555,52,Small,200,OK,true,51511,138,43,43,6,0,0
1637866005302,333,Medium,200,OK,true,307513,139,43,43,6,0,0
1637866005163,478,Medium-Large,200,OK,true,512313,139,43,43,8,0,0
1637866005543,106,Small-Medium,200,OK,true,102713,139,43,43,7,0,0
1637866004614,1038,Large,200,OK,true,1048891,137,43,43,6,0,0
1637866005363,311,Medium,200,OK,true,307513,139,43,43,7,0,0
1637866005576,110,Small-Medium,200,OK,true,102712,139,43,43,8,0,0
1637866005587,106,Small-Medium,200,OK,true,102713,139,43,43,6,0,0
1637866005401,317,Medium,200,OK,true,307513,139,43,43,7,0,0
1637866005635,117,Small-Medium,200,OK,true,102713,139,43,43,7,0,0
1637866005653,104,Small-Medium,200,OK,true,102713,139,43,43,7,0,0
1637866005702,57,Small,200,OK,true,51511,138,43,43,6,0,0
1637866005476,300,Medium,200,OK,true,307512,139,43,43,6,0,0
1637866005430,348,Medium,200,OK,true,307513,139,43,43,7,0,0
1637866005674,108,Small-Medium,200,OK,true,102713,139,43,43,8,0,0
1637866005493,320,Medium,200,OK,true,307512,139,43,43,8,0,0
1637866005749,72,Small,200,OK,true,51510,138,43,43,8,0,0
1637866005727,124,Small-Medium,200,OK,true,102713,139,43,43,7,0,0
1637866005364,488,Medium-Large,200,OK,true,512313,139,43,43,7,0,0
1637866005718,136,Small-Medium,200,OK,true,102713,139,43,43,7,0,0
1637866005813,58,Small,200,OK,true,51510,138,43,43,7,0,0
1637866004794,1085,Large,200,OK,true,1048891,137,43,43,8,0,0
1637866004821,1061,Large,200,OK,true,1048891,137,43,43,7,0,0
1637866005569,332,Medium,200,OK,true,307513,139,43,43,7,0,0
1637866005390,516,Medium-Large,200,OK,true,512313,139,43,43,7,0,0
1637866005778,132,Small-Medium,200,OK,true,102713,139,43,43,6,0,0
1637866005578,335,Medium,200,OK,true,307513,139,43,43,7,0,0
1637866004862,1062,Large,200,OK,true,1048891,137,43,43,7,0,0
1637866005577,348,Medium,200,OK,true,307513,139,43,43,7,0,0
1637866005399,531,Medium-Large,200,OK,true,512313,139,43,43,6,0,0
1637866004838,1101,Large,200,OK,true,1048890,137,43,43,7,0,0
1637866004837,1141,Large,200,OK,true,1048891,137,43,43,7,0,0
1637866005921,60,Small,200,OK,true,51475,138,43,43,7,0,0
1637866005925,60,Small,200,OK,true,51511,138,43,43,7,0,0
1637866005879,106,Small-Medium,200,OK,true,102713,139,43,43,7,0,0
1637866005883,110,Small-Medium,200,OK,true,102713,139,43,43,6,0,0
1637866005476,535,Medium-Large,200,OK,true,512313,139,43,43,8,0,0
1637866005924,108,Small-Medium,200,OK,true,102713,139,43,43,6,0,0
1637866004938,1104,Large,200,OK,true,1048891,137,43,43,7,0,0
1637866005004,1042,Large,200,OK,true,1048891,137,43,43,6,0,0
1637866005068,991,Large,200,OK,true,1048891,137,43,43,7,0,0
1637866005949,117,Small-Medium,200,OK,true,102713,139,43,43,7,0,0
1637866005531,553,Medium-Large,200,OK,true,512313,139,43,43,5,0,0
1637866005985,105,Small-Medium,200,OK,true,102712,139,43,43,6,0,0
1637866005557,536,Medium-Large,200,OK,true,512313,139,43,43,7,0,0
1637866005536,558,Medium-Large,200,OK,true,512313,139,43,43,7,0,0
1637866006047,51,Small,200,OK,true,51511,138,43,43,6,0,0
1637866006059,52,Small,200,OK,true,51511,138,43,43,7,0,0
1637866005595,532,Medium-Large,200,OK,true,512313,139,43,43,6,0,0
1637866005611,524,Medium-Large,200,OK,true,512313,139,43,43,6,0,0
1637866005823,313,Medium,200,OK,true,307513,139,43,43,8,0,0
1637866005602,543,Medium-Large,200,OK,true,512313,139,43,43,6,0,0
1637866006093,54,Small,200,OK,true,51511,138,43,43,6,0,0
1637866005107,1046,Large,200,OK,true,1048891,137,43,43,6,0,0
1637866006042,115,Small-Medium,200,OK,true,102713,139,43,43,7,0,0
1637866006096,63,Small,200,OK,true,51511,138,43,43,7,0,0
1637866005846,326,Medium,200,OK,true,307513,139,43,43,6,0,0
1637866005180,994,Large,200,OK,true,1048891,137,43,43,7,0,0
1637866006136,51,Small,200,OK,true,51511,138,43,43,7,0,0
1637866006136,58,Small,200,OK,true,51511,138,43,43,7,0,0
1637866005891,316,Medium,200,OK,true,307513,139,43,43,7,0,0
1637866005672,541,Medium-Large,200,OK,true,512312,139,43,43,7,0,0
1637866005906,310,Medium,200,OK,true,307513,139,43,43,6,0,0
1637866006172,50,Small,200,OK,true,51511,138,43,43,7,0,0
1637866006127,98,Small-Medium,200,OK,true,102713,139,43,43,7,0,0
1637866005913,320,Medium,200,OK,true,307513,139,43,43,6,0,0
1637866005930,312,Medium,200,OK,true,307513,139,43,43,7,0,0
1637866005715,536,Medium-Large,200,OK,true,512313,139,43,43,7,0,0
1637866006231,46,Small,200,OK,true,51511,138,43,43,6,0,0
1637866005776,517,Medium-Large,200,OK,true,512312,139,43,43,6,0,0
1637866005218,1083,Large,200,OK,true,1048891,137,43,43,8,0,0
1637866006207,104,Small-Medium,200,OK,true,102713,139,43,43,7,0,0
1637866006218,95,Small-Medium,200,OK,true,102713,139,43,43,7,0,0
1637866006213,106,Small-Medium,200,OK,true,102712,139,43,43,6,0,0
1637866006011,314,Medium,200,OK,true,307513,139,43,43,7,0,0
1637866006214,112,Small-Medium,200,OK,true,102713,139,43,43,6,0,0
1637866006242,96,Small-Medium,200,OK,true,102713,139,43,43,6,0,0
1637866006299,51,Small,200,OK,true,51511,138,43,43,6,0,0
1637866006055,303,Medium,200,OK,true,307513,139,43,43,6,0,0
1637866006325,64,Small,200,OK,true,51511,138,43,43,8,0,0
1637866006095,301,Medium,200,OK,true,307513,139,43,43,6,0,0
1637866006093,310,Medium,200,OK,true,307514,139,43,43,13,0,6
1637866005265,1166,Large,200,OK,true,1048891,137,43,43,7,0,0
1637866006344,92,Small-Medium,200,OK,true,102713,139,43,43,7,0,0
1637866006153,288,Medium,200,OK,true,307513,139,43,43,8,0,0
1637866006380,69,Small,200,OK,true,51511,138,43,43,11,0,0
1637866005939,513,Medium-Large,200,OK,true,512312,139,43,43,7,0,0
1637866006386,68,Small,200,OK,true,51511,138,43,43,11,0,0
1637866006403,52,Small,200,OK,true,51511,138,43,43,11,0,0
1637866006413,59,Small,200,OK,true,51511,138,43,43,10,0,0
1637866005469,1007,Large,200,OK,true,1048891,137,43,43,7,0,0
1637866006431,55,Small,200,OK,true,51511,138,43,43,8,0,0
1637866006396,123,Small-Medium,200,OK,true,102713,139,43,43,7,0,0
1637866005978,544,Medium-Large,200,OK,true,512313,139,43,43,7,0,0
1637866006053,495,Medium-Large,200,OK,true,512313,139,43,43,6,0,0
1637866006251,317,Medium,200,OK,true,307513,139,43,43,8,0,0
1637866005505,1076,Large,200,OK,true,1048891,137,43,43,6,0,0
1637866006497,100,Small-Medium,200,OK,true,102713,139,43,43,7,0,0
1637866006548,59,Small,200,OK,true,51511,138,43,43,8,0,0
1637866005585,1026,Large,200,OK,true,1048891,137,43,43,7,0,0
1637866005451,1162,Large,200,OK,true,1048890,137,43,43,7,0,0
1637866006558,56,Small,200,OK,true,51511,138,43,43,6,0,0
1637866006097,531,Medium-Large,200,OK,true,512313,139,43,43,7,0,0
1637866006523,112,Small-Medium,200,OK,true,102713,139,43,43,6,0,0
1637866005641,1013,Large,200,OK,true,1048891,137,43,43,7,0,0
1637866006611,50,Small,200,OK,true,51511,138,43,43,9,0,0
1637866006568,106,Small-Medium,200,OK,true,102713,139,43,43,6,0,0
1637866006156,526,Medium-Large,200,OK,true,512312,139,43,43,7,0,0
1637866006628,61,Small,200,OK,true,51511,138,43,43,6,0,0
1637866006403,314,Medium,200,OK,true,307513,139,43,43,9,0,0
1637866006695,63,Small,200,OK,true,51511,138,43,43,7,0,0
1637866006233,527,Medium-Large,200,OK,true,512313,139,43,43,7,0,0
1637866006471,293,Medium,200,OK,true,307513,139,43,43,6,0,0
1637866006308,467,Medium-Large,200,OK,true,512313,139,43,43,7,0,0
1637866006717,63,Small,200,OK,true,51511,138,43,43,9,0,0
1637866006266,515,Medium-Large,200,OK,true,512313,139,43,43,7,0,0
1637866006476,307,Medium,200,OK,true,307513,139,43,43,6,0,0
1637866006309,508,Medium-Large,200,OK,true,512313,139,43,43,7,0,0
1637866006760,61,Small,200,OK,true,51511,138,43,43,6,0,0
1637866006775,57,Small,200,OK,true,51511,138,43,43,7,0,0
1637866006721,114,Small-Medium,200,OK,true,102713,139,43,43,6,0,0
1637866005759,1077,Large,200,OK,true,1048891,137,43,43,9,0,0
1637866006781,57,Small,200,OK,true,51511,138,43,43,6,0,0
1637866006783,58,Small,200,OK,true,51511,138,43,43,7,0,0
1637866006784,57,Small,200,OK,true,51511,138,43,43,6,0,0
1637866006764,103,Small-Medium,200,OK,true,102713,139,43,43,7,0,0
1637866005852,1030,Large,200,OK,true,1048891,137,43,43,7,0,0
1637866006836,50,Small,200,OK,true,51511,138,43,43,6,0,0
1637866005899,991,Large,200,OK,true,1048891,137,43,43,6,0,0
1637866006581,325,Medium,200,OK,true,307513,139,43,43,8,0,0
1637866006603,326,Medium,200,OK,true,307513,139,43,43,7,0,0
1637866005808,1122,Large,200,OK,true,1048891,137,43,43,10,0,0
1637866005901,1037,Large,200,OK,true,1048891,137,43,43,7,0,0
1637866006890,50,Small,200,OK,true,51511,138,43,43,8,0,0
1637866005874,1073,Large,200,OK,true,1048891,137,43,43,8,0,0
1637866006441,512,Medium-Large,200,OK,true,512313,139,43,43,6,0,0
1637866006452,519,Medium-Large,200,OK,true,512277,139,43,43,7,0,0
1637866006669,319,Medium,200,OK,true,307513,139,43,43,7,0,0
1637866006932,58,Small,200,OK,true,51511,138,43,43,7,0,0
1637866006939,58,Small,200,OK,true,51511,138,43,43,7,0,0
1637866006946,71,Small,200,OK,true,51511,138,43,43,7,0,0
1637866006953,68,Small,200,OK,true,51511,138,43,43,7,0,0
1637866006972,64,Small,200,OK,true,51512,138,43,43,12,0,6
1637866006988,68,Small,200,OK,true,51511,138,43,43,6,0,0
1637866006730,334,Medium,200,OK,true,307513,139,43,43,6,0,0
1637866006956,113,Small-Medium,200,OK,true,102713,139,43,43,8,0,0
1637866006586,530,Medium-Large,200,OK,true,512313,139,43,43,7,0,0
1637866006174,943,Large,200,OK,true,1048891,137,43,43,7,0,0
1637866007064,57,Small,200,OK,true,51511,138,43,43,9,0,0
1637866006654,512,Medium-Large,200,OK,true,512313,139,43,43,7,0,0
1637866006613,580,Medium-Large,200,OK,true,512312,139,43,43,7,0,0
1637866006145,1053,Large,200,OK,true,1048891,137,43,43,8,0,0
1637866006084,1126,Large,200,OK,true,1048891,137,43,43,6,0,0
1637866006682,528,Medium-Large,200,OK,true,512312,139,43,43,7,0,0
1637866007160,61,Small,200,OK,true,51511,138,43,43,8,0,0
1637866007128,112,Small-Medium,200,OK,true,102713,139,43,43,8,0,0
1637866007126,114,Small-Medium,200,OK,true,102713,139,43,43,7,0,0
1637866007193,61,Small,200,OK,true,51510,138,43,43,6,0,0
1637866006217,1044,Large,200,OK,true,1048891,137,43,43,6,0,0
1637866006739,541,Medium-Large,200,OK,true,512313,139,43,43,8,0,0
1637866006952,328,Medium,200,OK,true,307513,139,43,43,7,0,0
1637866006268,1026,Large,200,OK,true,1048891,137,43,43,7,0,0
1637866006956,344,Medium,200,OK,true,307513,139,43,43,9,0,0
1637866006800,548,Medium-Large,200,OK,true,512313,139,43,43,6,0,0
1637866006122,1232,Large,200,OK,true,1048891,137,43,43,8,0,0
1637866006817,537,Medium-Large,200,OK,true,512313,139,43,43,5,0,0
1637866007235,124,Small-Medium,200,OK,true,102713,139,43,43,7,0,0
1637866006293,1078,Large,200,OK,true,1048890,137,43,43,11,0,0
1637866007062,333,Medium,200,OK,true,307513,139,43,43,7,0,0
1637866007355,59,Small,200,OK,true,51511,138,43,43,6,0,0
1637866006301,1115,Large,200,OK,true,1048891,137,43,43,7,0,0
1637866007300,122,Small-Medium,200,OK,true,102713,139,43,43,6,0,0
1637866006866,557,Medium-Large,200,OK,true,512313,139,43,43,6,0,0
1637866006358,1075,Large,200,OK,true,1048891,137,43,43,7,0,0
1637866007371,63,Small,200,OK,true,51510,138,43,43,9,0,0
1637866006889,546,Medium-Large,200,OK,true,512313,139,43,43,7,0,0
1637866007118,325,Medium,200,OK,true,307513,139,43,43,7,0,0
1637866007395,55,Small,200,OK,true,51511,138,43,43,6,0,0
1637866006391,1063,Large,200,OK,true,1048891,137,43,43,7,0,0
1637866006936,536,Medium-Large,200,OK,true,512313,139,43,43,6,0,0
1637866007433,55,Small,200,OK,true,51511,138,43,43,7,0,0
1637866007435,56,Small,200,OK,true,51511,138,43,43,7,0,0
1637866007443,58,Small,200,OK,true,51511,138,43,43,8,0,0
1637866006386,1121,Large,200,OK,true,1048890,137,43,43,11,0,0
1637866007408,117,Small-Medium,200,OK,true,102713,139,43,43,5,0,0
1637866006929,603,Medium-Large,200,OK,true,512313,139,43,43,7,0,0
1637866007423,119,Small-Medium,200,OK,true,102713,139,43,43,7,0,0
1637866007009,544,Medium-Large,200,OK,true,512313,139,43,43,10,0,0
1637866007210,345,Medium,200,OK,true,307477,139,43,43,6,0,0
1637866006574,984,Large,200,OK,true,1048891,137,43,43,7,0,0
1637866007294,314,Medium,200,OK,true,307513,139,43,43,8,0,0
1637866006516,1097,Large,200,OK,true,1048891,137,43,43,7,0,0
1637866007555,62,Small,200,OK,true,51512,138,43,43,13,0,6
1637866007532,106,Small-Medium,200,OK,true,102713,139,43,43,7,0,0
1637866007119,522,Medium-Large,200,OK,true,512313,139,43,43,6,0,0
1637866007544,108,Small-Medium,200,OK,true,102712,139,43,43,7,0,0
1637866007103,557,Medium-Large,200,OK,true,512313,139,43,43,7,0,0
1637866007558,104,Small-Medium,200,OK,true,102713,139,43,43,6,0,0
1637866007604,62,Small,200,OK,true,51511,138,43,43,9,0,0
1637866007143,525,Medium-Large,200,OK,true,512313,139,43,43,6,0,0
1637866006552,1118,Large,200,OK,true,1048891,137,43,43,7,0,0
1637866007566,107,Small-Medium,200,OK,true,102713,139,43,43,7,0,0
1637866006568,1112,Large,200,OK,true,1048891,137,43,43,7,0,0
1637866007580,110,Small-Medium,200,OK,true,102713,139,43,43,7,0,0
1637866007366,339,Medium,200,OK,true,307477,139,43,43,6,0,0
1637866007595,115,Small-Medium,200,OK,true,102713,139,43,43,6,0,0
1637866007642,101,Small-Medium,200,OK,true,102713,139,43,43,7,0,0
1637866007210,557,Medium-Large,200,OK,true,512313,139,43,43,6,0,0
1637866007680,103,Small-Medium,200,OK,true,102713,139,43,43,6,0,0
1637866007298,512,Medium-Large,200,OK,true,512313,139,43,43,6,0,0
1637866007507,321,Medium,200,OK,true,307477,139,43,43,7,0,0
1637866007705,127,Small-Medium,200,OK,true,102714,139,43,43,13,0,7
1637866007280,553,Medium-Large,200,OK,true,512313,139,43,43,7,0,0
1637866007739,112,Small-Medium,200,OK,true,102713,139,43,43,8,0,0
1637866007810,62,Small,200,OK,true,51511,138,43,43,8,0,0
1637866007752,124,Small-Medium,200,OK,true,102713,139,43,43,7,0,0
1637866007553,328,Medium,200,OK,true,307513,139,43,43,8,0,0
1637866007615,314,Medium,200,OK,true,307513,139,43,43,6,0,0
1637866006882,1083,Large,200,OK,true,1048891,137,43,43,7,0,0
1637866007473,525,Medium-Large,200,OK,true,512313,139,43,43,7,0,0
1637866006893,1117,Large,200,OK,true,1048891,137,43,43,6,0,0
1637866006906,1130,Large,200,OK,true,1048891,137,43,43,8,0,0
1637866007726,320,Medium,200,OK,true,307513,139,43,43,7,0,0
1637866007526,548,Medium-Large,200,OK,true,512313,139,43,43,7,0,0
1637866006947,1152,Large,200,OK,true,1048891,137,43,43,7,0,0
1637866007767,355,Medium,200,OK,true,307513,139,43,43,7,0,0
1637866007813,324,Medium,200,OK,true,307513,139,43,43,6,0,0
1637866008037,118,Small-Medium,200,OK,true,102713,139,43,43,6,0,0
1637866007608,549,Medium-Large,200,OK,true,512313,139,43,43,7,0,0
1637866007606,554,Medium-Large,200,OK,true,512313,139,43,43,7,0,0
1637866008100,65,Small,200,OK,true,51511,138,43,43,6,0,0
1637866006931,1252,Large,200,OK,true,1048891,137,43,43,7,0,0
1637866007851,357,Medium,200,OK,true,307513,139,43,43,7,0,0
1637866008160,62,Small,200,OK,true,51511,138,43,43,8,0,0
1637866007879,355,Medium,200,OK,true,307513,139,43,43,7,0,0
1637866007881,354,Medium,200,OK,true,307513,139,43,43,7,0,0
1637866007110,1128,Large,200,OK,true,1048891,137,43,43,5,0,0
1637866007116,1129,Large,200,OK,true,1048891,137,43,43,6,0,0
1637866008137,111,Small-Medium,200,OK,true,102713,139,43,43,7,0,0
1637866007166,1097,Large,200,OK,true,1048891,137,43,43,6,0,0
1637866007670,593,Medium-Large,200,OK,true,512313,139,43,43,6,0,0
1637866007925,358,Medium,200,OK,true,307513,139,43,43,6,0,0
1637866007704,580,Medium-Large,200,OK,true,512313,139,43,43,7,0,0
1637866008239,59,Small,200,OK,true,51511,138,43,43,6,0,0
1637866007965,341,Medium,200,OK,true,307513,139,43,43,7,0,0
1637866008208,114,Small-Medium,200,OK,true,102713,139,43,43,8,0,0
1637866008272,58,Small,200,OK,true,51511,138,43,43,6,0,0
1637866007767,573,Medium-Large,200,OK,true,512313,139,43,43,7,0,0
1637866008285,57,Small,200,OK,true,51511,138,43,43,6,0,0
1637866007198,1150,Large,200,OK,true,1048891,137,43,43,7,0,0
1637866008245,110,Small-Medium,200,OK,true,102713,139,43,43,7,0,0
1637866007261,1102,Large,200,OK,true,1048891,137,43,43,6,0,0
1637866008306,58,Small,200,OK,true,51511,138,43,43,6,0,0
1637866007281,1116,Large,200,OK,true,1048891,137,43,43,7,0,0
1637866008348,53,Small,200,OK,true,51511,138,43,43,7,0,0
1637866007300,1127,Large,200,OK,true,1048891,137,43,43,8,0,0
1637866007332,1126,Large,200,OK,true,1048891,137,43,43,7,0,0
1637866008363,106,Small-Medium,200,OK,true,102713,139,43,43,7,0,0
1637866007348,1134,Large,200,OK,true,1048891,137,43,43,6,0,0
1637866008444,60,Small,200,OK,true,51511,138,43,43,6,0,0
1637866008183,328,Medium,200,OK,true,307513,139,43,43,6,0,0
1637866008457,60,Small,200,OK,true,51511,138,43,43,7,0,0
1637866007998,556,Medium-Large,200,OK,true,512313,139,43,43,8,0,0
1637866007416,1142,Large,200,OK,true,1048891,137,43,43,7,0,0
1637866007454,1107,Large,200,OK,true,1048891,137,43,43,7,0,0
1637866007472,1099,Large,200,OK,true,1048891,137,43,43,8,0,0
1637866007354,1218,Large,200,OK,true,1048891,137,43,43,6,0,0
1637866008234,341,Medium,200,OK,true,307513,139,43,43,8,0,0
1637866008477,118,Small-Medium,200,OK,true,102713,139,43,43,6,0,0
1637866008263,346,Medium,200,OK,true,307513,139,43,43,7,0,0
1637866008074,554,Medium-Large,200,OK,true,512313,139,43,43,7,0,0
1637866008283,351,Medium,200,OK,true,307513,139,43,43,6,0,0
1637866008558,112,Small-Medium,200,OK,true,102713,139,43,43,6,0,0
1637866008609,64,Small,200,OK,true,51511,138,43,43,6,0,0
1637866008634,60,Small,200,OK,true,51511,138,43,43,6,0,0
1637866008157,538,Medium-Large,200,OK,true,512313,139,43,43,7,0,0
1637866008616,114,Small-Medium,200,OK,true,102713,139,43,43,6,0,0
1637866007668,1074,Large,200,OK,true,1048891,137,43,43,7,0,0
1637866007613,1148,Large,200,OK,true,1048891,137,43,43,6,0,0
1637866008209,565,Medium-Large,200,OK,true,512313,139,43,43,7,0,0
1637866008235,552,Medium-Large,200,OK,true,512313,139,43,43,8,0,0
1637866007729,1062,Large,200,OK,true,1048891,137,43,43,7,0,0
1637866008263,539,Medium-Large,200,OK,true,512313,139,43,43,7,0,0
1637866007660,1143,Large,200,OK,true,1048891,137,43,43,7,0,0
1637866008309,533,Medium-Large,200,OK,true,512313,139,43,43,8,0,0
1637866008782,63,Small,200,OK,true,51511,138,43,43,7,0,0
1637866008788,60,Small,200,OK,true,51511,138,43,43,5,0,0
1637866007716,1133,Large,200,OK,true,1048890,137,43,43,7,0,0
1637866008804,62,Small,200,OK,true,51511,138,43,43,7,0,0
1637866008536,345,Medium,200,OK,true,307513,139,43,43,15,0,0
1637866008842,55,Small,200,OK,true,51511,138,43,43,7,0,0
1637866008849,58,Small,200,OK,true,51510,138,43,43,7,0,0
1637866007777,1155,Large,200,OK,true,1048891,137,43,43,7,0,0
1637866008380,553,Medium-Large,200,OK,true,512313,139,43,43,6,0,0
1637866008427,553,Medium-Large,200,OK,true,512313,139,43,43,7,0,0
1637866007828,1172,Large,200,OK,true,1048892,137,43,43,12,0,6
1637866007833,1168,Large,200,OK,true,1048891,137,43,43,7,0,0
1637866007911,1110,Large,200,OK,true,1048891,137,43,43,8,0,0
1637866008695,328,Medium,200,OK,true,307513,139,43,43,7,0,0
1637866008482,563,Medium-Large,200,OK,true,512313,139,43,43,7,0,0
1637866007929,1140,Large,200,OK,true,1048891,137,43,43,8,0,0
1637866008959,111,Small-Medium,200,OK,true,102713,139,43,43,6,0,0
1637866009014,57,Small,200,OK,true,51511,138,43,43,7,0,0
1637866008742,332,Medium,200,OK,true,307513,139,43,43,8,0,0
1637866008791,287,Medium,200,OK,true,307513,139,43,43,7,0,0
1637866008519,562,Medium-Large,200,OK,true,512313,139,43,43,7,0,0
1637866009021,66,Small,200,OK,true,51511,138,43,43,7,0,0
1637866007981,1107,Large,200,OK,true,1048891,137,43,43,8,0,0
1637866008976,113,Small-Medium,200,OK,true,102713,139,43,43,6,0,0
1637866008554,541,Medium-Large,200,OK,true,512313,139,43,43,7,0,0
1637866008561,538,Medium-Large,200,OK,true,512313,139,43,43,7,0,0
1637866008761,342,Medium,200,OK,true,307513,139,43,43,7,0,0
1637866009045,59,Small,200,OK,true,51511,138,43,43,7,0,0
1637866008774,336,Medium,200,OK,true,307513,139,43,43,6,0,0
1637866009001,118,Small-Medium,200,OK,true,102713,139,43,43,5,0,0
1637866008575,545,Medium-Large,200,OK,true,512313,139,43,43,7,0,0
1637866009024,101,Small-Medium,200,OK,true,102713,139,43,43,5,0,0
1637866008010,1121,Large,200,OK,true,1048891,137,43,43,7,0,0
1637866008046,1094,Large,200,OK,true,1048891,137,43,43,6,0,0
1637866008572,592,Medium-Large,200,OK,true,512313,139,43,43,7,0,0
1637866009110,57,Small,200,OK,true,51511,138,43,43,6,0,0
1637866008629,551,Medium-Large,200,OK,true,512313,139,43,43,6,0,0
1637866008882,312,Medium,200,OK,true,307513,139,43,43,5,0,0
1637866009089,106,Small-Medium,200,OK,true,102713,139,43,43,7,0,0
1637866009103,105,Small-Medium,200,OK,true,102713,139,43,43,6,0,0
1637866009148,63,Small,200,OK,true,51511,138,43,43,13,0,0
1637866009194,55,Small,200,OK,true,51511,138,43,43,7,0,0
1637866009196,56,Small,200,OK,true,51511,138,43,43,6,0,0
1637866009140,112,Small-Medium,200,OK,true,102713,139,43,43,6,0,0
1637866008932,324,Medium,200,OK,true,307513,139,43,43,8,0,0
1637866008933,339,Medium,200,OK,true,307513,139,43,43,15,0,0
1637866008980,295,Medium,200,OK,true,307513,139,43,43,7,0,0
1637866008954,331,Medium,200,OK,true,307513,139,43,43,13,0,0
1637866008122,1191,Large,200,OK,true,1048891,137,43,43,9,0,0
1637866008788,528,Medium-Large,200,OK,true,512313,139,43,43,6,0,0
1637866009273,57,Small,200,OK,true,51511,138,43,43,6,0,0
1637866009021,325,Medium,200,OK,true,307512,139,43,43,7,0,0
1637866008805,556,Medium-Large,200,OK,true,512313,139,43,43,7,0,0
1637866009078,292,Medium,200,OK,true,307513,139,43,43,8,0,0
1637866009316,60,Small,200,OK,true,51511,138,43,43,7,0,0
1637866009069,321,Medium,200,OK,true,307513,139,43,43,10,0,0
1637866009081,319,Medium,200,OK,true,307513,139,43,43,7,0,0
1637866009095,309,Medium,200,OK,true,307513,139,43,43,6,0,0
1637866009100,305,Medium,200,OK,true,307513,139,43,43,6,0,0
1637866009346,59,Small,200,OK,true,51475,138,43,43,6,0,0
1637866009366,56,Small,200,OK,true,51511,138,43,43,7,0,0
1637866008333,1097,Large,200,OK,true,1048891,137,43,43,6,0,0
1637866009187,307,Medium,200,OK,true,307513,139,43,43,6,0,0
1637866008397,1097,Large,200,OK,true,1048891,137,43,43,8,0,0
1637866009431,64,Small,200,OK,true,51511,138,43,43,6,0,0
1637866008340,1159,Large,200,OK,true,1048891,137,43,43,8,0,0
1637866008411,1103,Large,200,OK,true,1048891,137,43,43,6,0,0
1637866009164,350,Medium,200,OK,true,307513,139,43,43,6,0,0
1637866008417,1113,Large,200,OK,true,1048891,137,43,43,6,0,0
1637866009494,56,Small,200,OK,true,51511,138,43,43,6,0,0
1637866009216,340,Medium,200,OK,true,307513,139,43,43,7,0,0
1637866009001,567,Medium-Large,200,OK,true,512313,139,43,43,8,0,0
1637866009445,125,Small-Medium,200,OK,true,102713,139,43,43,6,0,0
1637866008458,1115,Large,200,OK,true,1048891,137,43,43,10,0,0
1637866009514,60,Small,200,OK,true,51511,138,43,43,7,0,0
1637866009261,321,Medium,200,OK,true,307513,139,43,43,6,0,0
1637866009074,525,Medium-Large,200,OK,true,512313,139,43,43,7,0,0
1637866009282,337,Medium,200,OK,true,307513,139,43,43,7,0,0
1637866009518,115,Small-Medium,200,OK,true,102714,139,43,43,13,0,7
1637866008571,1072,Large,200,OK,true,1048891,137,43,43,6,0,0
1637866009600,57,Small,200,OK,true,51511,138,43,43,7,0,0
1637866009120,545,Medium-Large,200,OK,true,512313,139,43,43,7,0,0
1637866009370,301,Medium,200,OK,true,307513,139,43,43,6,0,0
1637866009368,320,Medium,200,OK,true,307513,139,43,43,6,0,0
1637866008650,1063,Large,200,OK,true,1048891,137,43,43,7,0,0
1637866008628,1087,Large,200,OK,true,1048891,137,43,43,7,0,0
1637866008511,1208,Large,200,OK,true,1048891,137,43,43,7,0,0
1637866009665,57,Small,200,OK,true,51511,138,43,43,6,0,0
1637866009644,111,Small-Medium,200,OK,true,102713,139,43,43,7,0,0
1637866009665,108,Small-Medium,200,OK,true,102713,139,43,43,7,0,0
1637866009257,539,Medium-Large,200,OK,true,512313,139,43,43,6,0,0
1637866009688,112,Small-Medium,200,OK,true,102713,139,43,43,7,0,0
1637866009690,112,Small-Medium,200,OK,true,102713,139,43,43,5,0,0
1637866009494,311,Medium,200,OK,true,307513,139,43,43,7,0,0
1637866009275,541,Medium-Large,200,OK,true,512313,139,43,43,6,0,0
1637866008731,1105,Large,200,OK,true,1048891,137,43,43,6,0,0
1637866008802,1041,Large,200,OK,true,1048891,137,43,43,7,0,0
1637866009796,57,Small,200,OK,true,51511,138,43,43,9,0,0
1637866009537,323,Medium,200,OK,true,307513,139,43,43,8,0,0
1637866009313,553,Medium-Large,200,OK,true,512313,139,43,43,6,0,0
1637866009320,552,Medium-Large,200,OK,true,512313,139,43,43,6,0,0
1637866009817,57,Small,200,OK,true,51511,138,43,43,6,0,0
1637866009314,561,Medium-Large,200,OK,true,512313,139,43,43,6,0,0
1637866009390,536,Medium-Large,200,OK,true,512313,139,43,43,8,0,0
1637866009816,111,Small-Medium,200,OK,true,102713,139,43,43,6,0,0
1637866009603,337,Medium,200,OK,true,307513,139,43,43,6,0,0
1637866009400,542,Medium-Large,200,OK,true,512313,139,43,43,7,0,0
1637866009619,323,Medium,200,OK,true,307513,139,43,43,6,0,0
1637866009618,329,Medium,200,OK,true,307513,139,43,43,6,0,0
1637866009862,105,Small-Medium,200,OK,true,102713,139,43,43,7,0,0
1637866009875,112,Small-Medium,200,OK,true,102713,139,43,43,6,0,0
1637866009687,347,Medium,200,OK,true,307513,139,43,43,6,0,0
1637866009713,329,Medium,200,OK,true,307513,139,43,43,7,0,0
1637866009715,331,Medium,200,OK,true,307513,139,43,43,8,0,0
1637866009988,59,Small,200,OK,true,51511,138,43,43,6,0,0
1637866009940,111,Small-Medium,200,OK,true,102713,139,43,43,7,0,0
1637866009514,539,Medium-Large,200,OK,true,512313,139,43,43,7,0,0
1637866009499,571,Medium-Large,200,OK,true,512313,139,43,43,7,0,0
1637866009530,541,Medium-Large,200,OK,true,512313,139,43,43,7,0,0
1637866009988,119,Small-Medium,200,OK,true,102713,139,43,43,15,0,0
1637866009805,311,Medium,200,OK,true,307513,139,43,43,7,0,0
1637866009568,554,Medium-Large,200,OK,true,512313,139,43,43,7,0,0
1637866010071,59,Small,200,OK,true,51511,138,43,43,5,0,0
1637866010047,110,Small-Medium,200,OK,true,102713,139,43,43,7,0,0
1637866009843,322,Medium,200,OK,true,307513,139,43,43,7,0,0
1637866009836,337,Medium,200,OK,true,307513,139,43,43,7,0,0
1637866009671,504,Medium-Large,200,OK,true,512313,139,43,43,7,0,0
1637866010116,62,Small,200,OK,true,51511,138,43,43,16,0,0
1637866010122,57,Small,200,OK,true,51511,138,43,43,6,0,0
1637866010159,61,Small,200,OK,true,51511,138,43,43,14,0,0
1637866009131,1093,Large,200,OK,true,1048891,137,43,43,7,0,0
1637866009131,1109,Large,200,OK,true,1048891,137,43,43,7,0,0
1637866010219,63,Small,200,OK,true,51511,138,43,43,6,0,0
1637866009719,566,Medium-Large,200,OK,true,512313,139,43,43,7,0,0
1637866010160,126,Small-Medium,200,OK,true,102713,139,43,43,11,0,0
1637866010173,118,Small-Medium,200,OK,true,102713,139,43,43,6,0,0
1637866009194,1100,Large,200,OK,true,1048891,137,43,43,7,0,0
1637866009173,1136,Large,200,OK,true,1048891,137,43,43,7,0,0
1637866009772,559,Medium-Large,200,OK,true,512313,139,43,43,6,0,0
1637866010287,52,Small,200,OK,true,51511,138,43,43,7,0,0
1637866009275,1072,Large,200,OK,true,1048891,137,43,43,6,0,0
1637866010042,318,Medium,200,OK,true,307513,139,43,43,11,0,0
1637866009180,1192,Large,200,OK,true,1048891,137,43,43,6,0,0
1637866010053,327,Medium,200,OK,true,307513,139,43,43,7,0,0
1637866010331,54,Small,200,OK,true,51511,138,43,43,6,0,0
1637866009860,544,Medium-Large,200,OK,true,512313,139,43,43,7,0,0
1637866010071,343,Medium,200,OK,true,307513,139,43,43,7,0,0
1637866009285,1142,Large,200,OK,true,1048891,137,43,43,6,0,0
1637866010348,114,Small-Medium,200,OK,true,102713,139,43,43,6,0,0
1637866010175,291,Medium,200,OK,true,307513,139,43,43,7,0,0
1637866010165,319,Medium,200,OK,true,307513,139,43,43,9,0,0
1637866009404,1084,Large,200,OK,true,1048891,137,43,43,8,0,0
1637866009405,1102,Large,200,OK,true,1048891,137,43,43,6,0,0
1637866010391,117,Small-Medium,200,OK,true,102713,139,43,43,6,0,0
1637866009361,1147,Large,200,OK,true,1048890,137,43,43,7,0,0
1637866010459,56,Small,200,OK,true,51511,138,43,43,6,0,0
1637866009942,574,Medium-Large,200,OK,true,512313,139,42,42,8,0,0
1637866010427,115,Small-Medium,200,OK,true,102713,139,42,42,7,0,0
1637866010033,512,Medium-Large,200,OK,true,512313,139,41,41,8,0,0
1637866010224,343,Medium,200,OK,true,307513,139,41,41,7,0,0
1637866010294,332,Medium,200,OK,true,307513,139,40,40,7,0,0
1637866010047,580,Medium-Large,200,OK,true,512313,139,39,39,7,0,0
1637866009489,1145,Large,200,OK,true,1048891,137,38,38,6,0,0
1637866010034,605,Medium-Large,200,OK,true,512313,139,37,37,7,0,0
1637866010545,100,Small-Medium,200,OK,true,102713,139,36,36,7,0,0
1637866009556,1111,Large,200,OK,true,1048891,137,35,35,6,0,0
1637866010563,106,Small-Medium,200,OK,true,102713,139,34,34,7,0,0
1637866010360,316,Medium,200,OK,true,307513,139,33,33,6,0,0
1637866009582,1106,Large,200,OK,true,1048891,137,32,32,7,0,0
1637866010380,329,Medium,200,OK,true,307513,139,31,31,6,0,0
1637866009573,1136,Large,200,OK,true,1048891,137,31,31,7,0,0
1637866010372,340,Medium,200,OK,true,307513,139,29,29,7,0,0
1637866010466,256,Medium,200,OK,true,307513,139,28,28,7,0,0
1637866010503,255,Medium,200,OK,true,307513,139,27,27,7,0,0
1637866010346,452,Medium-Large,200,OK,true,512313,139,26,26,7,0,0
1637866010331,468,Medium-Large,200,OK,true,512313,139,25,25,6,0,0
1637866010285,524,Medium-Large,200,OK,true,512313,139,24,24,8,0,0
1637866009838,990,Large,200,OK,true,1048891,137,23,23,7,0,0
1637866010404,429,Medium-Large,200,OK,true,512313,139,22,22,7,0,0
1637866009860,980,Large,200,OK,true,1048891,137,21,21,7,0,0
1637866010488,369,Medium-Large,200,OK,true,512313,139,20,20,12,0,0
1637866010485,375,Medium-Large,200,OK,true,512313,139,19,19,18,0,0
1637866009873,1000,Large,200,OK,true,1048891,137,18,18,7,0,0
1637866010520,354,Medium-Large,200,OK,true,512313,139,17,17,6,0,0
1637866009926,955,Large,200,OK,true,1048891,137,16,16,7,0,0
1637866009836,1051,Large,200,OK,true,1048891,137,15,15,9,0,0
1637866009968,920,Large,200,OK,true,1048891,137,14,14,6,0,0
1637866009866,1026,Large,200,OK,true,1048891,137,13,13,7,0,0
1637866009943,954,Large,200,OK,true,1048891,137,12,12,10,0,0
1637866009947,967,Large,200,OK,true,1048890,137,11,11,7,0,0
1637866010112,804,Large,200,OK,true,1048891,137,10,10,7,0,0
1637866010240,701,Large,200,OK,true,1048891,137,9,9,6,0,0
1637866010507,447,Large,200,OK,true,1048891,137,8,8,5,0,0
1637866010332,624,Large,200,OK,true,1048891,137,7,7,7,0,0
1637866010293,672,Large,200,OK,true,1048891,137,6,6,6,0,0
1637866010414,553,Large,200,OK,true,1048891,137,5,5,7,0,0
1637866010516,458,Large,200,OK,true,1048891,137,4,4,7,0,0
1637866010309,667,Large,200,OK,true,1048891,137,3,3,7,0,0
1637866010508,471,Large,200,OK,true,1048890,137,2,2,6,0,0
1637866010242,738,Large,200,OK,true,1048891,137,1,1,6,0,0
